Id:,26057
Estación:,NACO-SON
Posición:,31.3269444444N -109.948888889W
Variable:,Precipitación (mm)
Fecha Inicial:,01/01/1931
Fecha Final:,08/01/2011
No Dato:,nan
Mes,Día,Anio,Datos
01,01,1931,0.0
01,02,1931,0.0
01,03,1931,0.0
01,04,1931,0.0
01,05,1931,0.0
01,06,1931,0.0
01,07,1931,0.0
01,08,1931,0.0
01,09,1931,0.0
01,10,1931,0.0
01,11,1931,0.0
01,12,1931,0.0
01,13,1931,0.0
01,14,1931,0.0
01,15,1931,0.0
01,16,1931,0.0
01,17,1931,0.0
01,18,1931,0.0
01,19,1931,0.0
01,20,1931,0.0
01,21,1931,0.0
01,22,1931,0.0
01,23,1931,0.0
01,24,1931,0.0
01,25,1931,0.0
01,26,1931,0.0
01,27,1931,8.0
01,28,1931,5.0
01,29,1931,0.0
01,30,1931,0.0
01,31,1931,0.0
02,01,1931,0.0
02,02,1931,0.0
02,03,1931,0.0
02,04,1931,8.0
02,05,1931,10.0
02,06,1931,0.0
02,07,1931,0.0
02,08,1931,0.0
02,09,1931,0.0
02,10,1931,35.0
02,11,1931,0.0
02,12,1931,30.0
02,13,1931,15.0
02,14,1931,8.0
02,15,1931,0.0
02,16,1931,0.0
02,17,1931,0.0
02,18,1931,0.0
02,19,1931,0.0
02,20,1931,0.0
02,21,1931,0.0
02,22,1931,0.0
02,23,1931,0.0
02,24,1931,0.0
02,25,1931,0.0
02,26,1931,8.0
02,27,1931,0.0
02,28,1931,0.0
03,01,1931,0.0
03,02,1931,0.0
03,03,1931,0.0
03,04,1931,0.0
03,05,1931,0.0
03,06,1931,0.0
03,07,1931,0.0
03,08,1931,0.0
03,09,1931,0.0
03,10,1931,0.0
03,11,1931,0.0
03,12,1931,0.0
03,13,1931,0.0
03,14,1931,0.0
03,15,1931,0.0
03,16,1931,0.0
03,17,1931,0.0
03,18,1931,0.0
03,19,1931,0.0
03,20,1931,0.0
03,21,1931,0.0
03,22,1931,0.0
03,23,1931,0.0
03,24,1931,0.0
03,25,1931,0.0
03,26,1931,27.0
03,27,1931,0.0
03,28,1931,0.0
03,29,1931,0.0
03,30,1931,0.0
03,31,1931,0.0
04,01,1931,0.0
04,02,1931,0.0
04,03,1931,0.0
04,04,1931,0.0
04,05,1931,0.0
04,06,1931,0.0
04,07,1931,0.0
04,08,1931,0.0
04,09,1931,0.0
04,10,1931,0.0
04,11,1931,0.0
04,12,1931,0.0
04,13,1931,0.0
04,14,1931,0.0
04,15,1931,0.0
04,16,1931,0.0
04,17,1931,0.0
04,18,1931,0.0
04,19,1931,0.0
04,20,1931,0.0
04,21,1931,0.0
04,22,1931,15.0
04,23,1931,0.0
04,24,1931,0.0
04,25,1931,0.0
04,26,1931,0.0
04,27,1931,5.0
04,28,1931,6.0
04,29,1931,0.0
04,30,1931,0.0
05,01,1931,0.0
05,02,1931,0.0
05,03,1931,0.0
05,04,1931,0.0
05,05,1931,0.0
05,06,1931,0.0
05,07,1931,0.0
05,08,1931,0.0
05,09,1931,0.0
05,10,1931,0.0
05,11,1931,0.0
05,12,1931,0.0
05,13,1931,0.0
05,14,1931,3.0
05,15,1931,0.0
05,16,1931,0.0
05,17,1931,0.0
05,18,1931,0.0
05,19,1931,0.0
05,20,1931,0.0
05,21,1931,0.0
05,22,1931,0.0
05,23,1931,0.0
05,24,1931,0.0
05,25,1931,0.0
05,26,1931,0.0
05,27,1931,0.0
05,28,1931,0.0
05,29,1931,0.0
05,30,1931,0.0
05,31,1931,0.0
06,01,1931,0.0
06,02,1931,0.0
06,03,1931,0.0
06,04,1931,0.0
06,05,1931,0.0
06,06,1931,0.0
06,07,1931,0.0
06,08,1931,0.0
06,09,1931,0.0
06,10,1931,0.0
06,11,1931,0.0
06,12,1931,0.0
06,13,1931,0.0
06,14,1931,0.0
06,15,1931,0.0
06,16,1931,0.0
06,17,1931,0.0
06,18,1931,0.0
06,19,1931,0.0
06,20,1931,0.0
06,21,1931,0.0
06,22,1931,0.0
06,23,1931,0.0
06,24,1931,8.0
06,25,1931,0.0
06,26,1931,0.0
06,27,1931,0.0
06,28,1931,0.0
06,29,1931,7.0
06,30,1931,0.0
07,01,1931,0.0
07,02,1931,17.0
07,03,1931,7.0
07,04,1931,0.0
07,05,1931,0.0
07,06,1931,0.0
07,07,1931,0.0
07,08,1931,0.0
07,09,1931,0.0
07,10,1931,0.0
07,11,1931,0.0
07,12,1931,0.0
07,13,1931,0.0
07,14,1931,11.0
07,15,1931,0.0
07,16,1931,0.0
07,17,1931,0.0
07,18,1931,0.0
07,19,1931,10.0
07,20,1931,0.0
07,21,1931,0.0
07,22,1931,0.0
07,23,1931,0.0
07,24,1931,0.0
07,25,1931,0.0
07,26,1931,0.0
07,27,1931,0.0
07,28,1931,0.0
07,29,1931,12.0
07,30,1931,7.0
07,31,1931,0.0
08,01,1931,0.0
08,02,1931,32.0
08,03,1931,0.0
08,04,1931,16.0
08,05,1931,11.0
08,06,1931,0.0
08,07,1931,0.0
08,08,1931,24.0
08,09,1931,19.0
08,10,1931,0.0
08,11,1931,0.0
08,12,1931,0.0
08,13,1931,0.0
08,14,1931,0.0
08,15,1931,0.0
08,16,1931,0.0
08,17,1931,0.0
08,18,1931,0.0
08,19,1931,0.0
08,20,1931,0.0
08,21,1931,0.0
08,22,1931,0.0
08,23,1931,0.0
08,24,1931,0.0
08,25,1931,0.0
08,26,1931,0.0
08,27,1931,0.0
08,28,1931,0.0
08,29,1931,8.0
08,30,1931,0.0
08,31,1931,0.0
09,01,1931,34.0
09,02,1931,0.0
09,03,1931,0.0
09,04,1931,0.0
09,05,1931,0.0
09,06,1931,0.0
09,07,1931,0.0
09,08,1931,0.0
09,09,1931,0.0
09,10,1931,0.0
09,11,1931,0.0
09,12,1931,0.0
09,13,1931,18.0
09,14,1931,0.0
09,15,1931,0.0
09,16,1931,0.0
09,17,1931,0.0
09,18,1931,0.0
09,19,1931,9.0
09,20,1931,0.0
09,21,1931,0.0
09,22,1931,0.0
09,23,1931,0.0
09,24,1931,0.0
09,25,1931,0.0
09,26,1931,0.0
09,27,1931,0.0
09,28,1931,0.0
09,29,1931,0.0
09,30,1931,0.0
10,01,1931,0.0
10,02,1931,0.0
10,03,1931,0.0
10,04,1931,0.0
10,05,1931,0.0
10,06,1931,0.0
10,07,1931,0.0
10,08,1931,0.0
10,09,1931,0.0
10,10,1931,0.0
10,11,1931,0.0
10,12,1931,0.0
10,13,1931,0.0
10,14,1931,0.0
10,15,1931,0.0
10,16,1931,0.0
10,17,1931,0.0
10,18,1931,0.0
10,19,1931,0.0
10,20,1931,0.0
10,21,1931,0.0
10,22,1931,0.0
10,23,1931,0.0
10,24,1931,0.0
10,25,1931,0.0
10,26,1931,0.0
10,27,1931,0.0
10,28,1931,0.0
10,29,1931,0.0
10,30,1931,0.0
10,31,1931,0.0
11,01,1931,0.0
11,02,1931,0.0
11,03,1931,0.0
11,04,1931,0.0
11,05,1931,0.0
11,06,1931,0.0
11,07,1931,0.0
11,08,1931,5.0
11,09,1931,0.0
11,10,1931,0.0
11,11,1931,0.0
11,12,1931,0.0
11,13,1931,0.0
11,14,1931,0.0
11,15,1931,0.0
11,16,1931,9.0
11,17,1931,0.0
11,18,1931,0.0
11,19,1931,0.0
11,20,1931,0.0
11,21,1931,0.0
11,22,1931,39.0
11,23,1931,0.0
11,24,1931,0.0
11,25,1931,4.0
11,26,1931,0.0
11,27,1931,0.0
11,28,1931,0.0
11,29,1931,0.0
11,30,1931,0.0
12,01,1931,0.0
12,02,1931,0.0
12,03,1931,0.0
12,04,1931,0.0
12,05,1931,0.0
12,06,1931,0.0
12,07,1931,0.0
12,08,1931,0.0
12,09,1931,0.0
12,10,1931,25.0
12,11,1931,0.0
12,12,1931,0.0
12,13,1931,0.0
12,14,1931,0.0
12,15,1931,0.0
12,16,1931,0.0
12,17,1931,0.0
12,18,1931,0.0
12,19,1931,0.0
12,20,1931,0.0
12,21,1931,0.0
12,22,1931,0.0
12,23,1931,0.0
12,24,1931,0.0
12,25,1931,0.0
12,26,1931,0.0
12,27,1931,0.0
12,28,1931,0.0
12,29,1931,0.0
12,30,1931,0.0
12,31,1931,0.0
01,01,1932,0.0
01,02,1932,0.0
01,03,1932,3.0
01,04,1932,0.0
01,05,1932,0.0
01,06,1932,0.0
01,07,1932,0.0
01,08,1932,0.0
01,09,1932,0.0
01,10,1932,0.0
01,11,1932,0.0
01,12,1932,5.0
01,13,1932,7.0
01,14,1932,10.0
01,15,1932,0.0
01,16,1932,0.0
01,17,1932,0.0
01,18,1932,0.0
01,19,1932,0.0
01,20,1932,0.0
01,21,1932,0.0
01,22,1932,0.0
01,23,1932,0.0
01,24,1932,0.0
01,25,1932,0.0
01,26,1932,0.0
01,27,1932,0.0
01,28,1932,0.0
01,29,1932,0.0
01,30,1932,0.0
01,31,1932,0.0
02,01,1932,0.0
02,02,1932,0.0
02,03,1932,0.0
02,04,1932,0.0
02,05,1932,0.0
02,06,1932,0.0
02,07,1932,0.0
02,08,1932,0.0
02,09,1932,0.0
02,10,1932,0.0
02,11,1932,39.0
02,12,1932,0.0
02,13,1932,0.0
02,14,1932,0.0
02,15,1932,0.0
02,16,1932,0.0
02,17,1932,0.0
02,18,1932,0.0
02,19,1932,10.0
02,20,1932,0.0
02,21,1932,0.0
02,22,1932,0.0
02,23,1932,0.0
02,24,1932,0.0
02,25,1932,0.0
02,26,1932,0.0
02,27,1932,15.0
02,28,1932,0.0
02,29,1932,0.0
03,01,1932,0.0
03,02,1932,0.0
03,03,1932,0.0
03,04,1932,15.0
03,05,1932,0.0
03,06,1932,0.0
03,07,1932,0.0
03,08,1932,0.0
03,09,1932,0.0
03,10,1932,0.0
03,11,1932,0.0
03,12,1932,0.0
03,13,1932,0.0
03,14,1932,0.0
03,15,1932,0.0
03,16,1932,0.0
03,17,1932,0.0
03,18,1932,0.0
03,19,1932,0.0
03,20,1932,0.0
03,21,1932,0.0
03,22,1932,0.0
03,23,1932,0.0
03,24,1932,0.0
03,25,1932,0.0
03,26,1932,0.0
03,27,1932,0.0
03,28,1932,0.0
03,29,1932,0.0
03,30,1932,0.0
03,31,1932,0.0
04,01,1932,0.0
04,02,1932,0.0
04,03,1932,0.0
04,04,1932,0.0
04,05,1932,0.0
04,06,1932,0.0
04,07,1932,0.0
04,08,1932,0.0
04,09,1932,0.0
04,10,1932,0.0
04,11,1932,0.0
04,12,1932,0.0
04,13,1932,0.0
04,14,1932,0.0
04,15,1932,0.0
04,16,1932,0.0
04,17,1932,0.0
04,18,1932,0.0
04,19,1932,0.0
04,20,1932,0.0
04,21,1932,0.0
04,22,1932,0.0
04,23,1932,0.0
04,24,1932,0.0
04,25,1932,0.0
04,26,1932,0.0
04,27,1932,0.0
04,28,1932,0.0
04,29,1932,0.0
04,30,1932,0.0
05,01,1932,0.0
05,02,1932,0.0
05,03,1932,0.0
05,04,1932,0.0
05,05,1932,0.0
05,06,1932,0.0
05,07,1932,0.0
05,08,1932,0.0
05,09,1932,0.0
05,10,1932,0.0
05,11,1932,0.0
05,12,1932,0.0
05,13,1932,0.0
05,14,1932,0.0
05,15,1932,0.0
05,16,1932,0.0
05,17,1932,0.0
05,18,1932,0.0
05,19,1932,0.0
05,20,1932,0.0
05,21,1932,0.0
05,22,1932,0.0
05,23,1932,0.0
05,24,1932,0.0
05,25,1932,0.0
05,26,1932,0.0
05,27,1932,0.0
05,28,1932,0.0
05,29,1932,0.0
05,30,1932,0.0
05,31,1932,0.0
06,01,1932,0.0
06,02,1932,0.0
06,03,1932,0.0
06,04,1932,0.0
06,05,1932,0.0
06,06,1932,0.0
06,07,1932,0.0
06,08,1932,0.0
06,09,1932,0.0
06,10,1932,0.0
06,11,1932,0.0
06,12,1932,0.0
06,13,1932,0.0
06,14,1932,0.0
06,15,1932,0.0
06,16,1932,0.0
06,17,1932,0.0
06,18,1932,0.0
06,19,1932,0.0
06,20,1932,0.0
06,21,1932,0.0
06,22,1932,0.0
06,23,1932,0.0
06,24,1932,0.0
06,25,1932,0.0
06,26,1932,0.0
06,27,1932,0.0
06,28,1932,0.0
06,29,1932,0.0
06,30,1932,0.0
07,01,1932,null
07,02,1932,null
07,03,1932,null
07,04,1932,null
07,05,1932,null
07,06,1932,null
07,07,1932,null
07,08,1932,44.0
07,09,1932,null
07,10,1932,null
07,11,1932,null
07,12,1932,null
07,13,1932,null
07,14,1932,null
07,15,1932,null
07,16,1932,null
07,17,1932,null
07,18,1932,null
07,19,1932,null
07,20,1932,null
07,21,1932,null
07,22,1932,0.0
07,23,1932,0.0
07,24,1932,37.0
07,25,1932,0.0
07,26,1932,0.0
07,27,1932,5.0
07,28,1932,0.0
07,29,1932,15.0
07,30,1932,15.0
07,31,1932,20.0
08,01,1932,0.0
08,02,1932,0.0
08,03,1932,0.0
08,04,1932,0.0
08,05,1932,0.0
08,06,1932,0.0
08,07,1932,0.0
08,08,1932,0.0
08,09,1932,100.0
08,10,1932,0.0
08,11,1932,0.0
08,12,1932,0.0
08,13,1932,0.0
08,14,1932,0.0
08,15,1932,0.0
08,16,1932,0.0
08,17,1932,0.0
08,18,1932,0.0
08,19,1932,0.0
08,20,1932,0.0
08,21,1932,0.0
08,22,1932,0.0
08,23,1932,0.0
08,24,1932,0.0
08,25,1932,0.0
08,26,1932,0.0
08,27,1932,0.0
08,28,1932,0.0
08,29,1932,0.0
08,30,1932,0.0
08,31,1932,0.0
09,01,1932,0.0
09,02,1932,0.0
09,03,1932,0.0
09,04,1932,0.0
09,05,1932,0.0
09,06,1932,0.0
09,07,1932,0.0
09,08,1932,0.0
09,09,1932,0.0
09,10,1932,0.0
09,11,1932,24.0
09,12,1932,0.0
09,13,1932,0.0
09,14,1932,0.0
09,15,1932,0.0
09,16,1932,0.0
09,17,1932,0.0
09,18,1932,0.0
09,19,1932,0.0
09,20,1932,0.0
09,21,1932,0.0
09,22,1932,0.0
09,23,1932,15.0
09,24,1932,0.0
09,25,1932,24.0
09,26,1932,0.0
09,27,1932,0.0
09,28,1932,0.0
09,29,1932,0.0
09,30,1932,0.0
10,01,1932,0.0
10,02,1932,0.0
10,03,1932,0.0
10,04,1932,0.0
10,05,1932,0.0
10,06,1932,0.0
10,07,1932,0.0
10,08,1932,0.0
10,09,1932,0.0
10,10,1932,0.0
10,11,1932,0.0
10,12,1932,17.0
10,13,1932,0.0
10,14,1932,0.0
10,15,1932,0.0
10,16,1932,0.0
10,17,1932,0.0
10,18,1932,0.0
10,19,1932,0.0
10,20,1932,0.0
10,21,1932,0.0
10,22,1932,0.0
10,23,1932,0.0
10,24,1932,0.0
10,25,1932,0.0
10,26,1932,0.0
10,27,1932,0.0
10,28,1932,0.0
10,29,1932,0.0
10,30,1932,0.0
10,31,1932,0.0
11,01,1932,0.0
11,02,1932,0.0
11,03,1932,0.0
11,04,1932,0.0
11,05,1932,0.0
11,06,1932,0.0
11,07,1932,0.0
11,08,1932,0.0
11,09,1932,0.0
11,10,1932,0.0
11,11,1932,0.0
11,12,1932,0.0
11,13,1932,0.0
11,14,1932,0.0
11,15,1932,0.0
11,16,1932,0.0
11,17,1932,0.0
11,18,1932,0.0
11,19,1932,0.0
11,20,1932,0.0
11,21,1932,0.0
11,22,1932,0.0
11,23,1932,0.0
11,24,1932,0.0
11,25,1932,0.0
11,26,1932,0.0
11,27,1932,0.0
11,28,1932,0.0
11,29,1932,0.0
11,30,1932,0.0
12,01,1932,0.0
12,02,1932,0.0
12,03,1932,0.0
12,04,1932,0.0
12,05,1932,0.0
12,06,1932,0.0
12,07,1932,0.0
12,08,1932,0.0
12,09,1932,0.0
12,10,1932,0.0
12,11,1932,0.0
12,12,1932,0.0
12,13,1932,12.0
12,14,1932,15.0
12,15,1932,0.0
12,16,1932,0.0
12,17,1932,0.0
12,18,1932,0.0
12,19,1932,0.0
12,20,1932,0.0
12,21,1932,0.0
12,22,1932,0.0
12,23,1932,0.0
12,24,1932,0.0
12,25,1932,0.0
12,26,1932,0.0
12,27,1932,0.0
12,28,1932,0.0
12,29,1932,0.0
12,30,1932,0.0
12,31,1932,0.0
01,01,1933,0.0
01,02,1933,0.0
01,03,1933,0.0
01,04,1933,0.0
01,05,1933,0.0
01,06,1933,10.0
01,07,1933,0.0
01,08,1933,0.0
01,09,1933,0.0
01,10,1933,0.0
01,11,1933,0.0
01,12,1933,0.0
01,13,1933,0.0
01,14,1933,0.0
01,15,1933,0.0
01,16,1933,0.0
01,17,1933,35.0
01,18,1933,0.0
01,19,1933,0.0
01,20,1933,15.0
01,21,1933,0.0
01,22,1933,0.0
01,23,1933,0.0
01,24,1933,0.0
01,25,1933,0.0
01,26,1933,0.0
01,27,1933,0.0
01,28,1933,0.0
01,29,1933,0.0
01,30,1933,0.0
01,31,1933,0.0
02,01,1933,0.0
02,02,1933,0.0
02,03,1933,0.0
02,04,1933,0.0
02,05,1933,0.0
02,06,1933,0.0
02,07,1933,25.0
02,08,1933,0.0
02,09,1933,0.0
02,10,1933,0.0
02,11,1933,0.0
02,12,1933,0.0
02,13,1933,0.0
02,14,1933,0.0
02,15,1933,0.0
02,16,1933,0.0
02,17,1933,0.0
02,18,1933,0.0
02,19,1933,0.0
02,20,1933,0.0
02,21,1933,0.0
02,22,1933,0.0
02,23,1933,0.0
02,24,1933,0.0
02,25,1933,35.0
02,26,1933,0.0
02,27,1933,0.0
02,28,1933,0.0
03,01,1933,0.0
03,02,1933,0.0
03,03,1933,0.0
03,04,1933,0.0
03,05,1933,0.0
03,06,1933,0.0
03,07,1933,0.0
03,08,1933,0.0
03,09,1933,0.0
03,10,1933,0.0
03,11,1933,0.0
03,12,1933,0.0
03,13,1933,0.0
03,14,1933,0.0
03,15,1933,0.0
03,16,1933,0.0
03,17,1933,0.0
03,18,1933,0.0
03,19,1933,0.0
03,20,1933,0.0
03,21,1933,0.0
03,22,1933,0.0
03,23,1933,0.0
03,24,1933,0.0
03,25,1933,0.0
03,26,1933,0.0
03,27,1933,0.0
03,28,1933,0.0
03,29,1933,0.0
03,30,1933,0.0
03,31,1933,0.0
04,01,1933,0.0
04,02,1933,0.0
04,03,1933,0.0
04,04,1933,0.0
04,05,1933,0.0
04,06,1933,0.0
04,07,1933,0.0
04,08,1933,0.0
04,09,1933,0.0
04,10,1933,0.0
04,11,1933,0.0
04,12,1933,0.0
04,13,1933,0.0
04,14,1933,0.0
04,15,1933,0.0
04,16,1933,0.0
04,17,1933,0.0
04,18,1933,0.0
04,19,1933,0.0
04,20,1933,0.0
04,21,1933,0.0
04,22,1933,0.0
04,23,1933,0.0
04,24,1933,0.0
04,25,1933,0.0
04,26,1933,0.0
04,27,1933,0.0
04,28,1933,0.0
04,29,1933,0.0
04,30,1933,0.0
05,01,1933,0.0
05,02,1933,0.0
05,03,1933,0.0
05,04,1933,0.0
05,05,1933,0.0
05,06,1933,0.0
05,07,1933,0.0
05,08,1933,0.0
05,09,1933,0.0
05,10,1933,0.0
05,11,1933,0.0
05,12,1933,0.0
05,13,1933,0.0
05,14,1933,0.0
05,15,1933,0.0
05,16,1933,0.0
05,17,1933,0.0
05,18,1933,0.0
05,19,1933,0.0
05,20,1933,0.0
05,21,1933,0.0
05,22,1933,0.0
05,23,1933,0.0
05,24,1933,0.0
05,25,1933,0.0
05,26,1933,0.0
05,27,1933,0.0
05,28,1933,0.0
05,29,1933,0.0
05,30,1933,0.0
05,31,1933,0.0
06,01,1933,0.0
06,02,1933,0.0
06,03,1933,0.0
06,04,1933,0.0
06,05,1933,0.0
06,06,1933,0.0
06,07,1933,0.0
06,08,1933,0.0
06,09,1933,0.0
06,10,1933,0.0
06,11,1933,0.0
06,12,1933,0.0
06,13,1933,0.0
06,14,1933,0.0
06,15,1933,0.0
06,16,1933,0.0
06,17,1933,0.0
06,18,1933,0.0
06,19,1933,0.0
06,20,1933,5.0
06,21,1933,0.0
06,22,1933,0.0
06,23,1933,0.0
06,24,1933,0.0
06,25,1933,4.0
06,26,1933,0.0
06,27,1933,0.0
06,28,1933,0.0
06,29,1933,0.0
06,30,1933,0.0
07,01,1933,0.0
07,02,1933,0.0
07,03,1933,0.0
07,04,1933,0.0
07,05,1933,0.0
07,06,1933,0.0
07,07,1933,0.0
07,08,1933,0.0
07,09,1933,15.0
07,10,1933,0.0
07,11,1933,0.0
07,12,1933,10.0
07,13,1933,0.0
07,14,1933,0.0
07,15,1933,20.0
07,16,1933,0.0
07,17,1933,35.0
07,18,1933,0.0
07,19,1933,10.0
07,20,1933,0.0
07,21,1933,0.0
07,22,1933,10.0
07,23,1933,0.0
07,24,1933,0.0
07,25,1933,0.0
07,26,1933,0.0
07,27,1933,0.0
07,28,1933,15.0
07,29,1933,0.0
07,30,1933,0.0
07,31,1933,0.0
08,01,1933,0.0
08,02,1933,0.0
08,03,1933,0.0
08,04,1933,10.0
08,05,1933,0.0
08,06,1933,0.0
08,07,1933,55.0
08,08,1933,0.0
08,09,1933,0.0
08,10,1933,0.0
08,11,1933,0.0
08,12,1933,0.0
08,13,1933,0.0
08,14,1933,15.0
08,15,1933,0.0
08,16,1933,10.0
08,17,1933,0.0
08,18,1933,0.0
08,19,1933,0.0
08,20,1933,0.0
08,21,1933,0.0
08,22,1933,0.0
08,23,1933,0.0
08,24,1933,0.0
08,25,1933,0.0
08,26,1933,0.0
08,27,1933,0.0
08,28,1933,0.0
08,29,1933,0.0
08,30,1933,0.0
08,31,1933,0.0
09,01,1933,0.0
09,02,1933,0.0
09,03,1933,0.0
09,04,1933,0.0
09,05,1933,0.0
09,06,1933,0.0
09,07,1933,0.0
09,08,1933,45.0
09,09,1933,0.0
09,10,1933,0.0
09,11,1933,0.0
09,12,1933,0.0
09,13,1933,0.0
09,14,1933,0.0
09,15,1933,0.0
09,16,1933,0.0
09,17,1933,40.0
09,18,1933,0.0
09,19,1933,0.0
09,20,1933,0.0
09,21,1933,0.0
09,22,1933,0.0
09,23,1933,0.0
09,24,1933,0.0
09,25,1933,0.0
09,26,1933,0.0
09,27,1933,0.0
09,28,1933,0.0
09,29,1933,0.0
09,30,1933,0.0
10,01,1933,0.0
10,02,1933,0.0
10,03,1933,0.0
10,04,1933,0.0
10,05,1933,0.0
10,06,1933,0.0
10,07,1933,0.0
10,08,1933,15.0
10,09,1933,35.0
10,10,1933,0.0
10,11,1933,0.0
10,12,1933,0.0
10,13,1933,0.0
10,14,1933,0.0
10,15,1933,0.0
10,16,1933,0.0
10,17,1933,0.0
10,18,1933,0.0
10,19,1933,0.0
10,20,1933,0.0
10,21,1933,0.0
10,22,1933,0.0
10,23,1933,0.0
10,24,1933,0.0
10,25,1933,0.0
10,26,1933,0.0
10,27,1933,0.0
10,28,1933,0.0
10,29,1933,0.0
10,30,1933,0.0
10,31,1933,0.0
11,01,1933,0.0
11,02,1933,0.0
11,03,1933,0.0
11,04,1933,0.0
11,05,1933,0.0
11,06,1933,0.0
11,07,1933,0.0
11,08,1933,0.0
11,09,1933,0.0
11,10,1933,0.0
11,11,1933,0.0
11,12,1933,0.0
11,13,1933,0.0
11,14,1933,0.0
11,15,1933,0.0
11,16,1933,0.0
11,17,1933,0.0
11,18,1933,0.0
11,19,1933,0.0
11,20,1933,0.0
11,21,1933,0.0
11,22,1933,0.0
11,23,1933,0.0
11,24,1933,0.0
11,25,1933,0.0
11,26,1933,0.0
11,27,1933,0.0
11,28,1933,25.0
11,29,1933,20.0
11,30,1933,0.0
12,01,1933,0.0
12,02,1933,0.0
12,03,1933,0.0
12,04,1933,0.0
12,05,1933,0.0
12,06,1933,0.0
12,07,1933,0.0
12,08,1933,0.0
12,09,1933,0.0
12,10,1933,0.0
12,11,1933,0.0
12,12,1933,0.0
12,13,1933,0.0
12,14,1933,0.0
12,15,1933,0.0
12,16,1933,0.0
12,17,1933,0.0
12,18,1933,0.0
12,19,1933,0.0
12,20,1933,0.0
12,21,1933,0.0
12,22,1933,0.0
12,23,1933,0.0
12,24,1933,0.0
12,25,1933,0.0
12,26,1933,0.0
12,27,1933,0.0
12,28,1933,0.0
12,29,1933,0.0
12,30,1933,0.0
12,31,1933,0.0
01,01,1934,0.0
01,02,1934,0.0
01,03,1934,0.0
01,04,1934,0.0
01,05,1934,0.0
01,06,1934,0.0
01,07,1934,0.0
01,08,1934,0.0
01,09,1934,0.0
01,10,1934,0.0
01,11,1934,0.0
01,12,1934,0.0
01,13,1934,0.0
01,14,1934,0.0
01,15,1934,0.0
01,16,1934,0.0
01,17,1934,0.0
01,18,1934,0.0
01,19,1934,0.0
01,20,1934,0.0
01,21,1934,0.0
01,22,1934,0.0
01,23,1934,0.0
01,24,1934,0.0
01,25,1934,0.0
01,26,1934,0.0
01,27,1934,0.0
01,28,1934,10.0
01,29,1934,0.0
01,30,1934,0.0
01,31,1934,0.0
02,01,1934,0.0
02,02,1934,0.0
02,03,1934,0.0
02,04,1934,0.0
02,05,1934,0.0
02,06,1934,0.0
02,07,1934,0.0
02,08,1934,0.0
02,09,1934,0.0
02,10,1934,0.0
02,11,1934,0.0
02,12,1934,0.0
02,13,1934,0.0
02,14,1934,0.0
02,15,1934,0.0
02,16,1934,0.0
02,17,1934,0.0
02,18,1934,0.0
02,19,1934,0.0
02,20,1934,0.0
02,21,1934,0.0
02,22,1934,0.0
02,23,1934,0.0
02,24,1934,12.0
02,25,1934,0.0
02,26,1934,0.0
02,27,1934,0.0
02,28,1934,0.0
03,01,1934,0.0
03,02,1934,0.0
03,03,1934,0.0
03,04,1934,0.0
03,05,1934,0.0
03,06,1934,0.0
03,07,1934,0.0
03,08,1934,0.0
03,09,1934,0.0
03,10,1934,0.0
03,11,1934,0.0
03,12,1934,0.0
03,13,1934,0.0
03,14,1934,0.0
03,15,1934,0.0
03,16,1934,0.0
03,17,1934,0.0
03,18,1934,0.0
03,19,1934,0.0
03,20,1934,0.0
03,21,1934,0.0
03,22,1934,0.0
03,23,1934,0.0
03,24,1934,0.0
03,25,1934,0.0
03,26,1934,0.0
03,27,1934,0.0
03,28,1934,0.0
03,29,1934,0.0
03,30,1934,0.0
03,31,1934,0.0
04,01,1934,0.0
04,02,1934,0.0
04,03,1934,0.0
04,04,1934,0.0
04,05,1934,0.0
04,06,1934,0.0
04,07,1934,0.0
04,08,1934,0.0
04,09,1934,0.0
04,10,1934,0.0
04,11,1934,0.0
04,12,1934,0.0
04,13,1934,0.0
04,14,1934,0.0
04,15,1934,0.0
04,16,1934,0.0
04,17,1934,0.0
04,18,1934,0.0
04,19,1934,0.0
04,20,1934,0.0
04,21,1934,0.0
04,22,1934,0.0
04,23,1934,0.0
04,24,1934,0.0
04,25,1934,0.0
04,26,1934,0.0
04,27,1934,0.0
04,28,1934,0.0
04,29,1934,0.0
04,30,1934,0.0
05,01,1934,0.0
05,02,1934,0.0
05,03,1934,0.0
05,04,1934,0.0
05,05,1934,0.0
05,06,1934,0.0
05,07,1934,0.0
05,08,1934,0.0
05,09,1934,0.0
05,10,1934,0.0
05,11,1934,0.0
05,12,1934,0.0
05,13,1934,0.0
05,14,1934,0.0
05,15,1934,0.0
05,16,1934,0.0
05,17,1934,0.0
05,18,1934,0.0
05,19,1934,0.0
05,20,1934,0.0
05,21,1934,0.0
05,22,1934,0.0
05,23,1934,0.0
05,24,1934,0.0
05,25,1934,0.0
05,26,1934,0.0
05,27,1934,0.0
05,28,1934,0.0
05,29,1934,0.0
05,30,1934,0.0
05,31,1934,0.0
06,01,1934,0.0
06,02,1934,0.0
06,03,1934,0.0
06,04,1934,0.0
06,05,1934,0.0
06,06,1934,0.0
06,07,1934,0.0
06,08,1934,0.0
06,09,1934,0.0
06,10,1934,0.0
06,11,1934,0.0
06,12,1934,0.0
06,13,1934,0.0
06,14,1934,0.0
06,15,1934,0.0
06,16,1934,0.0
06,17,1934,0.0
06,18,1934,0.0
06,19,1934,0.0
06,20,1934,0.0
06,21,1934,0.0
06,22,1934,0.0
06,23,1934,11.0
06,24,1934,0.0
06,25,1934,0.0
06,26,1934,0.0
06,27,1934,0.0
06,28,1934,0.0
06,29,1934,0.0
06,30,1934,0.0
07,01,1934,0.0
07,02,1934,0.0
07,03,1934,11.0
07,04,1934,25.0
07,05,1934,0.0
07,06,1934,0.0
07,07,1934,0.0
07,08,1934,0.0
07,09,1934,0.0
07,10,1934,0.0
07,11,1934,0.0
07,12,1934,0.0
07,13,1934,0.0
07,14,1934,0.0
07,15,1934,0.0
07,16,1934,0.0
07,17,1934,0.0
07,18,1934,10.0
07,19,1934,13.0
07,20,1934,6.0
07,21,1934,0.0
07,22,1934,0.0
07,23,1934,0.0
07,24,1934,0.0
07,25,1934,0.0
07,26,1934,0.0
07,27,1934,0.0
07,28,1934,0.0
07,29,1934,0.0
07,30,1934,0.0
07,31,1934,0.0
08,01,1934,0.0
08,02,1934,0.0
08,03,1934,0.0
08,04,1934,0.0
08,05,1934,0.0
08,06,1934,0.0
08,07,1934,0.0
08,08,1934,0.0
08,09,1934,0.0
08,10,1934,54.0
08,11,1934,15.0
08,12,1934,14.0
08,13,1934,0.0
08,14,1934,0.0
08,15,1934,12.0
08,16,1934,0.0
08,17,1934,0.0
08,18,1934,15.0
08,19,1934,0.0
08,20,1934,0.0
08,21,1934,0.0
08,22,1934,0.0
08,23,1934,0.0
08,24,1934,0.0
08,25,1934,10.0
08,26,1934,56.0
08,27,1934,0.0
08,28,1934,58.0
08,29,1934,0.0
08,30,1934,0.0
08,31,1934,0.0
09,01,1934,0.0
09,02,1934,0.0
09,03,1934,0.0
09,04,1934,0.0
09,05,1934,0.0
09,06,1934,0.0
09,07,1934,0.0
09,08,1934,0.0
09,09,1934,0.0
09,10,1934,0.0
09,11,1934,0.0
09,12,1934,0.0
09,13,1934,0.0
09,14,1934,0.0
09,15,1934,0.0
09,16,1934,10.0
09,17,1934,0.0
09,18,1934,0.0
09,19,1934,0.0
09,20,1934,0.0
09,21,1934,0.0
09,22,1934,0.0
09,23,1934,0.0
09,24,1934,0.0
09,25,1934,0.0
09,26,1934,0.0
09,27,1934,0.0
09,28,1934,0.0
09,29,1934,0.0
09,30,1934,0.0
10,01,1934,0.0
10,02,1934,0.0
10,03,1934,0.0
10,04,1934,0.0
10,05,1934,0.0
10,06,1934,0.0
10,07,1934,0.0
10,08,1934,0.0
10,09,1934,0.0
10,10,1934,0.0
10,11,1934,15.0
10,12,1934,0.0
10,13,1934,0.0
10,14,1934,0.0
10,15,1934,0.0
10,16,1934,0.0
10,17,1934,0.0
10,18,1934,0.0
10,19,1934,0.0
10,20,1934,0.0
10,21,1934,0.0
10,22,1934,0.0
10,23,1934,0.0
10,24,1934,0.0
10,25,1934,0.0
10,26,1934,0.0
10,27,1934,0.0
10,28,1934,0.0
10,29,1934,0.0
10,30,1934,0.0
10,31,1934,0.0
11,01,1934,0.0
11,02,1934,0.0
11,03,1934,0.0
11,04,1934,0.0
11,05,1934,0.0
11,06,1934,0.0
11,07,1934,0.0
11,08,1934,0.0
11,09,1934,0.0
11,10,1934,0.0
11,11,1934,0.0
11,12,1934,0.0
11,13,1934,0.0
11,14,1934,0.0
11,15,1934,0.0
11,16,1934,0.0
11,17,1934,0.0
11,18,1934,0.0
11,19,1934,0.0
11,20,1934,0.0
11,21,1934,0.0
11,22,1934,0.0
11,23,1934,0.0
11,24,1934,0.0
11,25,1934,0.0
11,26,1934,0.0
11,27,1934,0.0
11,28,1934,0.0
11,29,1934,0.0
11,30,1934,0.0
12,01,1934,0.0
12,02,1934,0.0
12,03,1934,0.0
12,04,1934,0.0
12,05,1934,0.0
12,06,1934,0.0
12,07,1934,0.0
12,08,1934,0.0
12,09,1934,0.0
12,10,1934,0.0
12,11,1934,0.0
12,12,1934,0.0
12,13,1934,15.0
12,14,1934,0.0
12,15,1934,0.0
12,16,1934,0.0
12,17,1934,0.0
12,18,1934,0.0
12,19,1934,0.0
12,20,1934,0.0
12,21,1934,0.0
12,22,1934,0.0
12,23,1934,0.0
12,24,1934,0.0
12,25,1934,0.0
12,26,1934,0.0
12,27,1934,0.0
12,28,1934,35.0
12,29,1934,10.0
12,30,1934,0.0
12,31,1934,0.0
01,01,1935,0.0
01,02,1935,0.0
01,03,1935,0.0
01,04,1935,0.0
01,05,1935,0.0
01,06,1935,0.0
01,07,1935,0.0
01,08,1935,0.0
01,09,1935,0.0
01,10,1935,0.0
01,11,1935,0.0
01,12,1935,0.0
01,13,1935,0.0
01,14,1935,0.0
01,15,1935,0.0
01,16,1935,0.0
01,17,1935,0.0
01,18,1935,0.0
01,19,1935,0.0
01,20,1935,0.0
01,21,1935,0.0
01,22,1935,0.0
01,23,1935,0.0
01,24,1935,0.0
01,25,1935,0.0
01,26,1935,0.0
01,27,1935,0.0
01,28,1935,0.0
01,29,1935,0.0
01,30,1935,0.0
01,31,1935,0.0
02,01,1935,0.0
02,02,1935,0.0
02,03,1935,0.0
02,04,1935,0.0
02,05,1935,0.0
02,06,1935,15.0
02,07,1935,0.0
02,08,1935,0.0
02,09,1935,0.0
02,10,1935,25.0
02,11,1935,0.0
02,12,1935,15.0
02,13,1935,0.0
02,14,1935,0.0
02,15,1935,0.0
02,16,1935,0.0
02,17,1935,0.0
02,18,1935,0.0
02,19,1935,0.0
02,20,1935,0.0
02,21,1935,0.0
02,22,1935,0.0
02,23,1935,0.0
02,24,1935,0.0
02,25,1935,5.0
02,26,1935,0.0
02,27,1935,0.0
02,28,1935,0.0
03,01,1935,0.0
03,02,1935,0.0
03,03,1935,15.0
03,04,1935,0.0
03,05,1935,0.0
03,06,1935,0.0
03,07,1935,0.0
03,08,1935,0.0
03,09,1935,0.0
03,10,1935,10.0
03,11,1935,0.0
03,12,1935,0.0
03,13,1935,0.0
03,14,1935,0.0
03,15,1935,0.0
03,16,1935,0.0
03,17,1935,0.0
03,18,1935,0.0
03,19,1935,0.0
03,20,1935,0.0
03,21,1935,0.0
03,22,1935,0.0
03,23,1935,0.0
03,24,1935,0.0
03,25,1935,0.0
03,26,1935,0.0
03,27,1935,0.0
03,28,1935,0.0
03,29,1935,0.0
03,30,1935,0.0
03,31,1935,0.0
04,01,1935,0.0
04,02,1935,0.0
04,03,1935,0.0
04,04,1935,0.0
04,05,1935,0.0
04,06,1935,0.0
04,07,1935,0.0
04,08,1935,0.0
04,09,1935,0.0
04,10,1935,0.0
04,11,1935,0.0
04,12,1935,0.0
04,13,1935,0.0
04,14,1935,0.0
04,15,1935,0.0
04,16,1935,0.0
04,17,1935,0.0
04,18,1935,0.0
04,19,1935,0.0
04,20,1935,0.0
04,21,1935,0.0
04,22,1935,0.0
04,23,1935,0.0
04,24,1935,0.0
04,25,1935,0.0
04,26,1935,0.0
04,27,1935,0.0
04,28,1935,0.0
04,29,1935,0.0
04,30,1935,0.0
05,01,1935,0.0
05,02,1935,0.0
05,03,1935,0.0
05,04,1935,0.0
05,05,1935,0.0
05,06,1935,0.0
05,07,1935,0.0
05,08,1935,0.0
05,09,1935,0.0
05,10,1935,0.0
05,11,1935,0.0
05,12,1935,0.0
05,13,1935,0.0
05,14,1935,0.0
05,15,1935,0.0
05,16,1935,0.0
05,17,1935,0.0
05,18,1935,0.0
05,19,1935,0.0
05,20,1935,0.0
05,21,1935,0.0
05,22,1935,0.0
05,23,1935,0.0
05,24,1935,0.0
05,25,1935,0.0
05,26,1935,0.0
05,27,1935,0.0
05,28,1935,0.0
05,29,1935,0.0
05,30,1935,0.0
05,31,1935,0.0
06,01,1935,0.0
06,02,1935,0.0
06,03,1935,0.0
06,04,1935,0.0
06,05,1935,0.0
06,06,1935,0.0
06,07,1935,0.0
06,08,1935,0.0
06,09,1935,0.0
06,10,1935,0.0
06,11,1935,0.0
06,12,1935,0.0
06,13,1935,0.0
06,14,1935,0.0
06,15,1935,0.0
06,16,1935,0.0
06,17,1935,0.0
06,18,1935,0.0
06,19,1935,0.0
06,20,1935,0.0
06,21,1935,0.0
06,22,1935,0.0
06,23,1935,0.0
06,24,1935,0.0
06,25,1935,0.0
06,26,1935,0.0
06,27,1935,0.0
06,28,1935,0.0
06,29,1935,0.0
06,30,1935,0.0
07,01,1935,0.0
07,02,1935,0.0
07,03,1935,0.0
07,04,1935,0.0
07,05,1935,0.0
07,06,1935,0.0
07,07,1935,0.0
07,08,1935,0.0
07,09,1935,0.0
07,10,1935,0.0
07,11,1935,0.0
07,12,1935,0.0
07,13,1935,0.0
07,14,1935,0.0
07,15,1935,0.0
07,16,1935,0.0
07,17,1935,0.0
07,18,1935,0.0
07,19,1935,0.0
07,20,1935,5.0
07,21,1935,5.0
07,22,1935,0.0
07,23,1935,0.0
07,24,1935,0.0
07,25,1935,0.0
07,26,1935,0.0
07,27,1935,0.0
07,28,1935,0.0
07,29,1935,0.0
07,30,1935,0.0
07,31,1935,0.0
08,01,1935,26.0
08,02,1935,16.0
08,03,1935,0.0
08,04,1935,10.0
08,05,1935,0.0
08,06,1935,0.0
08,07,1935,24.0
08,08,1935,0.0
08,09,1935,0.0
08,10,1935,0.0
08,11,1935,0.0
08,12,1935,0.0
08,13,1935,0.0
08,14,1935,0.0
08,15,1935,0.0
08,16,1935,0.0
08,17,1935,0.0
08,18,1935,0.0
08,19,1935,0.0
08,20,1935,0.0
08,21,1935,0.0
08,22,1935,0.0
08,23,1935,20.0
08,24,1935,0.0
08,25,1935,0.0
08,26,1935,0.0
08,27,1935,5.0
08,28,1935,0.0
08,29,1935,0.0
08,30,1935,0.0
08,31,1935,0.0
09,01,1935,20.0
09,02,1935,0.0
09,03,1935,0.0
09,04,1935,0.0
09,05,1935,0.0
09,06,1935,0.0
09,07,1935,0.0
09,08,1935,0.0
09,09,1935,0.0
09,10,1935,0.0
09,11,1935,0.0
09,12,1935,0.0
09,13,1935,0.0
09,14,1935,0.0
09,15,1935,0.0
09,16,1935,0.0
09,17,1935,0.0
09,18,1935,0.0
09,19,1935,0.0
09,20,1935,0.0
09,21,1935,30.0
09,22,1935,0.0
09,23,1935,5.0
09,24,1935,0.0
09,25,1935,0.0
09,26,1935,25.0
09,27,1935,0.0
09,28,1935,0.0
09,29,1935,0.0
09,30,1935,0.0
10,01,1935,0.0
10,02,1935,0.0
10,03,1935,0.0
10,04,1935,0.0
10,05,1935,0.0
10,06,1935,0.0
10,07,1935,0.0
10,08,1935,0.0
10,09,1935,0.0
10,10,1935,0.0
10,11,1935,0.0
10,12,1935,0.0
10,13,1935,0.0
10,14,1935,0.0
10,15,1935,0.0
10,16,1935,0.0
10,17,1935,0.0
10,18,1935,0.0
10,19,1935,0.0
10,20,1935,0.0
10,21,1935,0.0
10,22,1935,0.0
10,23,1935,0.0
10,24,1935,0.0
10,25,1935,0.0
10,26,1935,0.0
10,27,1935,0.0
10,28,1935,0.0
10,29,1935,0.0
10,30,1935,0.0
10,31,1935,0.0
11,01,1935,0.0
11,02,1935,0.0
11,03,1935,0.0
11,04,1935,0.0
11,05,1935,0.0
11,06,1935,0.0
11,07,1935,0.0
11,08,1935,0.0
11,09,1935,0.0
11,10,1935,0.0
11,11,1935,0.0
11,12,1935,0.0
11,13,1935,0.0
11,14,1935,0.0
11,15,1935,0.0
11,16,1935,0.0
11,17,1935,0.0
11,18,1935,0.0
11,19,1935,0.0
11,20,1935,0.0
11,21,1935,0.0
11,22,1935,0.0
11,23,1935,0.0
11,24,1935,0.0
11,25,1935,25.0
11,26,1935,0.0
11,27,1935,0.0
11,28,1935,0.0
11,29,1935,0.0
11,30,1935,0.0
12,01,1935,0.0
12,02,1935,0.0
12,03,1935,0.0
12,04,1935,0.0
12,05,1935,0.0
12,06,1935,0.0
12,07,1935,0.0
12,08,1935,0.0
12,09,1935,0.0
12,10,1935,0.0
12,11,1935,0.0
12,12,1935,0.0
12,13,1935,0.0
12,14,1935,0.0
12,15,1935,0.0
12,16,1935,0.0
12,17,1935,0.0
12,18,1935,0.0
12,19,1935,15.0
12,20,1935,5.0
12,21,1935,40.0
12,22,1935,0.0
12,23,1935,0.0
12,24,1935,0.0
12,25,1935,0.0
12,26,1935,0.0
12,27,1935,0.0
12,28,1935,0.0
12,29,1935,0.0
12,30,1935,0.0
12,31,1935,0.0
01,01,1936,0.0
01,02,1936,0.0
01,03,1936,0.0
01,04,1936,0.0
01,05,1936,0.0
01,06,1936,0.0
01,07,1936,0.0
01,08,1936,0.0
01,09,1936,0.0
01,10,1936,0.0
01,11,1936,0.0
01,12,1936,0.0
01,13,1936,0.0
01,14,1936,0.0
01,15,1936,0.0
01,16,1936,0.0
01,17,1936,0.0
01,18,1936,0.0
01,19,1936,0.0
01,20,1936,0.0
01,21,1936,0.0
01,22,1936,0.0
01,23,1936,0.0
01,24,1936,0.0
01,25,1936,0.0
01,26,1936,0.0
01,27,1936,0.0
01,28,1936,5.0
01,29,1936,0.0
01,30,1936,0.0
01,31,1936,0.0
02,01,1936,0.0
02,02,1936,0.0
02,03,1936,0.0
02,04,1936,0.0
02,05,1936,0.0
02,06,1936,0.0
02,07,1936,0.0
02,08,1936,0.0
02,09,1936,0.0
02,10,1936,0.0
02,11,1936,0.0
02,12,1936,0.0
02,13,1936,8.0
02,14,1936,0.0
02,15,1936,0.0
02,16,1936,0.0
02,17,1936,0.0
02,18,1936,0.0
02,19,1936,0.0
02,20,1936,0.0
02,21,1936,0.0
02,22,1936,0.0
02,23,1936,0.0
02,24,1936,0.0
02,25,1936,0.0
02,26,1936,0.0
02,27,1936,0.0
02,28,1936,0.0
02,29,1936,0.0
03,01,1936,0.0
03,02,1936,27.0
03,03,1936,0.0
03,04,1936,0.0
03,05,1936,0.0
03,06,1936,0.0
03,07,1936,0.0
03,08,1936,0.0
03,09,1936,0.0
03,10,1936,0.0
03,11,1936,0.0
03,12,1936,0.0
03,13,1936,0.0
03,14,1936,0.0
03,15,1936,0.0
03,16,1936,0.0
03,17,1936,0.0
03,18,1936,0.0
03,19,1936,0.0
03,20,1936,0.0
03,21,1936,0.0
03,22,1936,0.0
03,23,1936,8.0
03,24,1936,0.0
03,25,1936,0.0
03,26,1936,0.0
03,27,1936,0.0
03,28,1936,0.0
03,29,1936,0.0
03,30,1936,0.0
03,31,1936,0.0
04,01,1936,0.0
04,02,1936,0.0
04,03,1936,0.0
04,04,1936,0.0
04,05,1936,0.0
04,06,1936,0.0
04,07,1936,0.0
04,08,1936,0.0
04,09,1936,0.0
04,10,1936,0.0
04,11,1936,0.0
04,12,1936,0.0
04,13,1936,0.0
04,14,1936,0.0
04,15,1936,0.0
04,16,1936,0.0
04,17,1936,0.0
04,18,1936,0.0
04,19,1936,0.0
04,20,1936,0.0
04,21,1936,0.0
04,22,1936,0.0
04,23,1936,0.0
04,24,1936,0.0
04,25,1936,0.0
04,26,1936,0.0
04,27,1936,0.0
04,28,1936,0.0
04,29,1936,0.0
04,30,1936,0.0
05,01,1936,0.0
05,02,1936,0.0
05,03,1936,0.0
05,04,1936,0.0
05,05,1936,0.0
05,06,1936,0.0
05,07,1936,0.0
05,08,1936,0.0
05,09,1936,0.0
05,10,1936,0.0
05,11,1936,0.0
05,12,1936,0.0
05,13,1936,0.0
05,14,1936,0.0
05,15,1936,0.0
05,16,1936,0.0
05,17,1936,0.0
05,18,1936,0.0
05,19,1936,0.0
05,20,1936,0.0
05,21,1936,0.0
05,22,1936,0.0
05,23,1936,0.0
05,24,1936,0.0
05,25,1936,0.0
05,26,1936,0.0
05,27,1936,0.0
05,28,1936,0.0
05,29,1936,0.0
05,30,1936,0.0
05,31,1936,0.0
06,01,1936,0.0
06,02,1936,0.0
06,03,1936,0.0
06,04,1936,0.0
06,05,1936,0.0
06,06,1936,0.0
06,07,1936,0.0
06,08,1936,0.0
06,09,1936,0.0
06,10,1936,0.0
06,11,1936,0.0
06,12,1936,0.0
06,13,1936,0.0
06,14,1936,0.0
06,15,1936,0.0
06,16,1936,0.0
06,17,1936,0.0
06,18,1936,0.0
06,19,1936,0.0
06,20,1936,0.0
06,21,1936,0.0
06,22,1936,0.0
06,23,1936,0.0
06,24,1936,0.0
06,25,1936,0.0
06,26,1936,0.0
06,27,1936,0.0
06,28,1936,0.0
06,29,1936,0.0
06,30,1936,0.0
07,01,1936,0.0
07,02,1936,0.0
07,03,1936,0.0
07,04,1936,0.0
07,05,1936,0.0
07,06,1936,0.0
07,07,1936,0.0
07,08,1936,0.0
07,09,1936,0.0
07,10,1936,0.0
07,11,1936,0.0
07,12,1936,0.0
07,13,1936,0.0
07,14,1936,0.0
07,15,1936,0.0
07,16,1936,0.0
07,17,1936,0.0
07,18,1936,0.0
07,19,1936,0.0
07,20,1936,0.0
07,21,1936,0.0
07,22,1936,0.0
07,23,1936,0.0
07,24,1936,0.0
07,25,1936,0.0
07,26,1936,0.0
07,27,1936,0.0
07,28,1936,0.0
07,29,1936,0.0
07,30,1936,0.0
07,31,1936,0.0
08,01,1936,0.0
08,02,1936,0.0
08,03,1936,0.0
08,04,1936,0.0
08,05,1936,0.0
08,06,1936,0.0
08,07,1936,0.0
08,08,1936,45.0
08,09,1936,0.0
08,10,1936,5.0
08,11,1936,0.0
08,12,1936,0.0
08,13,1936,0.0
08,14,1936,0.0
08,15,1936,0.0
08,16,1936,0.0
08,17,1936,0.0
08,18,1936,0.0
08,19,1936,0.0
08,20,1936,0.0
08,21,1936,0.0
08,22,1936,0.0
08,23,1936,0.0
08,24,1936,0.0
08,25,1936,0.0
08,26,1936,0.0
08,27,1936,0.0
08,28,1936,0.0
08,29,1936,0.0
08,30,1936,0.0
08,31,1936,0.0
09,01,1936,0.0
09,02,1936,15.0
09,03,1936,0.0
09,04,1936,0.0
09,05,1936,0.0
09,06,1936,0.0
09,07,1936,0.0
09,08,1936,0.0
09,09,1936,0.0
09,10,1936,63.0
09,11,1936,0.0
09,12,1936,0.0
09,13,1936,0.0
09,14,1936,0.0
09,15,1936,0.0
09,16,1936,0.0
09,17,1936,0.0
09,18,1936,0.0
09,19,1936,0.0
09,20,1936,6.0
09,21,1936,0.0
09,22,1936,0.0
09,23,1936,0.0
09,24,1936,0.0
09,25,1936,0.0
09,26,1936,0.0
09,27,1936,0.0
09,28,1936,0.0
09,29,1936,0.0
09,30,1936,0.0
10,01,1936,0.0
10,02,1936,0.0
10,03,1936,0.0
10,04,1936,0.0
10,05,1936,0.0
10,06,1936,0.0
10,07,1936,0.0
10,08,1936,0.0
10,09,1936,0.0
10,10,1936,0.0
10,11,1936,0.0
10,12,1936,0.0
10,13,1936,0.0
10,14,1936,0.0
10,15,1936,0.0
10,16,1936,0.0
10,17,1936,0.0
10,18,1936,0.0
10,19,1936,0.0
10,20,1936,0.0
10,21,1936,0.0
10,22,1936,0.0
10,23,1936,0.0
10,24,1936,6.0
10,25,1936,0.0
10,26,1936,0.0
10,27,1936,0.0
10,28,1936,0.0
10,29,1936,0.0
10,30,1936,0.0
10,31,1936,0.0
11,01,1936,0.0
11,02,1936,0.0
11,03,1936,0.0
11,04,1936,0.0
11,05,1936,0.0
11,06,1936,0.0
11,07,1936,0.0
11,08,1936,0.0
11,09,1936,0.0
11,10,1936,0.0
11,11,1936,0.0
11,12,1936,0.0
11,13,1936,0.0
11,14,1936,0.0
11,15,1936,0.0
11,16,1936,0.0
11,17,1936,0.0
11,18,1936,0.0
11,19,1936,0.0
11,20,1936,0.0
11,21,1936,0.0
11,22,1936,10.0
11,23,1936,5.0
11,24,1936,0.0
11,25,1936,0.0
11,26,1936,0.0
11,27,1936,15.0
11,28,1936,0.0
11,29,1936,0.0
11,30,1936,0.0
12,01,1936,0.0
12,02,1936,0.0
12,03,1936,0.0
12,04,1936,0.0
12,05,1936,0.0
12,06,1936,0.0
12,07,1936,0.0
12,08,1936,0.0
12,09,1936,0.0
12,10,1936,0.0
12,11,1936,0.0
12,12,1936,0.0
12,13,1936,0.0
12,14,1936,0.0
12,15,1936,0.0
12,16,1936,0.0
12,17,1936,0.0
12,18,1936,0.0
12,19,1936,0.0
12,20,1936,0.0
12,21,1936,0.0
12,22,1936,0.0
12,23,1936,0.0
12,24,1936,0.0
12,25,1936,0.0
12,26,1936,0.0
12,27,1936,0.0
12,28,1936,0.0
12,29,1936,40.0
12,30,1936,0.0
12,31,1936,0.0
01,01,1937,0.0
01,02,1937,0.0
01,03,1937,0.0
01,04,1937,0.0
01,05,1937,0.0
01,06,1937,0.0
01,07,1937,15.0
01,08,1937,0.0
01,09,1937,0.0
01,10,1937,0.0
01,11,1937,0.0
01,12,1937,0.0
01,13,1937,0.0
01,14,1937,0.0
01,15,1937,0.0
01,16,1937,0.0
01,17,1937,0.0
01,18,1937,0.0
01,19,1937,0.0
01,20,1937,0.0
01,21,1937,0.0
01,22,1937,0.0
01,23,1937,0.0
01,24,1937,0.0
01,25,1937,0.0
01,26,1937,0.0
01,27,1937,0.0
01,28,1937,0.0
01,29,1937,0.0
01,30,1937,0.0
01,31,1937,0.0
02,01,1937,0.0
02,02,1937,0.0
02,03,1937,0.0
02,04,1937,0.0
02,05,1937,0.0
02,06,1937,0.0
02,07,1937,0.0
02,08,1937,0.0
02,09,1937,0.0
02,10,1937,0.0
02,11,1937,0.0
02,12,1937,0.0
02,13,1937,0.0
02,14,1937,0.0
02,15,1937,0.0
02,16,1937,0.0
02,17,1937,0.0
02,18,1937,0.0
02,19,1937,0.0
02,20,1937,0.0
02,21,1937,0.0
02,22,1937,0.0
02,23,1937,0.0
02,24,1937,0.0
02,25,1937,0.0
02,26,1937,0.0
02,27,1937,0.0
02,28,1937,0.0
03,01,1937,0.0
03,02,1937,0.0
03,03,1937,0.0
03,04,1937,0.0
03,05,1937,0.0
03,06,1937,0.0
03,07,1937,0.0
03,08,1937,0.0
03,09,1937,0.0
03,10,1937,0.0
03,11,1937,0.0
03,12,1937,0.0
03,13,1937,0.0
03,14,1937,0.0
03,15,1937,0.0
03,16,1937,33.0
03,17,1937,0.0
03,18,1937,0.0
03,19,1937,0.0
03,20,1937,0.0
03,21,1937,0.0
03,22,1937,0.0
03,23,1937,0.0
03,24,1937,0.0
03,25,1937,0.0
03,26,1937,0.0
03,27,1937,0.0
03,28,1937,0.0
03,29,1937,0.0
03,30,1937,0.0
03,31,1937,0.0
04,01,1937,0.0
04,02,1937,0.0
04,03,1937,0.0
04,04,1937,0.0
04,05,1937,0.0
04,06,1937,0.0
04,07,1937,0.0
04,08,1937,0.0
04,09,1937,0.0
04,10,1937,0.0
04,11,1937,0.0
04,12,1937,0.0
04,13,1937,0.0
04,14,1937,0.0
04,15,1937,0.0
04,16,1937,0.0
04,17,1937,0.0
04,18,1937,0.0
04,19,1937,0.0
04,20,1937,0.0
04,21,1937,0.0
04,22,1937,0.0
04,23,1937,0.0
04,24,1937,0.0
04,25,1937,0.0
04,26,1937,0.0
04,27,1937,0.0
04,28,1937,0.0
04,29,1937,0.0
04,30,1937,0.0
05,01,1937,0.0
05,02,1937,0.0
05,03,1937,0.0
05,04,1937,0.0
05,05,1937,0.0
05,06,1937,0.0
05,07,1937,0.0
05,08,1937,0.0
05,09,1937,0.0
05,10,1937,0.0
05,11,1937,0.0
05,12,1937,0.0
05,13,1937,0.0
05,14,1937,0.0
05,15,1937,0.0
05,16,1937,0.0
05,17,1937,0.0
05,18,1937,0.0
05,19,1937,0.0
05,20,1937,0.0
05,21,1937,0.0
05,22,1937,0.0
05,23,1937,0.0
05,24,1937,0.0
05,25,1937,0.0
05,26,1937,0.0
05,27,1937,0.0
05,28,1937,0.0
05,29,1937,0.0
05,30,1937,0.0
05,31,1937,0.0
06,01,1937,0.0
06,02,1937,0.0
06,03,1937,0.0
06,04,1937,0.0
06,05,1937,0.0
06,06,1937,0.0
06,07,1937,0.0
06,08,1937,0.0
06,09,1937,0.0
06,10,1937,0.0
06,11,1937,0.0
06,12,1937,0.0
06,13,1937,0.0
06,14,1937,0.0
06,15,1937,0.0
06,16,1937,0.0
06,17,1937,0.0
06,18,1937,0.0
06,19,1937,0.0
06,20,1937,0.0
06,21,1937,0.0
06,22,1937,0.0
06,23,1937,0.0
06,24,1937,0.0
06,25,1937,0.0
06,26,1937,0.0
06,27,1937,0.0
06,28,1937,0.0
06,29,1937,0.0
06,30,1937,0.0
07,01,1937,0.0
07,02,1937,0.0
07,03,1937,22.0
07,04,1937,11.0
07,05,1937,0.0
07,06,1937,0.0
07,07,1937,0.0
07,08,1937,0.0
07,09,1937,6.0
07,10,1937,0.0
07,11,1937,0.0
07,12,1937,0.0
07,13,1937,0.0
07,14,1937,0.0
07,15,1937,0.0
07,16,1937,0.0
07,17,1937,9.0
07,18,1937,0.0
07,19,1937,5.0
07,20,1937,0.0
07,21,1937,0.0
07,22,1937,0.0
07,23,1937,0.0
07,24,1937,0.0
07,25,1937,0.0
07,26,1937,0.0
07,27,1937,0.0
07,28,1937,0.0
07,29,1937,0.0
07,30,1937,0.0
07,31,1937,0.0
08,01,1937,0.0
08,02,1937,0.0
08,03,1937,27.0
08,04,1937,0.0
08,05,1937,0.0
08,06,1937,6.0
08,07,1937,0.0
08,08,1937,0.0
08,09,1937,8.0
08,10,1937,0.0
08,11,1937,0.0
08,12,1937,0.0
08,13,1937,0.0
08,14,1937,0.0
08,15,1937,0.0
08,16,1937,0.0
08,17,1937,17.0
08,18,1937,8.0
08,19,1937,7.0
08,20,1937,10.0
08,21,1937,0.0
08,22,1937,0.0
08,23,1937,11.0
08,24,1937,0.0
08,25,1937,0.0
08,26,1937,10.0
08,27,1937,0.0
08,28,1937,0.0
08,29,1937,0.0
08,30,1937,0.0
08,31,1937,0.0
09,01,1937,0.0
09,02,1937,0.0
09,03,1937,0.0
09,04,1937,0.0
09,05,1937,0.0
09,06,1937,0.0
09,07,1937,6.0
09,08,1937,0.0
09,09,1937,0.0
09,10,1937,5.0
09,11,1937,0.0
09,12,1937,0.0
09,13,1937,0.0
09,14,1937,0.0
09,15,1937,0.0
09,16,1937,0.0
09,17,1937,0.0
09,18,1937,0.0
09,19,1937,0.0
09,20,1937,0.0
09,21,1937,0.0
09,22,1937,0.0
09,23,1937,0.0
09,24,1937,0.0
09,25,1937,0.0
09,26,1937,0.0
09,27,1937,0.0
09,28,1937,0.0
09,29,1937,0.0
09,30,1937,0.0
10,01,1937,0.0
10,02,1937,0.0
10,03,1937,0.0
10,04,1937,0.0
10,05,1937,0.0
10,06,1937,0.0
10,07,1937,0.0
10,08,1937,0.0
10,09,1937,0.0
10,10,1937,0.0
10,11,1937,35.0
10,12,1937,20.0
10,13,1937,0.0
10,14,1937,0.0
10,15,1937,0.0
10,16,1937,0.0
10,17,1937,0.0
10,18,1937,0.0
10,19,1937,0.0
10,20,1937,0.0
10,21,1937,0.0
10,22,1937,0.0
10,23,1937,0.0
10,24,1937,0.0
10,25,1937,0.0
10,26,1937,0.0
10,27,1937,0.0
10,28,1937,0.0
10,29,1937,0.0
10,30,1937,0.0
10,31,1937,0.0
11,01,1937,0.0
11,02,1937,0.0
11,03,1937,0.0
11,04,1937,0.0
11,05,1937,0.0
11,06,1937,0.0
11,07,1937,0.0
11,08,1937,0.0
11,09,1937,0.0
11,10,1937,0.0
11,11,1937,0.0
11,12,1937,0.0
11,13,1937,0.0
11,14,1937,0.0
11,15,1937,0.0
11,16,1937,0.0
11,17,1937,0.0
11,18,1937,0.0
11,19,1937,0.0
11,20,1937,0.0
11,21,1937,0.0
11,22,1937,0.0
11,23,1937,0.0
11,24,1937,0.0
11,25,1937,0.0
11,26,1937,0.0
11,27,1937,0.0
11,28,1937,0.0
11,29,1937,0.0
11,30,1937,0.0
12,01,1937,0.0
12,02,1937,0.0
12,03,1937,0.0
12,04,1937,24.0
12,05,1937,0.0
12,06,1937,0.0
12,07,1937,0.0
12,08,1937,0.0
12,09,1937,0.0
12,10,1937,0.0
12,11,1937,0.0
12,12,1937,0.0
12,13,1937,0.0
12,14,1937,0.0
12,15,1937,0.0
12,16,1937,0.0
12,17,1937,0.0
12,18,1937,0.0
12,19,1937,0.0
12,20,1937,0.0
12,21,1937,0.0
12,22,1937,0.0
12,23,1937,0.0
12,24,1937,0.0
12,25,1937,0.0
12,26,1937,0.0
12,27,1937,0.0
12,28,1937,0.0
12,29,1937,0.0
12,30,1937,0.0
12,31,1937,0.0
01,01,1938,0.0
01,02,1938,0.0
01,03,1938,0.0
01,04,1938,0.0
01,05,1938,0.0
01,06,1938,0.0
01,07,1938,0.0
01,08,1938,0.0
01,09,1938,0.0
01,10,1938,0.0
01,11,1938,0.0
01,12,1938,0.0
01,13,1938,0.0
01,14,1938,0.0
01,15,1938,10.0
01,16,1938,0.0
01,17,1938,0.0
01,18,1938,0.0
01,19,1938,0.0
01,20,1938,12.0
01,21,1938,0.0
01,22,1938,0.0
01,23,1938,0.0
01,24,1938,0.0
01,25,1938,0.0
01,26,1938,0.0
01,27,1938,0.0
01,28,1938,0.0
01,29,1938,0.0
01,30,1938,0.0
01,31,1938,0.0
02,01,1938,0.0
02,02,1938,3.0
02,03,1938,0.0
02,04,1938,0.0
02,05,1938,0.0
02,06,1938,0.0
02,07,1938,0.0
02,08,1938,0.0
02,09,1938,0.0
02,10,1938,0.0
02,11,1938,0.0
02,12,1938,0.0
02,13,1938,0.0
02,14,1938,0.0
02,15,1938,0.0
02,16,1938,0.0
02,17,1938,11.0
02,18,1938,0.0
02,19,1938,0.0
02,20,1938,0.0
02,21,1938,0.0
02,22,1938,0.0
02,23,1938,0.0
02,24,1938,0.0
02,25,1938,0.0
02,26,1938,0.0
02,27,1938,10.0
02,28,1938,0.0
03,01,1938,0.0
03,02,1938,0.0
03,03,1938,20.0
03,04,1938,0.0
03,05,1938,0.0
03,06,1938,0.0
03,07,1938,0.0
03,08,1938,0.0
03,09,1938,0.0
03,10,1938,0.0
03,11,1938,0.0
03,12,1938,0.0
03,13,1938,0.0
03,14,1938,0.0
03,15,1938,0.0
03,16,1938,0.0
03,17,1938,0.0
03,18,1938,0.0
03,19,1938,0.0
03,20,1938,0.0
03,21,1938,0.0
03,22,1938,0.0
03,23,1938,0.0
03,24,1938,0.0
03,25,1938,0.0
03,26,1938,0.0
03,27,1938,0.0
03,28,1938,0.0
03,29,1938,0.0
03,30,1938,0.0
03,31,1938,0.0
04,01,1938,0.0
04,02,1938,0.0
04,03,1938,0.0
04,04,1938,0.0
04,05,1938,0.0
04,06,1938,0.0
04,07,1938,0.0
04,08,1938,0.0
04,09,1938,0.0
04,10,1938,0.0
04,11,1938,0.0
04,12,1938,0.0
04,13,1938,0.0
04,14,1938,0.0
04,15,1938,0.0
04,16,1938,0.0
04,17,1938,0.0
04,18,1938,0.0
04,19,1938,0.0
04,20,1938,0.0
04,21,1938,0.0
04,22,1938,0.0
04,23,1938,0.0
04,24,1938,0.0
04,25,1938,0.0
04,26,1938,0.0
04,27,1938,0.0
04,28,1938,0.0
04,29,1938,0.0
04,30,1938,0.0
05,01,1938,0.0
05,02,1938,0.0
05,03,1938,0.0
05,04,1938,0.0
05,05,1938,0.0
05,06,1938,0.0
05,07,1938,0.0
05,08,1938,0.0
05,09,1938,0.0
05,10,1938,0.0
05,11,1938,0.0
05,12,1938,0.0
05,13,1938,0.0
05,14,1938,0.0
05,15,1938,0.0
05,16,1938,0.0
05,17,1938,0.0
05,18,1938,0.0
05,19,1938,0.0
05,20,1938,0.0
05,21,1938,0.0
05,22,1938,0.0
05,23,1938,0.0
05,24,1938,0.0
05,25,1938,0.0
05,26,1938,0.0
05,27,1938,0.0
05,28,1938,0.0
05,29,1938,0.0
05,30,1938,0.0
05,31,1938,0.0
06,01,1938,0.0
06,02,1938,0.0
06,03,1938,0.0
06,04,1938,0.0
06,05,1938,0.0
06,06,1938,0.0
06,07,1938,0.0
06,08,1938,0.0
06,09,1938,0.0
06,10,1938,0.0
06,11,1938,0.0
06,12,1938,0.0
06,13,1938,0.0
06,14,1938,0.0
06,15,1938,0.0
06,16,1938,0.0
06,17,1938,0.0
06,18,1938,0.0
06,19,1938,0.0
06,20,1938,0.0
06,21,1938,0.0
06,22,1938,0.0
06,23,1938,0.0
06,24,1938,0.0
06,25,1938,0.0
06,26,1938,0.0
06,27,1938,20.0
06,28,1938,0.0
06,29,1938,0.0
06,30,1938,0.0
07,01,1938,0.0
07,02,1938,0.0
07,03,1938,0.0
07,04,1938,0.0
07,05,1938,0.0
07,06,1938,0.0
07,07,1938,0.0
07,08,1938,0.0
07,09,1938,0.0
07,10,1938,0.0
07,11,1938,0.0
07,12,1938,0.0
07,13,1938,0.0
07,14,1938,0.0
07,15,1938,0.0
07,16,1938,0.0
07,17,1938,0.0
07,18,1938,23.0
07,19,1938,10.0
07,20,1938,11.0
07,21,1938,0.0
07,22,1938,0.0
07,23,1938,0.0
07,24,1938,0.0
07,25,1938,0.0
07,26,1938,0.0
07,27,1938,0.0
07,28,1938,10.0
07,29,1938,0.0
07,30,1938,0.0
07,31,1938,0.0
08,01,1938,0.0
08,02,1938,0.0
08,03,1938,5.0
08,04,1938,15.0
08,05,1938,0.0
08,06,1938,0.0
08,07,1938,10.0
08,08,1938,0.0
08,09,1938,0.0
08,10,1938,0.0
08,11,1938,0.0
08,12,1938,0.0
08,13,1938,0.0
08,14,1938,0.0
08,15,1938,0.0
08,16,1938,0.0
08,17,1938,0.0
08,18,1938,0.0
08,19,1938,0.0
08,20,1938,0.0
08,21,1938,0.0
08,22,1938,0.0
08,23,1938,0.0
08,24,1938,0.0
08,25,1938,0.0
08,26,1938,0.0
08,27,1938,0.0
08,28,1938,0.0
08,29,1938,0.0
08,30,1938,0.0
08,31,1938,0.0
09,01,1938,0.0
09,02,1938,0.0
09,03,1938,0.0
09,04,1938,0.0
09,05,1938,26.0
09,06,1938,0.0
09,07,1938,0.0
09,08,1938,0.0
09,09,1938,0.0
09,10,1938,0.0
09,11,1938,29.0
09,12,1938,0.0
09,13,1938,0.0
09,14,1938,0.0
09,15,1938,0.0
09,16,1938,0.0
09,17,1938,0.0
09,18,1938,0.0
09,19,1938,0.0
09,20,1938,0.0
09,21,1938,0.0
09,22,1938,0.0
09,23,1938,0.0
09,24,1938,0.0
09,25,1938,0.0
09,26,1938,0.0
09,27,1938,0.0
09,28,1938,0.0
09,29,1938,0.0
09,30,1938,0.0
10,01,1938,0.0
10,02,1938,0.0
10,03,1938,0.0
10,04,1938,0.0
10,05,1938,0.0
10,06,1938,0.0
10,07,1938,0.0
10,08,1938,0.0
10,09,1938,0.0
10,10,1938,0.0
10,11,1938,0.0
10,12,1938,0.0
10,13,1938,0.0
10,14,1938,0.0
10,15,1938,0.0
10,16,1938,0.0
10,17,1938,0.0
10,18,1938,0.0
10,19,1938,0.0
10,20,1938,0.0
10,21,1938,0.0
10,22,1938,0.0
10,23,1938,0.0
10,24,1938,0.0
10,25,1938,0.0
10,26,1938,0.0
10,27,1938,0.0
10,28,1938,0.0
10,29,1938,0.0
10,30,1938,0.0
10,31,1938,0.0
11,01,1938,0.0
11,02,1938,0.0
11,03,1938,0.0
11,04,1938,0.0
11,05,1938,0.0
11,06,1938,0.0
11,07,1938,0.0
11,08,1938,0.0
11,09,1938,0.0
11,10,1938,0.0
11,11,1938,0.0
11,12,1938,0.0
11,13,1938,0.0
11,14,1938,0.0
11,15,1938,0.0
11,16,1938,0.0
11,17,1938,0.0
11,18,1938,0.0
11,19,1938,0.0
11,20,1938,0.0
11,21,1938,0.0
11,22,1938,0.0
11,23,1938,0.0
11,24,1938,0.0
11,25,1938,0.0
11,26,1938,0.0
11,27,1938,0.0
11,28,1938,0.0
11,29,1938,0.0
11,30,1938,0.0
12,01,1938,0.0
12,02,1938,0.0
12,03,1938,0.0
12,04,1938,0.0
12,05,1938,0.0
12,06,1938,0.0
12,07,1938,0.0
12,08,1938,0.0
12,09,1938,0.0
12,10,1938,0.0
12,11,1938,0.0
12,12,1938,0.0
12,13,1938,0.0
12,14,1938,0.0
12,15,1938,23.0
12,16,1938,0.0
12,17,1938,0.0
12,18,1938,0.0
12,19,1938,16.0
12,20,1938,0.0
12,21,1938,0.0
12,22,1938,0.0
12,23,1938,0.0
12,24,1938,0.0
12,25,1938,0.0
12,26,1938,0.0
12,27,1938,0.0
12,28,1938,0.0
12,29,1938,0.0
12,30,1938,0.0
12,31,1938,0.0
01,01,1939,0.0
01,02,1939,0.0
01,03,1939,0.0
01,04,1939,0.0
01,05,1939,0.0
01,06,1939,8.0
01,07,1939,0.0
01,08,1939,0.0
01,09,1939,0.0
01,10,1939,0.0
01,11,1939,0.0
01,12,1939,0.0
01,13,1939,0.0
01,14,1939,0.0
01,15,1939,0.0
01,16,1939,0.0
01,17,1939,0.0
01,18,1939,0.0
01,19,1939,0.0
01,20,1939,0.0
01,21,1939,0.0
01,22,1939,0.0
01,23,1939,0.0
01,24,1939,0.0
01,25,1939,0.0
01,26,1939,0.0
01,27,1939,0.0
01,28,1939,0.0
01,29,1939,0.0
01,30,1939,0.0
01,31,1939,0.0
02,01,1939,6.0
02,02,1939,0.0
02,03,1939,0.0
02,04,1939,8.0
02,05,1939,0.0
02,06,1939,0.0
02,07,1939,0.0
02,08,1939,0.0
02,09,1939,0.0
02,10,1939,0.0
02,11,1939,0.0
02,12,1939,0.0
02,13,1939,0.0
02,14,1939,0.0
02,15,1939,0.0
02,16,1939,0.0
02,17,1939,34.0
02,18,1939,0.0
02,19,1939,0.0
02,20,1939,0.0
02,21,1939,0.0
02,22,1939,0.0
02,23,1939,0.0
02,24,1939,0.0
02,25,1939,0.0
02,26,1939,0.0
02,27,1939,0.0
02,28,1939,0.0
03,01,1939,0.0
03,02,1939,0.0
03,03,1939,0.0
03,04,1939,0.0
03,05,1939,0.0
03,06,1939,0.0
03,07,1939,0.0
03,08,1939,0.0
03,09,1939,0.0
03,10,1939,0.0
03,11,1939,0.0
03,12,1939,0.0
03,13,1939,0.0
03,14,1939,0.0
03,15,1939,0.0
03,16,1939,0.0
03,17,1939,0.0
03,18,1939,0.0
03,19,1939,0.0
03,20,1939,0.0
03,21,1939,0.0
03,22,1939,0.0
03,23,1939,0.0
03,24,1939,0.0
03,25,1939,0.0
03,26,1939,0.0
03,27,1939,0.0
03,28,1939,0.0
03,29,1939,0.0
03,30,1939,0.0
03,31,1939,0.0
04,01,1939,0.0
04,02,1939,0.0
04,03,1939,0.0
04,04,1939,0.0
04,05,1939,0.0
04,06,1939,0.0
04,07,1939,0.0
04,08,1939,0.0
04,09,1939,0.0
04,10,1939,0.0
04,11,1939,0.0
04,12,1939,0.0
04,13,1939,0.0
04,14,1939,0.0
04,15,1939,0.0
04,16,1939,0.0
04,17,1939,0.0
04,18,1939,0.0
04,19,1939,0.0
04,20,1939,0.0
04,21,1939,0.0
04,22,1939,0.0
04,23,1939,0.0
04,24,1939,0.0
04,25,1939,0.0
04,26,1939,0.0
04,27,1939,0.0
04,28,1939,0.0
04,29,1939,0.0
04,30,1939,0.0
05,01,1939,0.0
05,02,1939,0.0
05,03,1939,0.0
05,04,1939,0.0
05,05,1939,0.0
05,06,1939,0.0
05,07,1939,0.0
05,08,1939,0.0
05,09,1939,0.0
05,10,1939,0.0
05,11,1939,0.0
05,12,1939,0.0
05,13,1939,0.0
05,14,1939,0.0
05,15,1939,0.0
05,16,1939,0.0
05,17,1939,0.0
05,18,1939,0.0
05,19,1939,0.0
05,20,1939,0.0
05,21,1939,0.0
05,22,1939,0.0
05,23,1939,0.0
05,24,1939,0.0
05,25,1939,0.0
05,26,1939,0.0
05,27,1939,0.0
05,28,1939,0.0
05,29,1939,0.0
05,30,1939,0.0
05,31,1939,0.0
06,01,1939,0.0
06,02,1939,0.0
06,03,1939,0.0
06,04,1939,0.0
06,05,1939,0.0
06,06,1939,0.0
06,07,1939,0.0
06,08,1939,0.0
06,09,1939,0.0
06,10,1939,0.0
06,11,1939,0.0
06,12,1939,0.0
06,13,1939,0.0
06,14,1939,0.0
06,15,1939,0.0
06,16,1939,0.0
06,17,1939,0.0
06,18,1939,0.0
06,19,1939,0.0
06,20,1939,0.0
06,21,1939,0.0
06,22,1939,0.0
06,23,1939,0.0
06,24,1939,0.0
06,25,1939,0.0
06,26,1939,0.0
06,27,1939,0.0
06,28,1939,0.0
06,29,1939,0.0
06,30,1939,0.0
07,01,1939,0.0
07,02,1939,0.0
07,03,1939,0.0
07,04,1939,0.0
07,05,1939,0.0
07,06,1939,0.0
07,07,1939,0.0
07,08,1939,0.0
07,09,1939,0.0
07,10,1939,0.0
07,11,1939,0.0
07,12,1939,0.0
07,13,1939,0.0
07,14,1939,0.0
07,15,1939,15.0
07,16,1939,17.0
07,17,1939,0.0
07,18,1939,0.0
07,19,1939,0.0
07,20,1939,0.0
07,21,1939,18.0
07,22,1939,0.0
07,23,1939,0.0
07,24,1939,0.0
07,25,1939,0.0
07,26,1939,0.0
07,27,1939,18.0
07,28,1939,0.0
07,29,1939,0.0
07,30,1939,0.0
07,31,1939,9.0
08,01,1939,8.0
08,02,1939,20.0
08,03,1939,0.0
08,04,1939,0.0
08,05,1939,0.0
08,06,1939,9.0
08,07,1939,0.0
08,08,1939,0.0
08,09,1939,0.0
08,10,1939,15.0
08,11,1939,0.0
08,12,1939,0.0
08,13,1939,0.0
08,14,1939,0.0
08,15,1939,0.0
08,16,1939,0.0
08,17,1939,0.0
08,18,1939,0.0
08,19,1939,13.0
08,20,1939,0.0
08,21,1939,0.0
08,22,1939,0.0
08,23,1939,5.0
08,24,1939,0.0
08,25,1939,0.0
08,26,1939,0.0
08,27,1939,0.0
08,28,1939,0.0
08,29,1939,0.0
08,30,1939,0.0
08,31,1939,0.0
09,01,1939,0.0
09,02,1939,0.0
09,03,1939,0.0
09,04,1939,17.0
09,05,1939,0.0
09,06,1939,0.0
09,07,1939,0.0
09,08,1939,0.0
09,09,1939,0.0
09,10,1939,0.0
09,11,1939,0.0
09,12,1939,0.0
09,13,1939,0.0
09,14,1939,0.0
09,15,1939,0.0
09,16,1939,0.0
09,17,1939,34.0
09,18,1939,0.0
09,19,1939,0.0
09,20,1939,0.0
09,21,1939,0.0
09,22,1939,0.0
09,23,1939,0.0
09,24,1939,0.0
09,25,1939,0.0
09,26,1939,0.0
09,27,1939,0.0
09,28,1939,0.0
09,29,1939,0.0
09,30,1939,0.0
10,01,1939,0.0
10,02,1939,0.0
10,03,1939,0.0
10,04,1939,0.0
10,05,1939,0.0
10,06,1939,0.0
10,07,1939,10.0
10,08,1939,0.0
10,09,1939,0.0
10,10,1939,0.0
10,11,1939,0.0
10,12,1939,0.0
10,13,1939,0.0
10,14,1939,0.0
10,15,1939,0.0
10,16,1939,0.0
10,17,1939,0.0
10,18,1939,0.0
10,19,1939,0.0
10,20,1939,0.0
10,21,1939,0.0
10,22,1939,0.0
10,23,1939,0.0
10,24,1939,0.0
10,25,1939,0.0
10,26,1939,0.0
10,27,1939,0.0
10,28,1939,0.0
10,29,1939,0.0
10,30,1939,0.0
10,31,1939,0.0
11,01,1939,0.0
11,02,1939,0.0
11,03,1939,0.0
11,04,1939,0.0
11,05,1939,0.0
11,06,1939,0.0
11,07,1939,0.0
11,08,1939,0.0
11,09,1939,0.0
11,10,1939,0.0
11,11,1939,0.0
11,12,1939,0.0
11,13,1939,0.0
11,14,1939,0.0
11,15,1939,0.0
11,16,1939,0.0
11,17,1939,0.0
11,18,1939,0.0
11,19,1939,0.0
11,20,1939,0.0
11,21,1939,0.0
11,22,1939,0.0
11,23,1939,0.0
11,24,1939,0.0
11,25,1939,23.0
11,26,1939,0.0
11,27,1939,0.0
11,28,1939,0.0
11,29,1939,14.0
11,30,1939,0.0
12,01,1939,0.0
12,02,1939,0.0
12,03,1939,0.0
12,04,1939,0.0
12,05,1939,0.0
12,06,1939,0.0
12,07,1939,0.0
12,08,1939,0.0
12,09,1939,0.0
12,10,1939,0.0
12,11,1939,0.0
12,12,1939,0.0
12,13,1939,0.0
12,14,1939,0.0
12,15,1939,0.0
12,16,1939,0.0
12,17,1939,0.0
12,18,1939,0.0
12,19,1939,0.0
12,20,1939,0.0
12,21,1939,0.0
12,22,1939,0.0
12,23,1939,0.0
12,24,1939,0.0
12,25,1939,10.0
12,26,1939,0.0
12,27,1939,0.0
12,28,1939,0.0
12,29,1939,0.0
12,30,1939,0.0
12,31,1939,0.0
01,01,1940,0.0
01,02,1940,0.0
01,03,1940,0.0
01,04,1940,0.0
01,05,1940,9.0
01,06,1940,0.0
01,07,1940,0.0
01,08,1940,0.0
01,09,1940,0.0
01,10,1940,0.0
01,11,1940,0.0
01,12,1940,0.0
01,13,1940,0.0
01,14,1940,0.0
01,15,1940,0.0
01,16,1940,0.0
01,17,1940,0.0
01,18,1940,0.0
01,19,1940,0.0
01,20,1940,0.0
01,21,1940,11.0
01,22,1940,0.0
01,23,1940,0.0
01,24,1940,0.0
01,25,1940,0.0
01,26,1940,0.0
01,27,1940,0.0
01,28,1940,0.0
01,29,1940,0.0
01,30,1940,0.0
01,31,1940,0.0
02,01,1940,0.0
02,02,1940,24.0
02,03,1940,0.0
02,04,1940,0.0
02,05,1940,0.0
02,06,1940,0.0
02,07,1940,0.0
02,08,1940,0.0
02,09,1940,0.0
02,10,1940,0.0
02,11,1940,0.0
02,12,1940,0.0
02,13,1940,0.0
02,14,1940,0.0
02,15,1940,0.0
02,16,1940,0.0
02,17,1940,0.0
02,18,1940,0.0
02,19,1940,0.0
02,20,1940,0.0
02,21,1940,0.0
02,22,1940,18.0
02,23,1940,0.0
02,24,1940,0.0
02,25,1940,0.0
02,26,1940,0.0
02,27,1940,0.0
02,28,1940,0.0
02,29,1940,0.0
03,01,1940,0.0
03,02,1940,0.0
03,03,1940,0.0
03,04,1940,0.0
03,05,1940,0.0
03,06,1940,0.0
03,07,1940,0.0
03,08,1940,0.0
03,09,1940,0.0
03,10,1940,0.0
03,11,1940,0.0
03,12,1940,0.0
03,13,1940,0.0
03,14,1940,0.0
03,15,1940,0.0
03,16,1940,0.0
03,17,1940,0.0
03,18,1940,0.0
03,19,1940,0.0
03,20,1940,0.0
03,21,1940,0.0
03,22,1940,0.0
03,23,1940,0.0
03,24,1940,0.0
03,25,1940,0.0
03,26,1940,0.0
03,27,1940,0.0
03,28,1940,0.0
03,29,1940,0.0
03,30,1940,0.0
03,31,1940,0.0
04,01,1940,0.0
04,02,1940,0.0
04,03,1940,0.0
04,04,1940,0.0
04,05,1940,0.0
04,06,1940,0.0
04,07,1940,0.0
04,08,1940,0.0
04,09,1940,0.0
04,10,1940,0.0
04,11,1940,0.0
04,12,1940,0.0
04,13,1940,0.0
04,14,1940,0.0
04,15,1940,0.0
04,16,1940,0.0
04,17,1940,0.0
04,18,1940,0.0
04,19,1940,0.0
04,20,1940,0.0
04,21,1940,0.0
04,22,1940,0.0
04,23,1940,0.0
04,24,1940,0.0
04,25,1940,0.0
04,26,1940,0.0
04,27,1940,0.0
04,28,1940,0.0
04,29,1940,0.0
04,30,1940,0.0
05,01,1940,0.0
05,02,1940,0.0
05,03,1940,0.0
05,04,1940,0.0
05,05,1940,0.0
05,06,1940,0.0
05,07,1940,0.0
05,08,1940,0.0
05,09,1940,0.0
05,10,1940,0.0
05,11,1940,0.0
05,12,1940,0.0
05,13,1940,0.0
05,14,1940,0.0
05,15,1940,0.0
05,16,1940,0.0
05,17,1940,0.0
05,18,1940,0.0
05,19,1940,0.0
05,20,1940,0.0
05,21,1940,17.0
05,22,1940,0.0
05,23,1940,0.0
05,24,1940,0.0
05,25,1940,0.0
05,26,1940,0.0
05,27,1940,0.0
05,28,1940,0.0
05,29,1940,0.0
05,30,1940,0.0
05,31,1940,0.0
06,01,1940,0.0
06,02,1940,0.0
06,03,1940,0.0
06,04,1940,0.0
06,05,1940,0.0
06,06,1940,0.0
06,07,1940,0.0
06,08,1940,0.0
06,09,1940,0.0
06,10,1940,0.0
06,11,1940,0.0
06,12,1940,0.0
06,13,1940,0.0
06,14,1940,0.0
06,15,1940,0.0
06,16,1940,0.0
06,17,1940,0.0
06,18,1940,0.0
06,19,1940,0.0
06,20,1940,0.0
06,21,1940,0.0
06,22,1940,0.0
06,23,1940,0.0
06,24,1940,14.0
06,25,1940,17.0
06,26,1940,6.0
06,27,1940,0.0
06,28,1940,0.0
06,29,1940,0.0
06,30,1940,0.0
07,01,1940,0.0
07,02,1940,0.0
07,03,1940,0.0
07,04,1940,0.0
07,05,1940,0.0
07,06,1940,0.0
07,07,1940,0.0
07,08,1940,0.0
07,09,1940,0.0
07,10,1940,0.0
07,11,1940,0.0
07,12,1940,0.0
07,13,1940,0.0
07,14,1940,0.0
07,15,1940,0.0
07,16,1940,6.0
07,17,1940,0.0
07,18,1940,0.0
07,19,1940,0.0
07,20,1940,0.0
07,21,1940,10.0
07,22,1940,0.0
07,23,1940,12.0
07,24,1940,0.0
07,25,1940,0.0
07,26,1940,0.0
07,27,1940,0.0
07,28,1940,0.0
07,29,1940,0.0
07,30,1940,0.0
07,31,1940,0.0
08,01,1940,0.0
08,02,1940,0.0
08,03,1940,0.0
08,04,1940,0.0
08,05,1940,0.0
08,06,1940,0.0
08,07,1940,0.0
08,08,1940,0.0
08,09,1940,0.0
08,10,1940,0.0
08,11,1940,16.0
08,12,1940,6.0
08,13,1940,19.0
08,14,1940,0.0
08,15,1940,0.0
08,16,1940,0.0
08,17,1940,0.0
08,18,1940,0.0
08,19,1940,0.0
08,20,1940,0.0
08,21,1940,0.0
08,22,1940,0.0
08,23,1940,0.0
08,24,1940,0.0
08,25,1940,0.0
08,26,1940,0.0
08,27,1940,0.0
08,28,1940,0.0
08,29,1940,0.0
08,30,1940,0.0
08,31,1940,0.0
09,01,1940,0.0
09,02,1940,22.0
09,03,1940,0.0
09,04,1940,0.0
09,05,1940,0.0
09,06,1940,0.0
09,07,1940,0.0
09,08,1940,0.0
09,09,1940,0.0
09,10,1940,0.0
09,11,1940,0.0
09,12,1940,0.0
09,13,1940,0.0
09,14,1940,0.0
09,15,1940,0.0
09,16,1940,3.0
09,17,1940,21.0
09,18,1940,0.0
09,19,1940,0.0
09,20,1940,0.0
09,21,1940,0.0
09,22,1940,0.0
09,23,1940,0.0
09,24,1940,0.0
09,25,1940,0.0
09,26,1940,0.0
09,27,1940,14.0
09,28,1940,0.0
09,29,1940,7.0
09,30,1940,0.0
10,01,1940,0.0
10,02,1940,0.0
10,03,1940,0.0
10,04,1940,0.0
10,05,1940,0.0
10,06,1940,0.0
10,07,1940,0.0
10,08,1940,0.0
10,09,1940,0.0
10,10,1940,0.0
10,11,1940,0.0
10,12,1940,0.0
10,13,1940,0.0
10,14,1940,0.0
10,15,1940,0.0
10,16,1940,0.0
10,17,1940,0.0
10,18,1940,0.0
10,19,1940,0.0
10,20,1940,0.0
10,21,1940,0.0
10,22,1940,0.0
10,23,1940,0.0
10,24,1940,0.0
10,25,1940,0.0
10,26,1940,0.0
10,27,1940,0.0
10,28,1940,0.0
10,29,1940,0.0
10,30,1940,0.0
10,31,1940,0.0
11,01,1940,0.0
11,02,1940,0.0
11,03,1940,0.0
11,04,1940,0.0
11,05,1940,0.0
11,06,1940,0.0
11,07,1940,0.0
11,08,1940,5.0
11,09,1940,0.0
11,10,1940,0.0
11,11,1940,0.0
11,12,1940,0.0
11,13,1940,0.0
11,14,1940,0.0
11,15,1940,0.0
11,16,1940,0.0
11,17,1940,0.0
11,18,1940,0.0
11,19,1940,0.0
11,20,1940,0.0
11,21,1940,0.0
11,22,1940,0.0
11,23,1940,0.0
11,24,1940,0.0
11,25,1940,0.0
11,26,1940,0.0
11,27,1940,0.0
11,28,1940,0.0
11,29,1940,0.0
11,30,1940,0.0
12,01,1940,0.0
12,02,1940,0.0
12,03,1940,0.0
12,04,1940,0.0
12,05,1940,0.0
12,06,1940,0.0
12,07,1940,0.0
12,08,1940,0.0
12,09,1940,23.0
12,10,1940,0.0
12,11,1940,10.0
12,12,1940,0.0
12,13,1940,0.0
12,14,1940,0.0
12,15,1940,0.0
12,16,1940,7.0
12,17,1940,0.0
12,18,1940,0.0
12,19,1940,0.0
12,20,1940,0.0
12,21,1940,0.0
12,22,1940,0.0
12,23,1940,0.0
12,24,1940,5.0
12,25,1940,0.0
12,26,1940,0.0
12,27,1940,0.0
12,28,1940,0.0
12,29,1940,0.0
12,30,1940,0.0
12,31,1940,0.0
01,01,1941,0.0
01,02,1941,0.0
01,03,1941,0.0
01,04,1941,0.0
01,05,1941,0.0
01,06,1941,0.0
01,07,1941,0.0
01,08,1941,0.0
01,09,1941,0.0
01,10,1941,0.0
01,11,1941,0.0
01,12,1941,0.0
01,13,1941,0.0
01,14,1941,0.0
01,15,1941,0.0
01,16,1941,0.0
01,17,1941,0.0
01,18,1941,0.0
01,19,1941,0.0
01,20,1941,0.0
01,21,1941,0.0
01,22,1941,0.0
01,23,1941,0.0
01,24,1941,0.0
01,25,1941,0.0
01,26,1941,0.0
01,27,1941,41.0
01,28,1941,0.0
01,29,1941,0.0
01,30,1941,0.0
01,31,1941,0.0
02,01,1941,0.0
02,02,1941,0.0
02,03,1941,0.0
02,04,1941,8.0
02,05,1941,0.0
02,06,1941,0.0
02,07,1941,10.0
02,08,1941,0.0
02,09,1941,0.0
02,10,1941,0.0
02,11,1941,0.0
02,12,1941,0.0
02,13,1941,0.0
02,14,1941,0.0
02,15,1941,0.0
02,16,1941,0.0
02,17,1941,0.0
02,18,1941,0.0
02,19,1941,0.0
02,20,1941,0.0
02,21,1941,0.0
02,22,1941,5.0
02,23,1941,0.0
02,24,1941,0.0
02,25,1941,0.0
02,26,1941,0.0
02,27,1941,0.0
02,28,1941,0.0
03,01,1941,0.0
03,02,1941,0.0
03,03,1941,0.0
03,04,1941,0.0
03,05,1941,0.0
03,06,1941,0.0
03,07,1941,0.0
03,08,1941,0.0
03,09,1941,0.0
03,10,1941,0.0
03,11,1941,0.0
03,12,1941,0.0
03,13,1941,0.0
03,14,1941,0.0
03,15,1941,0.0
03,16,1941,9.0
03,17,1941,0.0
03,18,1941,0.0
03,19,1941,0.0
03,20,1941,0.0
03,21,1941,0.0
03,22,1941,0.0
03,23,1941,0.0
03,24,1941,0.0
03,25,1941,0.0
03,26,1941,0.0
03,27,1941,0.0
03,28,1941,0.0
03,29,1941,0.0
03,30,1941,0.0
03,31,1941,0.0
04,01,1941,22.0
04,02,1941,0.0
04,03,1941,0.0
04,04,1941,0.0
04,05,1941,0.0
04,06,1941,0.0
04,07,1941,0.0
04,08,1941,0.0
04,09,1941,0.0
04,10,1941,0.0
04,11,1941,0.0
04,12,1941,8.0
04,13,1941,0.0
04,14,1941,0.0
04,15,1941,0.0
04,16,1941,0.0
04,17,1941,0.0
04,18,1941,0.0
04,19,1941,0.0
04,20,1941,0.0
04,21,1941,0.0
04,22,1941,0.0
04,23,1941,0.0
04,24,1941,0.0
04,25,1941,0.0
04,26,1941,10.0
04,27,1941,0.0
04,28,1941,0.0
04,29,1941,0.0
04,30,1941,0.0
05,01,1941,0.0
05,02,1941,0.0
05,03,1941,0.0
05,04,1941,0.0
05,05,1941,0.0
05,06,1941,0.0
05,07,1941,0.0
05,08,1941,0.0
05,09,1941,0.0
05,10,1941,0.0
05,11,1941,0.0
05,12,1941,0.0
05,13,1941,0.0
05,14,1941,0.0
05,15,1941,0.0
05,16,1941,0.0
05,17,1941,0.0
05,18,1941,0.0
05,19,1941,0.0
05,20,1941,0.0
05,21,1941,0.0
05,22,1941,0.0
05,23,1941,0.0
05,24,1941,0.0
05,25,1941,0.0
05,26,1941,0.0
05,27,1941,0.0
05,28,1941,0.0
05,29,1941,0.0
05,30,1941,0.0
05,31,1941,0.0
06,01,1941,0.0
06,02,1941,0.0
06,03,1941,0.0
06,04,1941,0.0
06,05,1941,0.0
06,06,1941,0.0
06,07,1941,0.0
06,08,1941,0.0
06,09,1941,0.0
06,10,1941,0.0
06,11,1941,0.0
06,12,1941,0.0
06,13,1941,0.0
06,14,1941,0.0
06,15,1941,0.0
06,16,1941,0.0
06,17,1941,0.0
06,18,1941,0.0
06,19,1941,0.0
06,20,1941,10.0
06,21,1941,0.0
06,22,1941,0.0
06,23,1941,0.0
06,24,1941,0.0
06,25,1941,0.0
06,26,1941,0.0
06,27,1941,0.0
06,28,1941,0.0
06,29,1941,0.0
06,30,1941,0.0
07,01,1941,0.0
07,02,1941,0.0
07,03,1941,0.0
07,04,1941,0.0
07,05,1941,0.0
07,06,1941,0.0
07,07,1941,0.0
07,08,1941,0.0
07,09,1941,0.0
07,10,1941,0.0
07,11,1941,0.0
07,12,1941,0.0
07,13,1941,0.0
07,14,1941,0.0
07,15,1941,0.0
07,16,1941,0.0
07,17,1941,0.0
07,18,1941,0.0
07,19,1941,11.0
07,20,1941,0.0
07,21,1941,0.0
07,22,1941,0.0
07,23,1941,0.0
07,24,1941,0.0
07,25,1941,0.0
07,26,1941,0.0
07,27,1941,0.0
07,28,1941,0.0
07,29,1941,0.0
07,30,1941,0.0
07,31,1941,0.0
08,01,1941,0.0
08,02,1941,0.0
08,03,1941,9.0
08,04,1941,0.0
08,05,1941,0.0
08,06,1941,0.0
08,07,1941,45.0
08,08,1941,0.0
08,09,1941,0.0
08,10,1941,0.0
08,11,1941,0.0
08,12,1941,0.0
08,13,1941,0.0
08,14,1941,0.0
08,15,1941,0.0
08,16,1941,0.0
08,17,1941,0.0
08,18,1941,0.0
08,19,1941,0.0
08,20,1941,0.0
08,21,1941,0.0
08,22,1941,0.0
08,23,1941,0.0
08,24,1941,0.0
08,25,1941,0.0
08,26,1941,0.0
08,27,1941,0.0
08,28,1941,0.0
08,29,1941,18.0
08,30,1941,0.0
08,31,1941,0.0
09,01,1941,0.0
09,02,1941,0.0
09,03,1941,0.0
09,04,1941,0.0
09,05,1941,0.0
09,06,1941,0.0
09,07,1941,0.0
09,08,1941,0.0
09,09,1941,0.0
09,10,1941,0.0
09,11,1941,0.0
09,12,1941,0.0
09,13,1941,0.0
09,14,1941,0.0
09,15,1941,0.0
09,16,1941,0.0
09,17,1941,0.0
09,18,1941,0.0
09,19,1941,0.0
09,20,1941,0.0
09,21,1941,0.0
09,22,1941,0.0
09,23,1941,0.0
09,24,1941,0.0
09,25,1941,0.0
09,26,1941,0.0
09,27,1941,0.0
09,28,1941,40.0
09,29,1941,0.0
09,30,1941,0.0
10,01,1941,0.0
10,02,1941,0.0
10,03,1941,0.0
10,04,1941,0.0
10,05,1941,0.0
10,06,1941,0.0
10,07,1941,0.0
10,08,1941,0.0
10,09,1941,0.0
10,10,1941,0.0
10,11,1941,0.0
10,12,1941,0.0
10,13,1941,0.0
10,14,1941,0.0
10,15,1941,0.0
10,16,1941,0.0
10,17,1941,0.0
10,18,1941,0.0
10,19,1941,0.0
10,20,1941,0.0
10,21,1941,0.0
10,22,1941,0.0
10,23,1941,0.0
10,24,1941,0.0
10,25,1941,0.0
10,26,1941,0.0
10,27,1941,0.0
10,28,1941,10.0
10,29,1941,0.0
10,30,1941,0.0
10,31,1941,0.0
11,01,1941,0.0
11,02,1941,0.0
11,03,1941,0.0
11,04,1941,0.0
11,05,1941,0.0
11,06,1941,0.0
11,07,1941,0.0
11,08,1941,0.0
11,09,1941,0.0
11,10,1941,0.0
11,11,1941,0.0
11,12,1941,0.0
11,13,1941,0.0
11,14,1941,0.0
11,15,1941,0.0
11,16,1941,0.0
11,17,1941,0.0
11,18,1941,0.0
11,19,1941,10.0
11,20,1941,0.0
11,21,1941,0.0
11,22,1941,0.0
11,23,1941,0.0
11,24,1941,0.0
11,25,1941,0.0
11,26,1941,0.0
11,27,1941,0.0
11,28,1941,0.0
11,29,1941,0.0
11,30,1941,0.0
12,01,1941,0.0
12,02,1941,0.0
12,03,1941,0.0
12,04,1941,0.0
12,05,1941,0.0
12,06,1941,0.0
12,07,1941,0.0
12,08,1941,0.0
12,09,1941,0.0
12,10,1941,26.0
12,11,1941,17.0
12,12,1941,0.0
12,13,1941,0.0
12,14,1941,0.0
12,15,1941,0.0
12,16,1941,0.0
12,17,1941,0.0
12,18,1941,0.0
12,19,1941,0.0
12,20,1941,0.0
12,21,1941,0.0
12,22,1941,0.0
12,23,1941,0.0
12,24,1941,0.0
12,25,1941,0.0
12,26,1941,0.0
12,27,1941,0.0
12,28,1941,0.0
12,29,1941,0.0
12,30,1941,0.0
12,31,1941,0.0
01,01,1942,0.0
01,02,1942,0.0
01,03,1942,0.0
01,04,1942,0.0
01,05,1942,0.0
01,06,1942,0.0
01,07,1942,0.0
01,08,1942,0.0
01,09,1942,0.0
01,10,1942,0.0
01,11,1942,0.0
01,12,1942,0.0
01,13,1942,0.0
01,14,1942,0.0
01,15,1942,0.0
01,16,1942,0.0
01,17,1942,0.0
01,18,1942,0.0
01,19,1942,0.0
01,20,1942,0.0
01,21,1942,0.0
01,22,1942,0.0
01,23,1942,0.0
01,24,1942,0.0
01,25,1942,0.0
01,26,1942,0.0
01,27,1942,0.0
01,28,1942,0.0
01,29,1942,0.0
01,30,1942,0.0
01,31,1942,0.0
02,01,1942,0.0
02,02,1942,0.0
02,03,1942,0.0
02,04,1942,0.0
02,05,1942,0.0
02,06,1942,0.0
02,07,1942,0.0
02,08,1942,0.0
02,09,1942,0.0
02,10,1942,0.0
02,11,1942,0.0
02,12,1942,0.0
02,13,1942,0.0
02,14,1942,0.0
02,15,1942,0.0
02,16,1942,0.0
02,17,1942,0.0
02,18,1942,0.0
02,19,1942,0.0
02,20,1942,0.0
02,21,1942,0.0
02,22,1942,0.0
02,23,1942,0.0
02,24,1942,0.0
02,25,1942,0.0
02,26,1942,0.0
02,27,1942,0.0
02,28,1942,30.0
03,01,1942,0.0
03,02,1942,0.0
03,03,1942,0.0
03,04,1942,0.0
03,05,1942,0.0
03,06,1942,0.0
03,07,1942,0.0
03,08,1942,0.0
03,09,1942,0.0
03,10,1942,0.0
03,11,1942,0.0
03,12,1942,0.0
03,13,1942,0.0
03,14,1942,0.0
03,15,1942,23.0
03,16,1942,0.0
03,17,1942,0.0
03,18,1942,0.0
03,19,1942,0.0
03,20,1942,0.0
03,21,1942,0.0
03,22,1942,0.0
03,23,1942,0.0
03,24,1942,0.0
03,25,1942,0.0
03,26,1942,0.0
03,27,1942,0.0
03,28,1942,0.0
03,29,1942,0.0
03,30,1942,0.0
03,31,1942,0.0
04,01,1942,0.0
04,02,1942,0.0
04,03,1942,0.0
04,04,1942,0.0
04,05,1942,0.0
04,06,1942,0.0
04,07,1942,0.0
04,08,1942,15.0
04,09,1942,0.0
04,10,1942,0.0
04,11,1942,0.0
04,12,1942,0.0
04,13,1942,0.0
04,14,1942,0.0
04,15,1942,0.0
04,16,1942,0.0
04,17,1942,0.0
04,18,1942,0.0
04,19,1942,0.0
04,20,1942,0.0
04,21,1942,0.0
04,22,1942,0.0
04,23,1942,0.0
04,24,1942,17.0
04,25,1942,0.0
04,26,1942,0.0
04,27,1942,0.0
04,28,1942,0.0
04,29,1942,0.0
04,30,1942,0.0
05,01,1942,0.0
05,02,1942,0.0
05,03,1942,0.0
05,04,1942,0.0
05,05,1942,0.0
05,06,1942,0.0
05,07,1942,0.0
05,08,1942,0.0
05,09,1942,0.0
05,10,1942,0.0
05,11,1942,0.0
05,12,1942,0.0
05,13,1942,0.0
05,14,1942,0.0
05,15,1942,0.0
05,16,1942,0.0
05,17,1942,0.0
05,18,1942,0.0
05,19,1942,0.0
05,20,1942,0.0
05,21,1942,0.0
05,22,1942,0.0
05,23,1942,0.0
05,24,1942,0.0
05,25,1942,0.0
05,26,1942,0.0
05,27,1942,0.0
05,28,1942,0.0
05,29,1942,0.0
05,30,1942,0.0
05,31,1942,0.0
06,01,1942,0.0
06,02,1942,0.0
06,03,1942,0.0
06,04,1942,0.0
06,05,1942,0.0
06,06,1942,0.0
06,07,1942,0.0
06,08,1942,0.0
06,09,1942,0.0
06,10,1942,0.0
06,11,1942,0.0
06,12,1942,0.0
06,13,1942,0.0
06,14,1942,0.0
06,15,1942,0.0
06,16,1942,0.0
06,17,1942,0.0
06,18,1942,0.0
06,19,1942,0.0
06,20,1942,0.0
06,21,1942,0.0
06,22,1942,0.0
06,23,1942,0.0
06,24,1942,0.0
06,25,1942,0.0
06,26,1942,0.0
06,27,1942,0.0
06,28,1942,0.0
06,29,1942,0.0
06,30,1942,0.0
07,01,1942,0.0
07,02,1942,0.0
07,03,1942,0.0
07,04,1942,0.0
07,05,1942,0.0
07,06,1942,0.0
07,07,1942,0.0
07,08,1942,0.0
07,09,1942,0.0
07,10,1942,0.0
07,11,1942,0.0
07,12,1942,0.0
07,13,1942,0.0
07,14,1942,5.0
07,15,1942,0.0
07,16,1942,0.0
07,17,1942,31.0
07,18,1942,0.0
07,19,1942,0.0
07,20,1942,0.0
07,21,1942,14.0
07,22,1942,0.0
07,23,1942,0.0
07,24,1942,0.0
07,25,1942,0.0
07,26,1942,0.0
07,27,1942,0.0
07,28,1942,0.0
07,29,1942,0.0
07,30,1942,0.0
07,31,1942,13.0
08,01,1942,17.0
08,02,1942,0.0
08,03,1942,17.0
08,04,1942,0.0
08,05,1942,0.0
08,06,1942,0.0
08,07,1942,0.0
08,08,1942,16.0
08,09,1942,0.0
08,10,1942,0.0
08,11,1942,0.0
08,12,1942,0.0
08,13,1942,0.0
08,14,1942,12.0
08,15,1942,0.0
08,16,1942,0.0
08,17,1942,0.0
08,18,1942,0.0
08,19,1942,0.0
08,20,1942,0.0
08,21,1942,0.0
08,22,1942,0.0
08,23,1942,8.0
08,24,1942,0.0
08,25,1942,0.0
08,26,1942,0.0
08,27,1942,0.0
08,28,1942,0.0
08,29,1942,0.0
08,30,1942,0.0
08,31,1942,0.0
09,01,1942,0.0
09,02,1942,0.0
09,03,1942,0.0
09,04,1942,0.0
09,05,1942,11.0
09,06,1942,0.0
09,07,1942,0.0
09,08,1942,0.0
09,09,1942,0.0
09,10,1942,0.0
09,11,1942,0.0
09,12,1942,0.0
09,13,1942,0.0
09,14,1942,0.0
09,15,1942,0.0
09,16,1942,0.0
09,17,1942,20.0
09,18,1942,10.0
09,19,1942,0.0
09,20,1942,0.0
09,21,1942,0.0
09,22,1942,0.0
09,23,1942,0.0
09,24,1942,0.0
09,25,1942,0.0
09,26,1942,0.0
09,27,1942,0.0
09,28,1942,0.0
09,29,1942,0.0
09,30,1942,0.0
10,01,1942,0.0
10,02,1942,0.0
10,03,1942,0.0
10,04,1942,0.0
10,05,1942,0.0
10,06,1942,0.0
10,07,1942,0.0
10,08,1942,0.0
10,09,1942,0.0
10,10,1942,5.0
10,11,1942,0.0
10,12,1942,0.0
10,13,1942,0.0
10,14,1942,0.0
10,15,1942,0.0
10,16,1942,0.0
10,17,1942,0.0
10,18,1942,0.0
10,19,1942,0.0
10,20,1942,0.0
10,21,1942,0.0
10,22,1942,0.0
10,23,1942,0.0
10,24,1942,0.0
10,25,1942,0.0
10,26,1942,0.0
10,27,1942,0.0
10,28,1942,0.0
10,29,1942,0.0
10,30,1942,16.0
10,31,1942,0.0
11,01,1942,0.0
11,02,1942,0.0
11,03,1942,0.0
11,04,1942,0.0
11,05,1942,0.0
11,06,1942,0.0
11,07,1942,0.0
11,08,1942,0.0
11,09,1942,0.0
11,10,1942,0.0
11,11,1942,0.0
11,12,1942,0.0
11,13,1942,0.0
11,14,1942,0.0
11,15,1942,0.0
11,16,1942,0.0
11,17,1942,0.0
11,18,1942,0.0
11,19,1942,0.0
11,20,1942,0.0
11,21,1942,0.0
11,22,1942,0.0
11,23,1942,0.0
11,24,1942,0.0
11,25,1942,0.0
11,26,1942,0.0
11,27,1942,0.0
11,28,1942,0.0
11,29,1942,0.0
11,30,1942,0.0
12,01,1942,0.0
12,02,1942,0.0
12,03,1942,0.0
12,04,1942,0.0
12,05,1942,5.0
12,06,1942,0.0
12,07,1942,0.0
12,08,1942,0.0
12,09,1942,0.0
12,10,1942,0.0
12,11,1942,0.0
12,12,1942,0.0
12,13,1942,0.0
12,14,1942,0.0
12,15,1942,0.0
12,16,1942,0.0
12,17,1942,0.0
12,18,1942,0.0
12,19,1942,0.0
12,20,1942,0.0
12,21,1942,5.0
12,22,1942,0.0
12,23,1942,0.0
12,24,1942,0.0
12,25,1942,0.0
12,26,1942,0.0
12,27,1942,0.0
12,28,1942,0.0
12,29,1942,0.0
12,30,1942,0.0
12,31,1942,0.0
01,01,1943,0.0
01,02,1943,0.0
01,03,1943,0.0
01,04,1943,0.0
01,05,1943,0.0
01,06,1943,0.0
01,07,1943,0.0
01,08,1943,9.0
01,09,1943,0.0
01,10,1943,0.0
01,11,1943,0.0
01,12,1943,0.0
01,13,1943,0.0
01,14,1943,0.0
01,15,1943,0.0
01,16,1943,0.0
01,17,1943,0.0
01,18,1943,0.0
01,19,1943,0.0
01,20,1943,0.0
01,21,1943,0.0
01,22,1943,0.0
01,23,1943,0.0
01,24,1943,0.0
01,25,1943,0.0
01,26,1943,0.0
01,27,1943,1.0
01,28,1943,0.0
01,29,1943,0.0
01,30,1943,0.0
01,31,1943,0.0
02,01,1943,0.0
02,02,1943,0.0
02,03,1943,0.0
02,04,1943,0.0
02,05,1943,0.0
02,06,1943,0.0
02,07,1943,0.0
02,08,1943,0.0
02,09,1943,0.0
02,10,1943,0.0
02,11,1943,0.0
02,12,1943,0.0
02,13,1943,0.0
02,14,1943,0.0
02,15,1943,0.0
02,16,1943,0.0
02,17,1943,0.0
02,18,1943,0.0
02,19,1943,0.0
02,20,1943,0.0
02,21,1943,0.0
02,22,1943,0.0
02,23,1943,0.0
02,24,1943,0.0
02,25,1943,0.0
02,26,1943,0.0
02,27,1943,0.0
02,28,1943,0.0
03,01,1943,0.0
03,02,1943,0.0
03,03,1943,0.0
03,04,1943,10.0
03,05,1943,0.0
03,06,1943,0.0
03,07,1943,0.0
03,08,1943,0.0
03,09,1943,0.0
03,10,1943,0.0
03,11,1943,0.0
03,12,1943,0.0
03,13,1943,0.0
03,14,1943,0.0
03,15,1943,0.0
03,16,1943,0.0
03,17,1943,0.0
03,18,1943,0.0
03,19,1943,0.0
03,20,1943,0.0
03,21,1943,0.0
03,22,1943,0.0
03,23,1943,0.0
03,24,1943,0.0
03,25,1943,0.0
03,26,1943,0.0
03,27,1943,0.0
03,28,1943,0.0
03,29,1943,0.0
03,30,1943,0.0
03,31,1943,0.0
04,01,1943,0.0
04,02,1943,0.0
04,03,1943,0.0
04,04,1943,0.0
04,05,1943,0.0
04,06,1943,0.0
04,07,1943,0.0
04,08,1943,0.0
04,09,1943,0.0
04,10,1943,0.0
04,11,1943,0.0
04,12,1943,0.0
04,13,1943,0.0
04,14,1943,0.0
04,15,1943,0.0
04,16,1943,0.0
04,17,1943,0.0
04,18,1943,0.0
04,19,1943,0.0
04,20,1943,0.0
04,21,1943,0.0
04,22,1943,0.0
04,23,1943,0.0
04,24,1943,0.0
04,25,1943,0.0
04,26,1943,0.0
04,27,1943,0.0
04,28,1943,0.0
04,29,1943,0.0
04,30,1943,0.0
05,01,1943,0.0
05,02,1943,0.0
05,03,1943,0.0
05,04,1943,0.0
05,05,1943,0.0
05,06,1943,0.0
05,07,1943,0.0
05,08,1943,0.0
05,09,1943,0.0
05,10,1943,0.0
05,11,1943,0.0
05,12,1943,0.0
05,13,1943,0.0
05,14,1943,0.0
05,15,1943,0.0
05,16,1943,0.0
05,17,1943,0.0
05,18,1943,0.0
05,19,1943,0.0
05,20,1943,0.0
05,21,1943,0.0
05,22,1943,0.0
05,23,1943,0.0
05,24,1943,0.0
05,25,1943,0.0
05,26,1943,0.0
05,27,1943,0.0
05,28,1943,0.0
05,29,1943,0.0
05,30,1943,0.0
05,31,1943,0.0
06,01,1943,0.0
06,02,1943,0.0
06,03,1943,0.0
06,04,1943,0.0
06,05,1943,0.0
06,06,1943,0.0
06,07,1943,0.0
06,08,1943,0.0
06,09,1943,0.0
06,10,1943,0.0
06,11,1943,0.0
06,12,1943,0.0
06,13,1943,0.0
06,14,1943,0.0
06,15,1943,0.0
06,16,1943,0.0
06,17,1943,0.0
06,18,1943,0.0
06,19,1943,0.0
06,20,1943,0.0
06,21,1943,0.0
06,22,1943,0.0
06,23,1943,0.0
06,24,1943,0.0
06,25,1943,0.0
06,26,1943,0.0
06,27,1943,5.0
06,28,1943,0.0
06,29,1943,15.0
06,30,1943,0.0
07,01,1943,0.0
07,02,1943,0.0
07,03,1943,0.0
07,04,1943,0.0
07,05,1943,0.0
07,06,1943,0.0
07,07,1943,0.0
07,08,1943,0.0
07,09,1943,0.0
07,10,1943,0.0
07,11,1943,15.0
07,12,1943,0.0
07,13,1943,17.0
07,14,1943,0.0
07,15,1943,0.0
07,16,1943,0.0
07,17,1943,0.0
07,18,1943,0.0
07,19,1943,15.0
07,20,1943,0.0
07,21,1943,0.0
07,22,1943,0.0
07,23,1943,0.0
07,24,1943,0.0
07,25,1943,10.0
07,26,1943,0.0
07,27,1943,0.0
07,28,1943,0.0
07,29,1943,0.0
07,30,1943,0.0
07,31,1943,0.0
08,01,1943,0.0
08,02,1943,0.0
08,03,1943,0.0
08,04,1943,0.0
08,05,1943,30.0
08,06,1943,0.0
08,07,1943,0.0
08,08,1943,20.0
08,09,1943,25.0
08,10,1943,0.0
08,11,1943,0.0
08,12,1943,0.0
08,13,1943,0.0
08,14,1943,0.0
08,15,1943,0.0
08,16,1943,0.0
08,17,1943,0.0
08,18,1943,0.0
08,19,1943,0.0
08,20,1943,0.0
08,21,1943,10.0
08,22,1943,0.0
08,23,1943,22.0
08,24,1943,0.0
08,25,1943,0.0
08,26,1943,0.0
08,27,1943,0.0
08,28,1943,0.0
08,29,1943,25.0
08,30,1943,0.0
08,31,1943,0.0
09,01,1943,0.0
09,02,1943,0.0
09,03,1943,0.0
09,04,1943,0.0
09,05,1943,0.0
09,06,1943,0.0
09,07,1943,0.0
09,08,1943,0.0
09,09,1943,0.0
09,10,1943,0.0
09,11,1943,0.0
09,12,1943,0.0
09,13,1943,0.0
09,14,1943,0.0
09,15,1943,0.0
09,16,1943,0.0
09,17,1943,0.0
09,18,1943,0.0
09,19,1943,0.0
09,20,1943,0.0
09,21,1943,0.0
09,22,1943,0.0
09,23,1943,36.0
09,24,1943,6.0
09,25,1943,0.0
09,26,1943,0.0
09,27,1943,0.0
09,28,1943,0.0
09,29,1943,0.0
09,30,1943,0.0
10,01,1943,0.0
10,02,1943,0.0
10,03,1943,0.0
10,04,1943,0.0
10,05,1943,0.0
10,06,1943,0.0
10,07,1943,0.0
10,08,1943,0.0
10,09,1943,10.0
10,10,1943,0.0
10,11,1943,0.0
10,12,1943,0.0
10,13,1943,0.0
10,14,1943,0.0
10,15,1943,0.0
10,16,1943,0.0
10,17,1943,0.0
10,18,1943,0.0
10,19,1943,0.0
10,20,1943,0.0
10,21,1943,0.0
10,22,1943,0.0
10,23,1943,0.0
10,24,1943,0.0
10,25,1943,0.0
10,26,1943,0.0
10,27,1943,0.0
10,28,1943,0.0
10,29,1943,0.0
10,30,1943,0.0
10,31,1943,0.0
11,01,1943,0.0
11,02,1943,0.0
11,03,1943,0.0
11,04,1943,0.0
11,05,1943,0.0
11,06,1943,0.0
11,07,1943,0.0
11,08,1943,0.0
11,09,1943,0.0
11,10,1943,0.0
11,11,1943,0.0
11,12,1943,0.0
11,13,1943,0.0
11,14,1943,0.0
11,15,1943,0.0
11,16,1943,0.0
11,17,1943,0.0
11,18,1943,0.0
11,19,1943,0.0
11,20,1943,0.0
11,21,1943,0.0
11,22,1943,0.0
11,23,1943,0.0
11,24,1943,0.0
11,25,1943,0.0
11,26,1943,0.0
11,27,1943,0.0
11,28,1943,0.0
11,29,1943,0.0
11,30,1943,0.0
12,01,1943,0.0
12,02,1943,0.0
12,03,1943,0.0
12,04,1943,0.0
12,05,1943,0.0
12,06,1943,0.0
12,07,1943,0.0
12,08,1943,17.0
12,09,1943,0.0
12,10,1943,0.0
12,11,1943,0.0
12,12,1943,0.0
12,13,1943,0.0
12,14,1943,0.0
12,15,1943,0.0
12,16,1943,0.0
12,17,1943,0.0
12,18,1943,0.0
12,19,1943,0.0
12,20,1943,0.0
12,21,1943,0.0
12,22,1943,0.0
12,23,1943,0.0
12,24,1943,25.0
12,25,1943,0.0
12,26,1943,0.0
12,27,1943,0.0
12,28,1943,0.0
12,29,1943,0.0
12,30,1943,0.0
12,31,1943,0.0
01,01,1944,0.0
01,02,1944,0.0
01,03,1944,0.0
01,04,1944,0.0
01,05,1944,0.0
01,06,1944,0.0
01,07,1944,0.0
01,08,1944,0.0
01,09,1944,0.0
01,10,1944,0.0
01,11,1944,0.0
01,12,1944,0.0
01,13,1944,0.0
01,14,1944,0.0
01,15,1944,0.0
01,16,1944,0.0
01,17,1944,0.0
01,18,1944,0.0
01,19,1944,0.0
01,20,1944,0.0
01,21,1944,0.0
01,22,1944,0.0
01,23,1944,0.0
01,24,1944,15.0
01,25,1944,10.0
01,26,1944,0.0
01,27,1944,0.0
01,28,1944,0.0
01,29,1944,0.0
01,30,1944,0.0
01,31,1944,0.0
02,01,1944,0.0
02,02,1944,0.0
02,03,1944,0.0
02,04,1944,0.0
02,05,1944,0.0
02,06,1944,0.0
02,07,1944,0.0
02,08,1944,0.0
02,09,1944,0.0
02,10,1944,0.0
02,11,1944,0.0
02,12,1944,0.0
02,13,1944,0.0
02,14,1944,0.0
02,15,1944,0.0
02,16,1944,0.0
02,17,1944,10.0
02,18,1944,0.0
02,19,1944,0.0
02,20,1944,0.0
02,21,1944,0.0
02,22,1944,0.0
02,23,1944,0.0
02,24,1944,0.0
02,25,1944,0.0
02,26,1944,20.0
02,27,1944,0.0
02,28,1944,10.0
02,29,1944,0.0
03,01,1944,0.0
03,02,1944,0.0
03,03,1944,0.0
03,04,1944,0.0
03,05,1944,0.0
03,06,1944,0.0
03,07,1944,0.0
03,08,1944,0.0
03,09,1944,0.0
03,10,1944,0.0
03,11,1944,0.0
03,12,1944,0.0
03,13,1944,0.0
03,14,1944,0.0
03,15,1944,0.0
03,16,1944,10.0
03,17,1944,0.0
03,18,1944,0.0
03,19,1944,0.0
03,20,1944,0.0
03,21,1944,0.0
03,22,1944,0.0
03,23,1944,0.0
03,24,1944,0.0
03,25,1944,0.0
03,26,1944,0.0
03,27,1944,0.0
03,28,1944,0.0
03,29,1944,0.0
03,30,1944,0.0
03,31,1944,0.0
04,01,1944,0.0
04,02,1944,0.0
04,03,1944,0.0
04,04,1944,0.0
04,05,1944,0.0
04,06,1944,0.0
04,07,1944,0.0
04,08,1944,0.0
04,09,1944,28.0
04,10,1944,0.0
04,11,1944,0.0
04,12,1944,0.0
04,13,1944,0.0
04,14,1944,0.0
04,15,1944,0.0
04,16,1944,0.0
04,17,1944,0.0
04,18,1944,0.0
04,19,1944,0.0
04,20,1944,0.0
04,21,1944,0.0
04,22,1944,0.0
04,23,1944,0.0
04,24,1944,0.0
04,25,1944,0.0
04,26,1944,0.0
04,27,1944,0.0
04,28,1944,0.0
04,29,1944,0.0
04,30,1944,0.0
05,01,1944,0.0
05,02,1944,0.0
05,03,1944,0.0
05,04,1944,0.0
05,05,1944,0.0
05,06,1944,0.0
05,07,1944,0.0
05,08,1944,0.0
05,09,1944,0.0
05,10,1944,0.0
05,11,1944,0.0
05,12,1944,0.0
05,13,1944,0.0
05,14,1944,0.0
05,15,1944,0.0
05,16,1944,0.0
05,17,1944,0.0
05,18,1944,0.0
05,19,1944,0.0
05,20,1944,0.0
05,21,1944,0.0
05,22,1944,0.0
05,23,1944,0.0
05,24,1944,0.0
05,25,1944,0.0
05,26,1944,0.0
05,27,1944,0.0
05,28,1944,0.0
05,29,1944,0.0
05,30,1944,0.0
05,31,1944,0.0
06,01,1944,0.0
06,02,1944,0.0
06,03,1944,0.0
06,04,1944,0.0
06,05,1944,0.0
06,06,1944,0.0
06,07,1944,0.0
06,08,1944,0.0
06,09,1944,0.0
06,10,1944,0.0
06,11,1944,0.0
06,12,1944,0.0
06,13,1944,0.0
06,14,1944,0.0
06,15,1944,0.0
06,16,1944,0.0
06,17,1944,0.0
06,18,1944,0.0
06,19,1944,0.0
06,20,1944,0.0
06,21,1944,0.0
06,22,1944,0.0
06,23,1944,0.0
06,24,1944,0.0
06,25,1944,0.0
06,26,1944,0.0
06,27,1944,0.0
06,28,1944,0.0
06,29,1944,0.0
06,30,1944,0.0
07,01,1944,0.0
07,02,1944,0.0
07,03,1944,0.0
07,04,1944,0.0
07,05,1944,0.0
07,06,1944,0.0
07,07,1944,0.0
07,08,1944,0.0
07,09,1944,0.0
07,10,1944,0.0
07,11,1944,0.0
07,12,1944,0.0
07,13,1944,0.0
07,14,1944,0.0
07,15,1944,0.0
07,16,1944,0.0
07,17,1944,0.0
07,18,1944,0.0
07,19,1944,45.0
07,20,1944,0.0
07,21,1944,35.0
07,22,1944,0.0
07,23,1944,0.0
07,24,1944,0.0
07,25,1944,0.0
07,26,1944,0.0
07,27,1944,0.0
07,28,1944,0.0
07,29,1944,0.0
07,30,1944,0.0
07,31,1944,0.0
08,01,1944,0.0
08,02,1944,0.0
08,03,1944,0.0
08,04,1944,0.0
08,05,1944,0.0
08,06,1944,0.0
08,07,1944,0.0
08,08,1944,0.0
08,09,1944,25.0
08,10,1944,10.0
08,11,1944,0.0
08,12,1944,0.0
08,13,1944,0.0
08,14,1944,30.0
08,15,1944,5.0
08,16,1944,0.0
08,17,1944,0.0
08,18,1944,0.0
08,19,1944,0.0
08,20,1944,0.0
08,21,1944,0.0
08,22,1944,0.0
08,23,1944,0.0
08,24,1944,0.0
08,25,1944,0.0
08,26,1944,0.0
08,27,1944,0.0
08,28,1944,0.0
08,29,1944,0.0
08,30,1944,0.0
08,31,1944,0.0
09,01,1944,0.0
09,02,1944,0.0
09,03,1944,0.0
09,04,1944,0.0
09,05,1944,0.0
09,06,1944,0.0
09,07,1944,0.0
09,08,1944,0.0
09,09,1944,0.0
09,10,1944,0.0
09,11,1944,0.0
09,12,1944,0.0
09,13,1944,0.0
09,14,1944,25.0
09,15,1944,27.0
09,16,1944,0.0
09,17,1944,0.0
09,18,1944,0.0
09,19,1944,0.0
09,20,1944,0.0
09,21,1944,0.0
09,22,1944,0.0
09,23,1944,0.0
09,24,1944,10.0
09,25,1944,0.0
09,26,1944,0.0
09,27,1944,0.0
09,28,1944,0.0
09,29,1944,5.0
09,30,1944,0.0
10,01,1944,0.0
10,02,1944,0.0
10,03,1944,0.0
10,04,1944,0.0
10,05,1944,0.0
10,06,1944,0.0
10,07,1944,0.0
10,08,1944,0.0
10,09,1944,0.0
10,10,1944,0.0
10,11,1944,0.0
10,12,1944,0.0
10,13,1944,0.0
10,14,1944,0.0
10,15,1944,0.0
10,16,1944,0.0
10,17,1944,0.0
10,18,1944,0.0
10,19,1944,0.0
10,20,1944,0.0
10,21,1944,0.0
10,22,1944,20.0
10,23,1944,5.0
10,24,1944,25.0
10,25,1944,10.0
10,26,1944,0.0
10,27,1944,0.0
10,28,1944,0.0
10,29,1944,0.0
10,30,1944,0.0
10,31,1944,0.0
11,01,1944,0.0
11,02,1944,0.0
11,03,1944,0.0
11,04,1944,0.0
11,05,1944,0.0
11,06,1944,0.0
11,07,1944,0.0
11,08,1944,0.0
11,09,1944,0.0
11,10,1944,0.0
11,11,1944,0.0
11,12,1944,0.0
11,13,1944,0.0
11,14,1944,0.0
11,15,1944,0.0
11,16,1944,0.0
11,17,1944,0.0
11,18,1944,0.0
11,19,1944,0.0
11,20,1944,0.0
11,21,1944,0.0
11,22,1944,10.0
11,23,1944,0.0
11,24,1944,0.0
11,25,1944,0.0
11,26,1944,0.0
11,27,1944,0.0
11,28,1944,0.0
11,29,1944,0.0
11,30,1944,0.0
12,01,1944,0.0
12,02,1944,0.0
12,03,1944,5.0
12,04,1944,0.0
12,05,1944,0.0
12,06,1944,0.0
12,07,1944,0.0
12,08,1944,0.0
12,09,1944,0.0
12,10,1944,0.0
12,11,1944,0.0
12,12,1944,0.0
12,13,1944,0.0
12,14,1944,0.0
12,15,1944,0.0
12,16,1944,0.0
12,17,1944,0.0
12,18,1944,0.0
12,19,1944,0.0
12,20,1944,0.0
12,21,1944,0.0
12,22,1944,0.0
12,23,1944,0.0
12,24,1944,0.0
12,25,1944,0.0
12,26,1944,20.0
12,27,1944,20.0
12,28,1944,0.0
12,29,1944,0.0
12,30,1944,0.0
12,31,1944,0.0
01,01,1945,0.0
01,02,1945,0.0
01,03,1945,0.0
01,04,1945,0.0
01,05,1945,0.0
01,06,1945,0.0
01,07,1945,0.0
01,08,1945,0.0
01,09,1945,0.0
01,10,1945,0.0
01,11,1945,0.0
01,12,1945,0.0
01,13,1945,0.0
01,14,1945,0.0
01,15,1945,0.0
01,16,1945,0.0
01,17,1945,0.0
01,18,1945,0.0
01,19,1945,0.0
01,20,1945,10.0
01,21,1945,0.0
01,22,1945,0.0
01,23,1945,0.0
01,24,1945,0.0
01,25,1945,0.0
01,26,1945,0.0
01,27,1945,0.0
01,28,1945,0.0
01,29,1945,0.0
01,30,1945,0.0
01,31,1945,0.0
02,01,1945,0.0
02,02,1945,0.0
02,03,1945,0.0
02,04,1945,0.0
02,05,1945,0.0
02,06,1945,0.0
02,07,1945,0.0
02,08,1945,0.0
02,09,1945,0.0
02,10,1945,0.0
02,11,1945,0.0
02,12,1945,0.0
02,13,1945,0.0
02,14,1945,0.0
02,15,1945,0.0
02,16,1945,0.0
02,17,1945,0.0
02,18,1945,0.0
02,19,1945,0.0
02,20,1945,0.0
02,21,1945,0.0
02,22,1945,0.0
02,23,1945,0.0
02,24,1945,0.0
02,25,1945,0.0
02,26,1945,0.0
02,27,1945,0.0
02,28,1945,0.0
03,01,1945,15.0
03,02,1945,0.0
03,03,1945,0.0
03,04,1945,0.0
03,05,1945,0.0
03,06,1945,0.0
03,07,1945,0.0
03,08,1945,0.0
03,09,1945,0.0
03,10,1945,0.0
03,11,1945,0.0
03,12,1945,0.0
03,13,1945,0.0
03,14,1945,0.0
03,15,1945,0.0
03,16,1945,0.0
03,17,1945,0.0
03,18,1945,0.0
03,19,1945,0.0
03,20,1945,0.0
03,21,1945,0.0
03,22,1945,0.0
03,23,1945,20.0
03,24,1945,0.0
03,25,1945,0.0
03,26,1945,0.0
03,27,1945,0.0
03,28,1945,0.0
03,29,1945,0.0
03,30,1945,0.0
03,31,1945,60.0
04,01,1945,0.0
04,02,1945,0.0
04,03,1945,0.0
04,04,1945,0.0
04,05,1945,0.0
04,06,1945,0.0
04,07,1945,0.0
04,08,1945,0.0
04,09,1945,8.0
04,10,1945,0.0
04,11,1945,0.0
04,12,1945,0.0
04,13,1945,0.0
04,14,1945,0.0
04,15,1945,0.0
04,16,1945,0.0
04,17,1945,0.0
04,18,1945,0.0
04,19,1945,0.0
04,20,1945,0.0
04,21,1945,0.0
04,22,1945,0.0
04,23,1945,0.0
04,24,1945,0.0
04,25,1945,0.0
04,26,1945,0.0
04,27,1945,0.0
04,28,1945,0.0
04,29,1945,0.0
04,30,1945,0.0
05,01,1945,0.0
05,02,1945,0.0
05,03,1945,0.0
05,04,1945,0.0
05,05,1945,0.0
05,06,1945,0.0
05,07,1945,0.0
05,08,1945,0.0
05,09,1945,0.0
05,10,1945,0.0
05,11,1945,0.0
05,12,1945,0.0
05,13,1945,0.0
05,14,1945,0.0
05,15,1945,0.0
05,16,1945,0.0
05,17,1945,0.0
05,18,1945,0.0
05,19,1945,0.0
05,20,1945,0.0
05,21,1945,0.0
05,22,1945,0.0
05,23,1945,0.0
05,24,1945,0.0
05,25,1945,0.0
05,26,1945,0.0
05,27,1945,0.0
05,28,1945,0.0
05,29,1945,0.0
05,30,1945,0.0
05,31,1945,0.0
06,01,1945,0.0
06,02,1945,0.0
06,03,1945,0.0
06,04,1945,0.0
06,05,1945,0.0
06,06,1945,0.0
06,07,1945,0.0
06,08,1945,0.0
06,09,1945,0.0
06,10,1945,0.0
06,11,1945,0.0
06,12,1945,0.0
06,13,1945,0.0
06,14,1945,0.0
06,15,1945,0.0
06,16,1945,0.0
06,17,1945,0.0
06,18,1945,0.0
06,19,1945,0.0
06,20,1945,0.0
06,21,1945,0.0
06,22,1945,0.0
06,23,1945,0.0
06,24,1945,0.0
06,25,1945,0.0
06,26,1945,0.0
06,27,1945,0.0
06,28,1945,0.0
06,29,1945,0.0
06,30,1945,0.0
07,01,1945,0.0
07,02,1945,0.0
07,03,1945,0.0
07,04,1945,0.0
07,05,1945,0.0
07,06,1945,0.0
07,07,1945,0.0
07,08,1945,0.0
07,09,1945,0.0
07,10,1945,0.0
07,11,1945,0.0
07,12,1945,0.0
07,13,1945,0.0
07,14,1945,0.0
07,15,1945,0.0
07,16,1945,0.0
07,17,1945,0.0
07,18,1945,0.0
07,19,1945,0.0
07,20,1945,0.0
07,21,1945,0.0
07,22,1945,0.0
07,23,1945,5.0
07,24,1945,0.0
07,25,1945,0.0
07,26,1945,0.0
07,27,1945,0.0
07,28,1945,0.0
07,29,1945,33.0
07,30,1945,0.0
07,31,1945,40.0
08,01,1945,0.0
08,02,1945,26.0
08,03,1945,0.0
08,04,1945,0.0
08,05,1945,0.0
08,06,1945,0.0
08,07,1945,0.0
08,08,1945,0.0
08,09,1945,0.0
08,10,1945,0.0
08,11,1945,0.0
08,12,1945,0.0
08,13,1945,0.0
08,14,1945,0.0
08,15,1945,0.0
08,16,1945,0.0
08,17,1945,0.0
08,18,1945,0.0
08,19,1945,0.0
08,20,1945,0.0
08,21,1945,0.0
08,22,1945,0.0
08,23,1945,0.0
08,24,1945,0.0
08,25,1945,0.0
08,26,1945,0.0
08,27,1945,0.0
08,28,1945,0.0
08,29,1945,0.0
08,30,1945,0.0
08,31,1945,0.0
09,01,1945,0.0
09,02,1945,0.0
09,03,1945,0.0
09,04,1945,0.0
09,05,1945,0.0
09,06,1945,0.0
09,07,1945,0.0
09,08,1945,0.0
09,09,1945,0.0
09,10,1945,0.0
09,11,1945,0.0
09,12,1945,0.0
09,13,1945,0.0
09,14,1945,0.0
09,15,1945,0.0
09,16,1945,0.0
09,17,1945,0.0
09,18,1945,0.0
09,19,1945,0.0
09,20,1945,0.0
09,21,1945,0.0
09,22,1945,0.0
09,23,1945,0.0
09,24,1945,0.0
09,25,1945,0.0
09,26,1945,0.0
09,27,1945,0.0
09,28,1945,0.0
09,29,1945,0.0
09,30,1945,0.0
10,01,1945,0.0
10,02,1945,0.0
10,03,1945,0.0
10,04,1945,0.0
10,05,1945,0.0
10,06,1945,0.0
10,07,1945,0.0
10,08,1945,0.0
10,09,1945,0.0
10,10,1945,0.0
10,11,1945,0.0
10,12,1945,0.0
10,13,1945,0.0
10,14,1945,0.0
10,15,1945,0.0
10,16,1945,0.0
10,17,1945,0.0
10,18,1945,0.0
10,19,1945,0.0
10,20,1945,0.0
10,21,1945,0.0
10,22,1945,0.0
10,23,1945,0.0
10,24,1945,0.0
10,25,1945,0.0
10,26,1945,0.0
10,27,1945,0.0
10,28,1945,0.0
10,29,1945,0.0
10,30,1945,0.0
10,31,1945,0.0
11,01,1945,0.0
11,02,1945,0.0
11,03,1945,0.0
11,04,1945,0.0
11,05,1945,0.0
11,06,1945,0.0
11,07,1945,0.0
11,08,1945,0.0
11,09,1945,0.0
11,10,1945,0.0
11,11,1945,0.0
11,12,1945,0.0
11,13,1945,0.0
11,14,1945,0.0
11,15,1945,0.0
11,16,1945,0.0
11,17,1945,0.0
11,18,1945,0.0
11,19,1945,0.0
11,20,1945,0.0
11,21,1945,0.0
11,22,1945,0.0
11,23,1945,0.0
11,24,1945,0.0
11,25,1945,0.0
11,26,1945,0.0
11,27,1945,0.0
11,28,1945,0.0
11,29,1945,0.0
11,30,1945,0.0
12,01,1945,0.0
12,02,1945,0.0
12,03,1945,0.0
12,04,1945,0.0
12,05,1945,0.0
12,06,1945,0.0
12,07,1945,0.0
12,08,1945,0.0
12,09,1945,0.0
12,10,1945,0.0
12,11,1945,0.0
12,12,1945,0.0
12,13,1945,0.0
12,14,1945,0.0
12,15,1945,0.0
12,16,1945,0.0
12,17,1945,0.0
12,18,1945,0.0
12,19,1945,0.0
12,20,1945,0.0
12,21,1945,0.0
12,22,1945,0.0
12,23,1945,0.0
12,24,1945,0.0
12,25,1945,0.0
12,26,1945,0.0
12,27,1945,0.0
12,28,1945,0.0
12,29,1945,0.0
12,30,1945,0.0
12,31,1945,0.0
01,01,1946,0.0
01,02,1946,0.0
01,03,1946,15.0
01,04,1946,0.0
01,05,1946,55.0
01,06,1946,0.0
01,07,1946,0.0
01,08,1946,0.0
01,09,1946,0.0
01,10,1946,0.0
01,11,1946,0.0
01,12,1946,10.0
01,13,1946,0.0
01,14,1946,0.0
01,15,1946,0.0
01,16,1946,0.0
01,17,1946,0.0
01,18,1946,0.0
01,19,1946,0.0
01,20,1946,0.0
01,21,1946,0.0
01,22,1946,0.0
01,23,1946,0.0
01,24,1946,0.0
01,25,1946,0.0
01,26,1946,0.0
01,27,1946,0.0
01,28,1946,0.0
01,29,1946,0.0
01,30,1946,0.0
01,31,1946,0.0
02,01,1946,0.0
02,02,1946,0.0
02,03,1946,0.0
02,04,1946,0.0
02,05,1946,0.0
02,06,1946,0.0
02,07,1946,0.0
02,08,1946,0.0
02,09,1946,0.0
02,10,1946,0.0
02,11,1946,0.0
02,12,1946,0.0
02,13,1946,0.0
02,14,1946,0.0
02,15,1946,0.0
02,16,1946,0.0
02,17,1946,0.0
02,18,1946,0.0
02,19,1946,0.0
02,20,1946,0.0
02,21,1946,0.0
02,22,1946,0.0
02,23,1946,0.0
02,24,1946,0.0
02,25,1946,0.0
02,26,1946,0.0
02,27,1946,0.0
02,28,1946,0.0
03,01,1946,0.0
03,02,1946,0.0
03,03,1946,0.0
03,04,1946,0.0
03,05,1946,0.0
03,06,1946,0.0
03,07,1946,0.0
03,08,1946,0.0
03,09,1946,0.0
03,10,1946,0.0
03,11,1946,0.0
03,12,1946,0.0
03,13,1946,0.0
03,14,1946,12.0
03,15,1946,0.0
03,16,1946,0.0
03,17,1946,0.0
03,18,1946,0.0
03,19,1946,0.0
03,20,1946,0.0
03,21,1946,0.0
03,22,1946,0.0
03,23,1946,0.0
03,24,1946,0.0
03,25,1946,0.0
03,26,1946,0.0
03,27,1946,0.0
03,28,1946,0.0
03,29,1946,0.0
03,30,1946,0.0
03,31,1946,0.0
04,01,1946,null
04,02,1946,null
04,03,1946,null
04,04,1946,null
04,05,1946,null
04,06,1946,null
04,07,1946,null
04,08,1946,null
04,09,1946,null
04,10,1946,null
04,11,1946,null
04,12,1946,null
04,13,1946,null
04,14,1946,null
04,15,1946,null
04,16,1946,null
04,17,1946,null
04,18,1946,null
04,19,1946,null
04,20,1946,null
04,21,1946,null
04,22,1946,null
04,23,1946,null
04,24,1946,null
04,25,1946,null
04,26,1946,null
04,27,1946,null
04,28,1946,null
04,29,1946,null
04,30,1946,null
05,01,1946,null
05,02,1946,null
05,03,1946,null
05,04,1946,null
05,05,1946,null
05,06,1946,null
05,07,1946,null
05,08,1946,null
05,09,1946,null
05,10,1946,null
05,11,1946,null
05,12,1946,null
05,13,1946,null
05,14,1946,null
05,15,1946,null
05,16,1946,null
05,17,1946,null
05,18,1946,null
05,19,1946,null
05,20,1946,null
05,21,1946,null
05,22,1946,null
05,23,1946,null
05,24,1946,null
05,25,1946,null
05,26,1946,null
05,27,1946,null
05,28,1946,null
05,29,1946,null
05,30,1946,null
05,31,1946,null
06,01,1946,0.0
06,02,1946,0.0
06,03,1946,0.0
06,04,1946,0.0
06,05,1946,0.0
06,06,1946,0.0
06,07,1946,0.0
06,08,1946,0.0
06,09,1946,0.0
06,10,1946,0.0
06,11,1946,0.0
06,12,1946,0.0
06,13,1946,0.0
06,14,1946,0.0
06,15,1946,0.0
06,16,1946,0.0
06,17,1946,0.0
06,18,1946,0.0
06,19,1946,0.0
06,20,1946,0.0
06,21,1946,0.0
06,22,1946,0.0
06,23,1946,0.0
06,24,1946,0.0
06,25,1946,0.0
06,26,1946,0.0
06,27,1946,0.0
06,28,1946,0.0
06,29,1946,0.0
06,30,1946,0.0
07,01,1946,0.0
07,02,1946,0.0
07,03,1946,0.0
07,04,1946,0.0
07,05,1946,0.0
07,06,1946,0.0
07,07,1946,10.0
07,08,1946,0.0
07,09,1946,17.0
07,10,1946,0.0
07,11,1946,5.0
07,12,1946,0.0
07,13,1946,0.0
07,14,1946,0.0
07,15,1946,0.0
07,16,1946,0.0
07,17,1946,0.0
07,18,1946,0.0
07,19,1946,0.0
07,20,1946,0.0
07,21,1946,0.0
07,22,1946,0.0
07,23,1946,0.0
07,24,1946,0.0
07,25,1946,0.0
07,26,1946,0.0
07,27,1946,0.0
07,28,1946,0.0
07,29,1946,32.0
07,30,1946,0.0
07,31,1946,0.0
08,01,1946,0.0
08,02,1946,0.0
08,03,1946,0.0
08,04,1946,0.0
08,05,1946,10.0
08,06,1946,0.0
08,07,1946,0.0
08,08,1946,0.0
08,09,1946,0.0
08,10,1946,0.0
08,11,1946,0.0
08,12,1946,10.0
08,13,1946,0.0
08,14,1946,0.0
08,15,1946,0.0
08,16,1946,0.0
08,17,1946,0.0
08,18,1946,5.0
08,19,1946,23.0
08,20,1946,0.0
08,21,1946,0.0
08,22,1946,0.0
08,23,1946,0.0
08,24,1946,0.0
08,25,1946,0.0
08,26,1946,0.0
08,27,1946,0.0
08,28,1946,0.0
08,29,1946,10.0
08,30,1946,0.0
08,31,1946,0.0
09,01,1946,0.0
09,02,1946,0.0
09,03,1946,0.0
09,04,1946,0.0
09,05,1946,0.0
09,06,1946,0.0
09,07,1946,0.0
09,08,1946,0.0
09,09,1946,33.0
09,10,1946,0.0
09,11,1946,0.0
09,12,1946,0.0
09,13,1946,0.0
09,14,1946,0.0
09,15,1946,0.0
09,16,1946,0.0
09,17,1946,0.0
09,18,1946,0.0
09,19,1946,0.0
09,20,1946,0.0
09,21,1946,0.0
09,22,1946,0.0
09,23,1946,0.0
09,24,1946,0.0
09,25,1946,0.0
09,26,1946,5.0
09,27,1946,0.0
09,28,1946,0.0
09,29,1946,0.0
09,30,1946,0.0
10,01,1946,0.0
10,02,1946,0.0
10,03,1946,0.0
10,04,1946,0.0
10,05,1946,0.0
10,06,1946,0.0
10,07,1946,0.0
10,08,1946,0.0
10,09,1946,15.0
10,10,1946,0.0
10,11,1946,0.0
10,12,1946,0.0
10,13,1946,0.0
10,14,1946,0.0
10,15,1946,0.0
10,16,1946,0.0
10,17,1946,0.0
10,18,1946,0.0
10,19,1946,0.0
10,20,1946,0.0
10,21,1946,0.0
10,22,1946,0.0
10,23,1946,0.0
10,24,1946,0.0
10,25,1946,0.0
10,26,1946,0.0
10,27,1946,12.0
10,28,1946,0.0
10,29,1946,0.0
10,30,1946,0.0
10,31,1946,0.0
11,01,1946,0.0
11,02,1946,0.0
11,03,1946,0.0
11,04,1946,0.0
11,05,1946,0.0
11,06,1946,0.0
11,07,1946,0.0
11,08,1946,0.0
11,09,1946,0.0
11,10,1946,0.0
11,11,1946,0.0
11,12,1946,0.0
11,13,1946,0.0
11,14,1946,0.0
11,15,1946,0.0
11,16,1946,0.0
11,17,1946,0.0
11,18,1946,0.0
11,19,1946,0.0
11,20,1946,0.0
11,21,1946,0.0
11,22,1946,0.0
11,23,1946,0.0
11,24,1946,0.0
11,25,1946,0.0
11,26,1946,0.0
11,27,1946,0.0
11,28,1946,0.0
11,29,1946,0.0
11,30,1946,0.0
12,01,1946,null
12,02,1946,null
12,03,1946,null
12,04,1946,null
12,05,1946,null
12,06,1946,null
12,07,1946,null
12,08,1946,null
12,09,1946,null
12,10,1946,null
12,11,1946,null
12,12,1946,null
12,13,1946,null
12,14,1946,null
12,15,1946,null
12,16,1946,null
12,17,1946,null
12,18,1946,null
12,19,1946,null
12,20,1946,null
12,21,1946,null
12,22,1946,null
12,23,1946,null
12,24,1946,null
12,25,1946,null
12,26,1946,null
12,27,1946,null
12,28,1946,null
12,29,1946,null
12,30,1946,null
12,31,1946,null
01,01,1947,15.0
01,02,1947,25.0
01,03,1947,0.0
01,04,1947,0.0
01,05,1947,0.0
01,06,1947,0.0
01,07,1947,0.0
01,08,1947,0.0
01,09,1947,0.0
01,10,1947,0.0
01,11,1947,0.0
01,12,1947,0.0
01,13,1947,0.0
01,14,1947,0.0
01,15,1947,0.0
01,16,1947,0.0
01,17,1947,0.0
01,18,1947,0.0
01,19,1947,0.0
01,20,1947,0.0
01,21,1947,0.0
01,22,1947,0.0
01,23,1947,0.0
01,24,1947,0.0
01,25,1947,0.0
01,26,1947,0.0
01,27,1947,0.0
01,28,1947,0.0
01,29,1947,0.0
01,30,1947,0.0
01,31,1947,0.0
02,01,1947,0.0
02,02,1947,0.0
02,03,1947,0.0
02,04,1947,0.0
02,05,1947,0.0
02,06,1947,0.0
02,07,1947,0.0
02,08,1947,0.0
02,09,1947,0.0
02,10,1947,0.0
02,11,1947,0.0
02,12,1947,0.0
02,13,1947,0.0
02,14,1947,0.0
02,15,1947,0.0
02,16,1947,0.0
02,17,1947,0.0
02,18,1947,0.0
02,19,1947,0.0
02,20,1947,0.0
02,21,1947,0.0
02,22,1947,0.0
02,23,1947,0.0
02,24,1947,0.0
02,25,1947,0.0
02,26,1947,0.0
02,27,1947,0.0
02,28,1947,0.0
03,01,1947,0.0
03,02,1947,0.0
03,03,1947,0.0
03,04,1947,0.0
03,05,1947,0.0
03,06,1947,0.0
03,07,1947,0.0
03,08,1947,0.0
03,09,1947,0.0
03,10,1947,0.0
03,11,1947,0.0
03,12,1947,0.0
03,13,1947,0.0
03,14,1947,0.0
03,15,1947,0.0
03,16,1947,0.0
03,17,1947,10.0
03,18,1947,0.0
03,19,1947,0.0
03,20,1947,0.0
03,21,1947,0.0
03,22,1947,0.0
03,23,1947,0.0
03,24,1947,0.0
03,25,1947,0.0
03,26,1947,0.0
03,27,1947,0.0
03,28,1947,0.0
03,29,1947,0.0
03,30,1947,0.0
03,31,1947,0.0
04,01,1947,0.0
04,02,1947,0.0
04,03,1947,12.0
04,04,1947,0.0
04,05,1947,0.0
04,06,1947,0.0
04,07,1947,0.0
04,08,1947,0.0
04,09,1947,0.0
04,10,1947,0.0
04,11,1947,0.0
04,12,1947,0.0
04,13,1947,0.0
04,14,1947,0.0
04,15,1947,0.0
04,16,1947,0.0
04,17,1947,0.0
04,18,1947,0.0
04,19,1947,0.0
04,20,1947,0.0
04,21,1947,0.0
04,22,1947,0.0
04,23,1947,0.0
04,24,1947,0.0
04,25,1947,0.0
04,26,1947,0.0
04,27,1947,0.0
04,28,1947,0.0
04,29,1947,0.0
04,30,1947,0.0
05,01,1947,null
05,02,1947,null
05,03,1947,null
05,04,1947,null
05,05,1947,null
05,06,1947,null
05,07,1947,null
05,08,1947,null
05,09,1947,null
05,10,1947,null
05,11,1947,null
05,12,1947,null
05,13,1947,null
05,14,1947,null
05,15,1947,null
05,16,1947,null
05,17,1947,null
05,18,1947,null
05,19,1947,null
05,20,1947,null
05,21,1947,null
05,22,1947,null
05,23,1947,null
05,24,1947,null
05,25,1947,null
05,26,1947,null
05,27,1947,null
05,28,1947,null
05,29,1947,null
05,30,1947,null
05,31,1947,null
06,01,1947,null
06,02,1947,null
06,03,1947,null
06,04,1947,null
06,05,1947,null
06,06,1947,null
06,07,1947,null
06,08,1947,null
06,09,1947,null
06,10,1947,null
06,11,1947,null
06,12,1947,null
06,13,1947,null
06,14,1947,null
06,15,1947,null
06,16,1947,null
06,17,1947,null
06,18,1947,null
06,19,1947,null
06,20,1947,null
06,21,1947,null
06,22,1947,null
06,23,1947,null
06,24,1947,null
06,25,1947,null
06,26,1947,null
06,27,1947,null
06,28,1947,null
06,29,1947,null
06,30,1947,null
07,01,1947,null
07,02,1947,null
07,03,1947,null
07,04,1947,null
07,05,1947,null
07,06,1947,null
07,07,1947,null
07,08,1947,null
07,09,1947,null
07,10,1947,null
07,11,1947,null
07,12,1947,null
07,13,1947,null
07,14,1947,null
07,15,1947,null
07,16,1947,null
07,17,1947,null
07,18,1947,null
07,19,1947,null
07,20,1947,null
07,21,1947,null
07,22,1947,null
07,23,1947,null
07,24,1947,null
07,25,1947,null
07,26,1947,null
07,27,1947,null
07,28,1947,null
07,29,1947,null
07,30,1947,null
07,31,1947,null
08,01,1947,null
08,02,1947,null
08,03,1947,null
08,04,1947,null
08,05,1947,null
08,06,1947,null
08,07,1947,null
08,08,1947,null
08,09,1947,null
08,10,1947,null
08,11,1947,null
08,12,1947,null
08,13,1947,null
08,14,1947,null
08,15,1947,null
08,16,1947,null
08,17,1947,null
08,18,1947,null
08,19,1947,null
08,20,1947,null
08,21,1947,null
08,22,1947,null
08,23,1947,null
08,24,1947,null
08,25,1947,null
08,26,1947,null
08,27,1947,null
08,28,1947,null
08,29,1947,null
08,30,1947,null
08,31,1947,null
09,01,1947,null
09,02,1947,null
09,03,1947,null
09,04,1947,null
09,05,1947,null
09,06,1947,null
09,07,1947,null
09,08,1947,null
09,09,1947,null
09,10,1947,null
09,11,1947,null
09,12,1947,null
09,13,1947,null
09,14,1947,null
09,15,1947,null
09,16,1947,null
09,17,1947,null
09,18,1947,null
09,19,1947,null
09,20,1947,null
09,21,1947,null
09,22,1947,null
09,23,1947,null
09,24,1947,null
09,25,1947,null
09,26,1947,null
09,27,1947,null
09,28,1947,null
09,29,1947,null
09,30,1947,null
10,01,1947,0.0
10,02,1947,0.0
10,03,1947,0.0
10,04,1947,0.0
10,05,1947,0.0
10,06,1947,0.0
10,07,1947,0.0
10,08,1947,0.0
10,09,1947,0.0
10,10,1947,0.0
10,11,1947,0.0
10,12,1947,0.0
10,13,1947,0.0
10,14,1947,0.0
10,15,1947,0.0
10,16,1947,0.0
10,17,1947,0.0
10,18,1947,0.0
10,19,1947,0.0
10,20,1947,0.0
10,21,1947,0.0
10,22,1947,0.0
10,23,1947,0.0
10,24,1947,0.0
10,25,1947,0.0
10,26,1947,0.0
10,27,1947,0.0
10,28,1947,0.0
10,29,1947,0.0
10,30,1947,0.0
10,31,1947,0.0
11,01,1947,0.0
11,02,1947,0.0
11,03,1947,0.0
11,04,1947,0.0
11,05,1947,0.0
11,06,1947,0.0
11,07,1947,0.0
11,08,1947,0.0
11,09,1947,0.0
11,10,1947,0.0
11,11,1947,0.0
11,12,1947,0.0
11,13,1947,15.0
11,14,1947,0.0
11,15,1947,0.0
11,16,1947,0.0
11,17,1947,0.0
11,18,1947,0.0
11,19,1947,0.0
11,20,1947,0.0
11,21,1947,0.0
11,22,1947,0.0
11,23,1947,0.0
11,24,1947,0.0
11,25,1947,0.0
11,26,1947,0.0
11,27,1947,0.0
11,28,1947,0.0
11,29,1947,0.0
11,30,1947,0.0
12,01,1947,0.0
12,02,1947,0.0
12,03,1947,0.0
12,04,1947,0.0
12,05,1947,0.0
12,06,1947,0.0
12,07,1947,0.0
12,08,1947,0.0
12,09,1947,0.0
12,10,1947,0.0
12,11,1947,0.0
12,12,1947,0.0
12,13,1947,0.0
12,14,1947,0.0
12,15,1947,0.0
12,16,1947,0.0
12,17,1947,0.0
12,18,1947,0.0
12,19,1947,0.0
12,20,1947,0.0
12,21,1947,0.0
12,22,1947,0.0
12,23,1947,0.0
12,24,1947,0.0
12,25,1947,0.0
12,26,1947,0.0
12,27,1947,0.0
12,28,1947,0.0
12,29,1947,0.0
12,30,1947,20.0
12,31,1947,0.0
01,01,1948,null
01,02,1948,null
01,03,1948,null
01,04,1948,null
01,05,1948,null
01,06,1948,null
01,07,1948,null
01,08,1948,null
01,09,1948,null
01,10,1948,null
01,11,1948,null
01,12,1948,null
01,13,1948,null
01,14,1948,null
01,15,1948,null
01,16,1948,null
01,17,1948,null
01,18,1948,null
01,19,1948,null
01,20,1948,null
01,21,1948,null
01,22,1948,null
01,23,1948,null
01,24,1948,null
01,25,1948,null
01,26,1948,null
01,27,1948,null
01,28,1948,null
01,29,1948,null
01,30,1948,null
01,31,1948,null
02,01,1948,null
02,02,1948,null
02,03,1948,null
02,04,1948,null
02,05,1948,null
02,06,1948,null
02,07,1948,null
02,08,1948,null
02,09,1948,null
02,10,1948,null
02,11,1948,null
02,12,1948,null
02,13,1948,null
02,14,1948,null
02,15,1948,null
02,16,1948,null
02,17,1948,null
02,18,1948,null
02,19,1948,null
02,20,1948,null
02,21,1948,null
02,22,1948,null
02,23,1948,null
02,24,1948,null
02,25,1948,null
02,26,1948,null
02,27,1948,null
02,28,1948,null
02,29,1948,null
03,01,1948,null
03,02,1948,null
03,03,1948,null
03,04,1948,null
03,05,1948,null
03,06,1948,null
03,07,1948,null
03,08,1948,null
03,09,1948,null
03,10,1948,null
03,11,1948,null
03,12,1948,null
03,13,1948,null
03,14,1948,null
03,15,1948,null
03,16,1948,null
03,17,1948,null
03,18,1948,null
03,19,1948,null
03,20,1948,null
03,21,1948,null
03,22,1948,null
03,23,1948,null
03,24,1948,null
03,25,1948,null
03,26,1948,null
03,27,1948,null
03,28,1948,null
03,29,1948,null
03,30,1948,null
03,31,1948,null
04,01,1948,null
04,02,1948,null
04,03,1948,null
04,04,1948,null
04,05,1948,null
04,06,1948,null
04,07,1948,null
04,08,1948,null
04,09,1948,null
04,10,1948,null
04,11,1948,null
04,12,1948,null
04,13,1948,null
04,14,1948,null
04,15,1948,null
04,16,1948,null
04,17,1948,null
04,18,1948,null
04,19,1948,null
04,20,1948,null
04,21,1948,null
04,22,1948,null
04,23,1948,null
04,24,1948,null
04,25,1948,null
04,26,1948,null
04,27,1948,null
04,28,1948,null
04,29,1948,null
04,30,1948,null
05,01,1948,null
05,02,1948,null
05,03,1948,null
05,04,1948,null
05,05,1948,null
05,06,1948,null
05,07,1948,null
05,08,1948,null
05,09,1948,null
05,10,1948,null
05,11,1948,null
05,12,1948,null
05,13,1948,null
05,14,1948,null
05,15,1948,null
05,16,1948,null
05,17,1948,null
05,18,1948,null
05,19,1948,null
05,20,1948,null
05,21,1948,null
05,22,1948,null
05,23,1948,null
05,24,1948,null
05,25,1948,null
05,26,1948,null
05,27,1948,null
05,28,1948,null
05,29,1948,null
05,30,1948,null
05,31,1948,null
06,01,1948,null
06,02,1948,null
06,03,1948,null
06,04,1948,null
06,05,1948,null
06,06,1948,null
06,07,1948,null
06,08,1948,null
06,09,1948,null
06,10,1948,null
06,11,1948,null
06,12,1948,null
06,13,1948,null
06,14,1948,null
06,15,1948,null
06,16,1948,null
06,17,1948,null
06,18,1948,null
06,19,1948,null
06,20,1948,null
06,21,1948,null
06,22,1948,null
06,23,1948,null
06,24,1948,null
06,25,1948,null
06,26,1948,null
06,27,1948,null
06,28,1948,null
06,29,1948,null
06,30,1948,null
07,01,1948,null
07,02,1948,null
07,03,1948,null
07,04,1948,null
07,05,1948,null
07,06,1948,null
07,07,1948,null
07,08,1948,null
07,09,1948,null
07,10,1948,null
07,11,1948,null
07,12,1948,null
07,13,1948,null
07,14,1948,null
07,15,1948,null
07,16,1948,null
07,17,1948,null
07,18,1948,null
07,19,1948,null
07,20,1948,null
07,21,1948,null
07,22,1948,null
07,23,1948,null
07,24,1948,null
07,25,1948,null
07,26,1948,null
07,27,1948,null
07,28,1948,null
07,29,1948,null
07,30,1948,null
07,31,1948,null
08,01,1948,null
08,02,1948,null
08,03,1948,null
08,04,1948,null
08,05,1948,null
08,06,1948,null
08,07,1948,null
08,08,1948,null
08,09,1948,null
08,10,1948,null
08,11,1948,null
08,12,1948,null
08,13,1948,null
08,14,1948,null
08,15,1948,null
08,16,1948,null
08,17,1948,null
08,18,1948,null
08,19,1948,null
08,20,1948,null
08,21,1948,null
08,22,1948,null
08,23,1948,null
08,24,1948,null
08,25,1948,null
08,26,1948,null
08,27,1948,null
08,28,1948,null
08,29,1948,null
08,30,1948,null
08,31,1948,null
09,01,1948,null
09,02,1948,null
09,03,1948,null
09,04,1948,null
09,05,1948,null
09,06,1948,null
09,07,1948,null
09,08,1948,null
09,09,1948,null
09,10,1948,null
09,11,1948,null
09,12,1948,null
09,13,1948,null
09,14,1948,null
09,15,1948,null
09,16,1948,null
09,17,1948,null
09,18,1948,null
09,19,1948,null
09,20,1948,null
09,21,1948,null
09,22,1948,null
09,23,1948,null
09,24,1948,null
09,25,1948,null
09,26,1948,null
09,27,1948,null
09,28,1948,null
09,29,1948,null
09,30,1948,null
10,01,1948,null
10,02,1948,null
10,03,1948,null
10,04,1948,null
10,05,1948,null
10,06,1948,null
10,07,1948,null
10,08,1948,null
10,09,1948,null
10,10,1948,null
10,11,1948,null
10,12,1948,null
10,13,1948,null
10,14,1948,null
10,15,1948,null
10,16,1948,null
10,17,1948,null
10,18,1948,null
10,19,1948,null
10,20,1948,null
10,21,1948,null
10,22,1948,null
10,23,1948,null
10,24,1948,null
10,25,1948,null
10,26,1948,null
10,27,1948,null
10,28,1948,null
10,29,1948,null
10,30,1948,null
10,31,1948,null
11,01,1948,null
11,02,1948,null
11,03,1948,null
11,04,1948,null
11,05,1948,null
11,06,1948,null
11,07,1948,null
11,08,1948,null
11,09,1948,null
11,10,1948,null
11,11,1948,null
11,12,1948,null
11,13,1948,null
11,14,1948,null
11,15,1948,null
11,16,1948,null
11,17,1948,null
11,18,1948,null
11,19,1948,null
11,20,1948,null
11,21,1948,null
11,22,1948,null
11,23,1948,null
11,24,1948,null
11,25,1948,null
11,26,1948,null
11,27,1948,null
11,28,1948,null
11,29,1948,null
11,30,1948,null
12,01,1948,null
12,02,1948,null
12,03,1948,null
12,04,1948,null
12,05,1948,null
12,06,1948,null
12,07,1948,null
12,08,1948,null
12,09,1948,null
12,10,1948,null
12,11,1948,null
12,12,1948,null
12,13,1948,null
12,14,1948,null
12,15,1948,null
12,16,1948,null
12,17,1948,null
12,18,1948,null
12,19,1948,null
12,20,1948,null
12,21,1948,null
12,22,1948,null
12,23,1948,null
12,24,1948,null
12,25,1948,null
12,26,1948,null
12,27,1948,null
12,28,1948,null
12,29,1948,null
12,30,1948,null
12,31,1948,null
01,01,1949,0.0
01,02,1949,17.0
01,03,1949,0.0
01,04,1949,0.0
01,05,1949,0.0
01,06,1949,0.0
01,07,1949,0.0
01,08,1949,7.0
01,09,1949,10.0
01,10,1949,0.0
01,11,1949,0.0
01,12,1949,25.0
01,13,1949,10.0
01,14,1949,0.0
01,15,1949,15.0
01,16,1949,10.0
01,17,1949,0.0
01,18,1949,0.0
01,19,1949,0.0
01,20,1949,0.0
01,21,1949,0.0
01,22,1949,0.0
01,23,1949,0.0
01,24,1949,0.0
01,25,1949,12.0
01,26,1949,8.0
01,27,1949,0.0
01,28,1949,0.0
01,29,1949,11.0
01,30,1949,0.0
01,31,1949,0.0
02,01,1949,0.0
02,02,1949,0.0
02,03,1949,0.0
02,04,1949,0.0
02,05,1949,0.0
02,06,1949,0.0
02,07,1949,0.0
02,08,1949,0.0
02,09,1949,0.0
02,10,1949,0.0
02,11,1949,5.0
02,12,1949,10.0
02,13,1949,0.0
02,14,1949,0.0
02,15,1949,0.0
02,16,1949,0.0
02,17,1949,0.0
02,18,1949,0.0
02,19,1949,0.0
02,20,1949,0.0
02,21,1949,0.0
02,22,1949,0.0
02,23,1949,0.0
02,24,1949,0.0
02,25,1949,0.0
02,26,1949,0.0
02,27,1949,0.0
02,28,1949,0.0
03,01,1949,0.0
03,02,1949,0.0
03,03,1949,0.0
03,04,1949,0.0
03,05,1949,0.0
03,06,1949,0.0
03,07,1949,0.0
03,08,1949,0.0
03,09,1949,0.0
03,10,1949,0.0
03,11,1949,0.0
03,12,1949,0.0
03,13,1949,0.0
03,14,1949,0.0
03,15,1949,0.0
03,16,1949,0.0
03,17,1949,0.0
03,18,1949,0.0
03,19,1949,0.0
03,20,1949,0.0
03,21,1949,0.0
03,22,1949,0.0
03,23,1949,0.0
03,24,1949,0.0
03,25,1949,10.0
03,26,1949,0.0
03,27,1949,0.0
03,28,1949,0.0
03,29,1949,0.0
03,30,1949,0.0
03,31,1949,0.0
04,01,1949,0.0
04,02,1949,0.0
04,03,1949,0.0
04,04,1949,0.0
04,05,1949,0.0
04,06,1949,0.0
04,07,1949,0.0
04,08,1949,0.0
04,09,1949,0.0
04,10,1949,0.0
04,11,1949,0.0
04,12,1949,0.0
04,13,1949,0.0
04,14,1949,0.0
04,15,1949,0.0
04,16,1949,0.0
04,17,1949,0.0
04,18,1949,0.0
04,19,1949,0.0
04,20,1949,0.0
04,21,1949,0.0
04,22,1949,0.0
04,23,1949,0.0
04,24,1949,0.0
04,25,1949,0.0
04,26,1949,0.0
04,27,1949,0.0
04,28,1949,0.0
04,29,1949,0.0
04,30,1949,0.0
05,01,1949,0.0
05,02,1949,0.0
05,03,1949,0.0
05,04,1949,0.0
05,05,1949,0.0
05,06,1949,0.0
05,07,1949,0.0
05,08,1949,0.0
05,09,1949,0.0
05,10,1949,0.0
05,11,1949,0.0
05,12,1949,0.0
05,13,1949,0.0
05,14,1949,0.0
05,15,1949,0.0
05,16,1949,0.0
05,17,1949,0.0
05,18,1949,0.0
05,19,1949,0.0
05,20,1949,0.0
05,21,1949,0.0
05,22,1949,0.0
05,23,1949,0.0
05,24,1949,0.0
05,25,1949,0.0
05,26,1949,0.0
05,27,1949,0.0
05,28,1949,0.0
05,29,1949,0.0
05,30,1949,0.0
05,31,1949,0.0
06,01,1949,0.0
06,02,1949,0.0
06,03,1949,0.0
06,04,1949,0.0
06,05,1949,0.0
06,06,1949,0.0
06,07,1949,0.0
06,08,1949,0.0
06,09,1949,0.0
06,10,1949,0.0
06,11,1949,0.0
06,12,1949,0.0
06,13,1949,0.0
06,14,1949,0.0
06,15,1949,0.0
06,16,1949,0.0
06,17,1949,0.0
06,18,1949,0.0
06,19,1949,0.0
06,20,1949,0.0
06,21,1949,0.0
06,22,1949,0.0
06,23,1949,0.0
06,24,1949,0.0
06,25,1949,0.0
06,26,1949,0.0
06,27,1949,0.0
06,28,1949,0.0
06,29,1949,0.0
06,30,1949,0.0
07,01,1949,0.0
07,02,1949,0.0
07,03,1949,0.0
07,04,1949,0.0
07,05,1949,0.0
07,06,1949,0.0
07,07,1949,0.0
07,08,1949,0.0
07,09,1949,10.0
07,10,1949,35.0
07,11,1949,20.0
07,12,1949,0.0
07,13,1949,0.0
07,14,1949,0.0
07,15,1949,0.0
07,16,1949,0.0
07,17,1949,15.0
07,18,1949,55.0
07,19,1949,52.0
07,20,1949,10.0
07,21,1949,0.0
07,22,1949,0.0
07,23,1949,0.0
07,24,1949,20.0
07,25,1949,0.0
07,26,1949,0.0
07,27,1949,0.0
07,28,1949,0.0
07,29,1949,0.0
07,30,1949,0.0
07,31,1949,0.0
08,01,1949,0.0
08,02,1949,20.0
08,03,1949,0.0
08,04,1949,0.0
08,05,1949,0.0
08,06,1949,0.0
08,07,1949,10.0
08,08,1949,0.0
08,09,1949,0.0
08,10,1949,0.0
08,11,1949,0.0
08,12,1949,0.0
08,13,1949,0.0
08,14,1949,0.0
08,15,1949,0.0
08,16,1949,0.0
08,17,1949,0.0
08,18,1949,0.0
08,19,1949,0.0
08,20,1949,0.0
08,21,1949,0.0
08,22,1949,0.0
08,23,1949,0.0
08,24,1949,0.0
08,25,1949,0.0
08,26,1949,0.0
08,27,1949,0.0
08,28,1949,0.0
08,29,1949,0.0
08,30,1949,0.0
08,31,1949,0.0
09,01,1949,0.0
09,02,1949,0.0
09,03,1949,0.0
09,04,1949,0.0
09,05,1949,0.0
09,06,1949,0.0
09,07,1949,0.0
09,08,1949,0.0
09,09,1949,0.0
09,10,1949,10.0
09,11,1949,0.0
09,12,1949,0.0
09,13,1949,25.0
09,14,1949,0.0
09,15,1949,0.0
09,16,1949,0.0
09,17,1949,0.0
09,18,1949,0.0
09,19,1949,0.0
09,20,1949,0.0
09,21,1949,0.0
09,22,1949,0.0
09,23,1949,0.0
09,24,1949,0.0
09,25,1949,0.0
09,26,1949,0.0
09,27,1949,0.0
09,28,1949,0.0
09,29,1949,0.0
09,30,1949,0.0
10,01,1949,0.0
10,02,1949,0.0
10,03,1949,0.0
10,04,1949,10.0
10,05,1949,15.0
10,06,1949,0.0
10,07,1949,0.0
10,08,1949,0.0
10,09,1949,0.0
10,10,1949,0.0
10,11,1949,0.0
10,12,1949,0.0
10,13,1949,0.0
10,14,1949,0.0
10,15,1949,0.0
10,16,1949,0.0
10,17,1949,0.0
10,18,1949,0.0
10,19,1949,0.0
10,20,1949,0.0
10,21,1949,0.0
10,22,1949,0.0
10,23,1949,0.0
10,24,1949,0.0
10,25,1949,0.0
10,26,1949,0.0
10,27,1949,0.0
10,28,1949,0.0
10,29,1949,0.0
10,30,1949,0.0
10,31,1949,0.0
11,01,1949,0.0
11,02,1949,0.0
11,03,1949,0.0
11,04,1949,0.0
11,05,1949,0.0
11,06,1949,0.0
11,07,1949,0.0
11,08,1949,0.0
11,09,1949,0.0
11,10,1949,0.0
11,11,1949,0.0
11,12,1949,0.0
11,13,1949,0.0
11,14,1949,0.0
11,15,1949,0.0
11,16,1949,0.0
11,17,1949,0.0
11,18,1949,0.0
11,19,1949,0.0
11,20,1949,0.0
11,21,1949,0.0
11,22,1949,0.0
11,23,1949,0.0
11,24,1949,0.0
11,25,1949,0.0
11,26,1949,0.0
11,27,1949,0.0
11,28,1949,0.0
11,29,1949,0.0
11,30,1949,0.0
12,01,1949,0.0
12,02,1949,0.0
12,03,1949,0.0
12,04,1949,0.0
12,05,1949,0.0
12,06,1949,0.0
12,07,1949,0.0
12,08,1949,0.0
12,09,1949,10.0
12,10,1949,15.0
12,11,1949,10.0
12,12,1949,0.0
12,13,1949,0.0
12,14,1949,0.0
12,15,1949,0.0
12,16,1949,0.0
12,17,1949,0.0
12,18,1949,0.0
12,19,1949,0.0
12,20,1949,15.0
12,21,1949,0.0
12,22,1949,0.0
12,23,1949,0.0
12,24,1949,0.0
12,25,1949,0.0
12,26,1949,0.0
12,27,1949,0.0
12,28,1949,0.0
12,29,1949,0.0
12,30,1949,0.0
12,31,1949,0.0
01,01,1950,0.0
01,02,1950,15.0
01,03,1950,0.0
01,04,1950,0.0
01,05,1950,0.0
01,06,1950,0.0
01,07,1950,0.0
01,08,1950,0.0
01,09,1950,0.0
01,10,1950,0.0
01,11,1950,10.0
01,12,1950,0.0
01,13,1950,0.0
01,14,1950,0.0
01,15,1950,0.0
01,16,1950,0.0
01,17,1950,0.0
01,18,1950,0.0
01,19,1950,0.0
01,20,1950,0.0
01,21,1950,0.0
01,22,1950,0.0
01,23,1950,0.0
01,24,1950,0.0
01,25,1950,0.0
01,26,1950,0.0
01,27,1950,0.0
01,28,1950,0.0
01,29,1950,0.0
01,30,1950,0.0
01,31,1950,0.0
02,01,1950,0.0
02,02,1950,0.0
02,03,1950,0.0
02,04,1950,0.0
02,05,1950,0.0
02,06,1950,0.0
02,07,1950,0.0
02,08,1950,0.0
02,09,1950,0.0
02,10,1950,0.0
02,11,1950,10.0
02,12,1950,0.0
02,13,1950,0.0
02,14,1950,0.0
02,15,1950,0.0
02,16,1950,0.0
02,17,1950,0.0
02,18,1950,0.0
02,19,1950,0.0
02,20,1950,0.0
02,21,1950,0.0
02,22,1950,0.0
02,23,1950,0.0
02,24,1950,0.0
02,25,1950,0.0
02,26,1950,8.0
02,27,1950,0.0
02,28,1950,0.0
03,01,1950,15.0
03,02,1950,0.0
03,03,1950,0.0
03,04,1950,0.0
03,05,1950,0.0
03,06,1950,0.0
03,07,1950,0.0
03,08,1950,0.0
03,09,1950,0.0
03,10,1950,0.0
03,11,1950,0.0
03,12,1950,0.0
03,13,1950,0.0
03,14,1950,0.0
03,15,1950,0.0
03,16,1950,0.0
03,17,1950,0.0
03,18,1950,0.0
03,19,1950,0.0
03,20,1950,0.0
03,21,1950,0.0
03,22,1950,0.0
03,23,1950,0.0
03,24,1950,0.0
03,25,1950,10.0
03,26,1950,12.0
03,27,1950,0.0
03,28,1950,0.0
03,29,1950,0.0
03,30,1950,0.0
03,31,1950,0.0
04,01,1950,0.0
04,02,1950,0.0
04,03,1950,0.0
04,04,1950,0.0
04,05,1950,0.0
04,06,1950,0.0
04,07,1950,0.0
04,08,1950,0.0
04,09,1950,0.0
04,10,1950,0.0
04,11,1950,0.0
04,12,1950,0.0
04,13,1950,0.0
04,14,1950,0.0
04,15,1950,0.0
04,16,1950,0.0
04,17,1950,0.0
04,18,1950,0.0
04,19,1950,0.0
04,20,1950,0.0
04,21,1950,0.0
04,22,1950,0.0
04,23,1950,0.0
04,24,1950,0.0
04,25,1950,0.0
04,26,1950,0.0
04,27,1950,0.0
04,28,1950,0.0
04,29,1950,0.0
04,30,1950,0.0
05,01,1950,0.0
05,02,1950,0.0
05,03,1950,0.0
05,04,1950,0.0
05,05,1950,0.0
05,06,1950,0.0
05,07,1950,0.0
05,08,1950,0.0
05,09,1950,0.0
05,10,1950,0.0
05,11,1950,0.0
05,12,1950,0.0
05,13,1950,0.0
05,14,1950,0.0
05,15,1950,0.0
05,16,1950,0.0
05,17,1950,0.0
05,18,1950,0.0
05,19,1950,0.0
05,20,1950,0.0
05,21,1950,0.0
05,22,1950,0.0
05,23,1950,0.0
05,24,1950,0.0
05,25,1950,0.0
05,26,1950,0.0
05,27,1950,0.0
05,28,1950,0.0
05,29,1950,0.0
05,30,1950,0.0
05,31,1950,0.0
06,01,1950,0.0
06,02,1950,0.0
06,03,1950,0.0
06,04,1950,0.0
06,05,1950,0.0
06,06,1950,0.0
06,07,1950,0.0
06,08,1950,0.0
06,09,1950,0.0
06,10,1950,0.0
06,11,1950,0.0
06,12,1950,0.0
06,13,1950,0.0
06,14,1950,0.0
06,15,1950,0.0
06,16,1950,0.0
06,17,1950,0.0
06,18,1950,0.0
06,19,1950,0.0
06,20,1950,10.0
06,21,1950,15.0
06,22,1950,10.0
06,23,1950,0.0
06,24,1950,0.0
06,25,1950,0.0
06,26,1950,0.0
06,27,1950,0.0
06,28,1950,0.0
06,29,1950,0.0
06,30,1950,0.0
07,01,1950,0.0
07,02,1950,0.0
07,03,1950,0.0
07,04,1950,10.0
07,05,1950,15.0
07,06,1950,0.0
07,07,1950,0.0
07,08,1950,0.0
07,09,1950,0.0
07,10,1950,0.0
07,11,1950,0.0
07,12,1950,0.0
07,13,1950,0.0
07,14,1950,0.0
07,15,1950,0.0
07,16,1950,0.0
07,17,1950,10.0
07,18,1950,5.0
07,19,1950,40.0
07,20,1950,35.0
07,21,1950,0.0
07,22,1950,0.0
07,23,1950,15.0
07,24,1950,0.0
07,25,1950,0.0
07,26,1950,0.0
07,27,1950,10.0
07,28,1950,0.0
07,29,1950,20.0
07,30,1950,35.0
07,31,1950,0.0
08,01,1950,null
08,02,1950,null
08,03,1950,null
08,04,1950,null
08,05,1950,null
08,06,1950,null
08,07,1950,null
08,08,1950,null
08,09,1950,null
08,10,1950,null
08,11,1950,null
08,12,1950,null
08,13,1950,null
08,14,1950,null
08,15,1950,null
08,16,1950,null
08,17,1950,null
08,18,1950,null
08,19,1950,null
08,20,1950,null
08,21,1950,null
08,22,1950,null
08,23,1950,null
08,24,1950,null
08,25,1950,null
08,26,1950,null
08,27,1950,null
08,28,1950,null
08,29,1950,null
08,30,1950,null
08,31,1950,null
09,01,1950,0.0
09,02,1950,0.0
09,03,1950,0.0
09,04,1950,0.0
09,05,1950,5.0
09,06,1950,0.0
09,07,1950,0.0
09,08,1950,0.0
09,09,1950,0.0
09,10,1950,0.0
09,11,1950,0.0
09,12,1950,0.0
09,13,1950,0.0
09,14,1950,0.0
09,15,1950,0.0
09,16,1950,0.0
09,17,1950,0.0
09,18,1950,0.0
09,19,1950,0.0
09,20,1950,0.0
09,21,1950,5.0
09,22,1950,0.0
09,23,1950,0.0
09,24,1950,0.0
09,25,1950,0.0
09,26,1950,0.0
09,27,1950,0.0
09,28,1950,0.0
09,29,1950,0.0
09,30,1950,5.0
10,01,1950,0.0
10,02,1950,0.0
10,03,1950,0.0
10,04,1950,0.0
10,05,1950,0.0
10,06,1950,0.0
10,07,1950,0.0
10,08,1950,0.0
10,09,1950,0.0
10,10,1950,0.0
10,11,1950,0.0
10,12,1950,0.0
10,13,1950,0.0
10,14,1950,0.0
10,15,1950,0.0
10,16,1950,0.0
10,17,1950,0.0
10,18,1950,0.0
10,19,1950,0.0
10,20,1950,0.0
10,21,1950,0.0
10,22,1950,0.0
10,23,1950,0.0
10,24,1950,0.0
10,25,1950,0.0
10,26,1950,0.0
10,27,1950,0.0
10,28,1950,0.0
10,29,1950,0.0
10,30,1950,0.0
10,31,1950,0.0
11,01,1950,0.0
11,02,1950,0.0
11,03,1950,0.0
11,04,1950,0.0
11,05,1950,0.0
11,06,1950,0.0
11,07,1950,0.0
11,08,1950,0.0
11,09,1950,0.0
11,10,1950,0.0
11,11,1950,0.0
11,12,1950,0.0
11,13,1950,0.0
11,14,1950,0.0
11,15,1950,0.0
11,16,1950,0.0
11,17,1950,0.0
11,18,1950,0.0
11,19,1950,0.0
11,20,1950,0.0
11,21,1950,0.0
11,22,1950,0.0
11,23,1950,0.0
11,24,1950,0.0
11,25,1950,0.0
11,26,1950,0.0
11,27,1950,0.0
11,28,1950,0.0
11,29,1950,0.0
11,30,1950,0.0
12,01,1950,0.0
12,02,1950,0.0
12,03,1950,0.0
12,04,1950,0.0
12,05,1950,0.0
12,06,1950,0.0
12,07,1950,0.0
12,08,1950,0.0
12,09,1950,0.0
12,10,1950,0.0
12,11,1950,0.0
12,12,1950,0.0
12,13,1950,0.0
12,14,1950,0.0
12,15,1950,0.0
12,16,1950,0.0
12,17,1950,0.0
12,18,1950,0.0
12,19,1950,0.0
12,20,1950,0.0
12,21,1950,0.0
12,22,1950,0.0
12,23,1950,0.0
12,24,1950,0.0
12,25,1950,0.0
12,26,1950,0.0
12,27,1950,0.0
12,28,1950,0.0
12,29,1950,0.0
12,30,1950,0.0
12,31,1950,0.0
01,01,1951,20.0
01,02,1951,0.0
01,03,1951,0.0
01,04,1951,0.0
01,05,1951,0.0
01,06,1951,0.0
01,07,1951,22.0
01,08,1951,0.0
01,09,1951,0.0
01,10,1951,0.0
01,11,1951,0.0
01,12,1951,0.0
01,13,1951,0.0
01,14,1951,0.0
01,15,1951,0.0
01,16,1951,0.0
01,17,1951,0.0
01,18,1951,0.0
01,19,1951,0.0
01,20,1951,0.0
01,21,1951,0.0
01,22,1951,0.0
01,23,1951,0.0
01,24,1951,0.0
01,25,1951,0.0
01,26,1951,0.0
01,27,1951,0.0
01,28,1951,0.0
01,29,1951,0.0
01,30,1951,0.0
01,31,1951,15.0
02,01,1951,0.0
02,02,1951,0.0
02,03,1951,0.0
02,04,1951,0.0
02,05,1951,0.0
02,06,1951,0.0
02,07,1951,0.0
02,08,1951,0.0
02,09,1951,0.0
02,10,1951,0.0
02,11,1951,0.0
02,12,1951,0.0
02,13,1951,0.0
02,14,1951,0.0
02,15,1951,0.0
02,16,1951,0.0
02,17,1951,0.0
02,18,1951,0.0
02,19,1951,0.0
02,20,1951,0.0
02,21,1951,0.0
02,22,1951,0.0
02,23,1951,0.0
02,24,1951,15.0
02,25,1951,10.0
02,26,1951,0.0
02,27,1951,0.0
02,28,1951,0.0
03,01,1951,0.0
03,02,1951,0.0
03,03,1951,0.0
03,04,1951,0.0
03,05,1951,0.0
03,06,1951,0.0
03,07,1951,0.0
03,08,1951,0.0
03,09,1951,0.0
03,10,1951,0.0
03,11,1951,0.0
03,12,1951,0.0
03,13,1951,0.0
03,14,1951,0.0
03,15,1951,0.0
03,16,1951,0.0
03,17,1951,0.0
03,18,1951,0.0
03,19,1951,0.0
03,20,1951,0.0
03,21,1951,0.0
03,22,1951,0.0
03,23,1951,0.0
03,24,1951,0.0
03,25,1951,35.0
03,26,1951,5.0
03,27,1951,0.0
03,28,1951,0.0
03,29,1951,0.0
03,30,1951,0.0
03,31,1951,0.0
04,01,1951,0.0
04,02,1951,0.0
04,03,1951,0.0
04,04,1951,0.0
04,05,1951,0.0
04,06,1951,0.0
04,07,1951,0.0
04,08,1951,0.0
04,09,1951,0.0
04,10,1951,0.0
04,11,1951,0.0
04,12,1951,0.0
04,13,1951,0.0
04,14,1951,0.0
04,15,1951,0.0
04,16,1951,0.0
04,17,1951,0.0
04,18,1951,0.0
04,19,1951,23.0
04,20,1951,0.0
04,21,1951,0.0
04,22,1951,0.0
04,23,1951,0.0
04,24,1951,0.0
04,25,1951,0.0
04,26,1951,0.0
04,27,1951,0.0
04,28,1951,0.0
04,29,1951,12.0
04,30,1951,5.0
05,01,1951,0.0
05,02,1951,0.0
05,03,1951,0.0
05,04,1951,0.0
05,05,1951,0.0
05,06,1951,0.0
05,07,1951,0.0
05,08,1951,0.0
05,09,1951,0.0
05,10,1951,0.0
05,11,1951,0.0
05,12,1951,0.0
05,13,1951,0.0
05,14,1951,0.0
05,15,1951,0.0
05,16,1951,0.0
05,17,1951,0.0
05,18,1951,0.0
05,19,1951,0.0
05,20,1951,0.0
05,21,1951,0.0
05,22,1951,0.0
05,23,1951,0.0
05,24,1951,0.0
05,25,1951,0.0
05,26,1951,0.0
05,27,1951,0.0
05,28,1951,0.0
05,29,1951,0.0
05,30,1951,0.0
05,31,1951,0.0
06,01,1951,0.0
06,02,1951,0.0
06,03,1951,0.0
06,04,1951,0.0
06,05,1951,0.0
06,06,1951,0.0
06,07,1951,0.0
06,08,1951,0.0
06,09,1951,0.0
06,10,1951,0.0
06,11,1951,0.0
06,12,1951,0.0
06,13,1951,0.0
06,14,1951,0.0
06,15,1951,0.0
06,16,1951,0.0
06,17,1951,0.0
06,18,1951,0.0
06,19,1951,0.0
06,20,1951,0.0
06,21,1951,0.0
06,22,1951,0.0
06,23,1951,0.0
06,24,1951,0.0
06,25,1951,0.0
06,26,1951,0.0
06,27,1951,0.0
06,28,1951,0.0
06,29,1951,0.0
06,30,1951,0.0
07,01,1951,0.0
07,02,1951,0.0
07,03,1951,0.0
07,04,1951,0.0
07,05,1951,0.0
07,06,1951,0.0
07,07,1951,0.0
07,08,1951,0.0
07,09,1951,0.0
07,10,1951,5.0
07,11,1951,0.0
07,12,1951,0.0
07,13,1951,0.0
07,14,1951,0.0
07,15,1951,17.0
07,16,1951,0.0
07,17,1951,0.0
07,18,1951,0.0
07,19,1951,0.0
07,20,1951,0.0
07,21,1951,0.0
07,22,1951,0.0
07,23,1951,6.0
07,24,1951,0.0
07,25,1951,0.0
07,26,1951,0.0
07,27,1951,8.0
07,28,1951,0.0
07,29,1951,0.0
07,30,1951,0.0
07,31,1951,0.0
08,01,1951,0.0
08,02,1951,29.0
08,03,1951,0.0
08,04,1951,10.0
08,05,1951,0.0
08,06,1951,0.0
08,07,1951,0.0
08,08,1951,9.0
08,09,1951,0.0
08,10,1951,0.0
08,11,1951,0.0
08,12,1951,0.0
08,13,1951,0.0
08,14,1951,0.0
08,15,1951,0.0
08,16,1951,0.0
08,17,1951,0.0
08,18,1951,10.0
08,19,1951,0.0
08,20,1951,5.0
08,21,1951,0.0
08,22,1951,0.0
08,23,1951,0.0
08,24,1951,0.0
08,25,1951,50.0
08,26,1951,10.0
08,27,1951,0.0
08,28,1951,0.0
08,29,1951,0.0
08,30,1951,0.0
08,31,1951,0.0
09,01,1951,0.0
09,02,1951,0.0
09,03,1951,0.0
09,04,1951,0.0
09,05,1951,0.0
09,06,1951,10.0
09,07,1951,0.0
09,08,1951,5.0
09,09,1951,0.0
09,10,1951,0.0
09,11,1951,0.0
09,12,1951,0.0
09,13,1951,0.0
09,14,1951,0.0
09,15,1951,0.0
09,16,1951,0.0
09,17,1951,0.0
09,18,1951,0.0
09,19,1951,0.0
09,20,1951,0.0
09,21,1951,0.0
09,22,1951,0.0
09,23,1951,0.0
09,24,1951,0.0
09,25,1951,0.0
09,26,1951,0.0
09,27,1951,0.0
09,28,1951,0.0
09,29,1951,0.0
09,30,1951,0.0
10,01,1951,0.0
10,02,1951,0.0
10,03,1951,0.0
10,04,1951,0.0
10,05,1951,0.0
10,06,1951,0.0
10,07,1951,0.0
10,08,1951,0.0
10,09,1951,0.0
10,10,1951,0.0
10,11,1951,0.0
10,12,1951,0.0
10,13,1951,0.0
10,14,1951,0.0
10,15,1951,0.0
10,16,1951,0.0
10,17,1951,0.0
10,18,1951,0.0
10,19,1951,0.0
10,20,1951,0.0
10,21,1951,0.0
10,22,1951,0.0
10,23,1951,0.0
10,24,1951,0.0
10,25,1951,0.0
10,26,1951,5.0
10,27,1951,0.0
10,28,1951,0.0
10,29,1951,15.0
10,30,1951,0.0
10,31,1951,15.0
11,01,1951,0.0
11,02,1951,0.0
11,03,1951,0.0
11,04,1951,0.0
11,05,1951,0.0
11,06,1951,0.0
11,07,1951,0.0
11,08,1951,0.0
11,09,1951,0.0
11,10,1951,0.0
11,11,1951,0.0
11,12,1951,0.0
11,13,1951,0.0
11,14,1951,0.0
11,15,1951,0.0
11,16,1951,0.0
11,17,1951,0.0
11,18,1951,0.0
11,19,1951,0.0
11,20,1951,0.0
11,21,1951,0.0
11,22,1951,0.0
11,23,1951,0.0
11,24,1951,0.0
11,25,1951,0.0
11,26,1951,0.0
11,27,1951,0.0
11,28,1951,0.0
11,29,1951,0.0
11,30,1951,0.0
12,01,1951,0.0
12,02,1951,0.0
12,03,1951,0.0
12,04,1951,0.0
12,05,1951,5.0
12,06,1951,0.0
12,07,1951,10.0
12,08,1951,0.0
12,09,1951,0.0
12,10,1951,0.0
12,11,1951,0.0
12,12,1951,5.0
12,13,1951,0.0
12,14,1951,0.0
12,15,1951,0.0
12,16,1951,0.0
12,17,1951,0.0
12,18,1951,0.0
12,19,1951,0.0
12,20,1951,0.0
12,21,1951,0.0
12,22,1951,0.0
12,23,1951,0.0
12,24,1951,15.0
12,25,1951,0.0
12,26,1951,0.0
12,27,1951,0.0
12,28,1951,0.0
12,29,1951,0.0
12,30,1951,0.0
12,31,1951,0.0
01,01,1952,0.0
01,02,1952,0.0
01,03,1952,0.0
01,04,1952,0.0
01,05,1952,0.0
01,06,1952,0.0
01,07,1952,0.0
01,08,1952,0.0
01,09,1952,0.0
01,10,1952,0.0
01,11,1952,0.0
01,12,1952,0.0
01,13,1952,0.0
01,14,1952,30.0
01,15,1952,0.0
01,16,1952,0.0
01,17,1952,0.0
01,18,1952,10.0
01,19,1952,0.0
01,20,1952,0.0
01,21,1952,0.0
01,22,1952,0.0
01,23,1952,0.0
01,24,1952,0.0
01,25,1952,0.0
01,26,1952,0.0
01,27,1952,0.0
01,28,1952,0.0
01,29,1952,0.0
01,30,1952,0.0
01,31,1952,0.0
02,01,1952,0.0
02,02,1952,0.0
02,03,1952,0.0
02,04,1952,0.0
02,05,1952,0.0
02,06,1952,0.0
02,07,1952,0.0
02,08,1952,0.0
02,09,1952,0.0
02,10,1952,0.0
02,11,1952,0.0
02,12,1952,0.0
02,13,1952,0.0
02,14,1952,0.0
02,15,1952,0.0
02,16,1952,0.0
02,17,1952,0.0
02,18,1952,0.0
02,19,1952,0.0
02,20,1952,0.0
02,21,1952,0.0
02,22,1952,0.0
02,23,1952,0.0
02,24,1952,0.0
02,25,1952,0.0
02,26,1952,0.0
02,27,1952,0.0
02,28,1952,0.0
02,29,1952,0.0
03,01,1952,15.0
03,02,1952,10.0
03,03,1952,0.0
03,04,1952,0.0
03,05,1952,0.0
03,06,1952,0.0
03,07,1952,0.0
03,08,1952,0.0
03,09,1952,11.0
03,10,1952,0.0
03,11,1952,7.0
03,12,1952,0.0
03,13,1952,0.0
03,14,1952,0.0
03,15,1952,0.0
03,16,1952,0.0
03,17,1952,7.0
03,18,1952,0.0
03,19,1952,0.0
03,20,1952,0.0
03,21,1952,0.0
03,22,1952,0.0
03,23,1952,0.0
03,24,1952,0.0
03,25,1952,0.0
03,26,1952,0.0
03,27,1952,0.0
03,28,1952,0.0
03,29,1952,0.0
03,30,1952,0.0
03,31,1952,0.0
04,01,1952,0.0
04,02,1952,0.0
04,03,1952,0.0
04,04,1952,0.0
04,05,1952,0.0
04,06,1952,0.0
04,07,1952,0.0
04,08,1952,0.0
04,09,1952,0.0
04,10,1952,0.0
04,11,1952,7.0
04,12,1952,0.0
04,13,1952,0.0
04,14,1952,0.0
04,15,1952,0.0
04,16,1952,0.0
04,17,1952,0.0
04,18,1952,0.0
04,19,1952,15.0
04,20,1952,10.0
04,21,1952,0.0
04,22,1952,0.0
04,23,1952,0.0
04,24,1952,36.0
04,25,1952,0.0
04,26,1952,0.0
04,27,1952,0.0
04,28,1952,0.0
04,29,1952,0.0
04,30,1952,0.0
05,01,1952,0.0
05,02,1952,0.0
05,03,1952,0.0
05,04,1952,0.0
05,05,1952,0.0
05,06,1952,0.0
05,07,1952,0.0
05,08,1952,0.0
05,09,1952,0.0
05,10,1952,0.0
05,11,1952,0.0
05,12,1952,0.0
05,13,1952,0.0
05,14,1952,0.0
05,15,1952,0.0
05,16,1952,0.0
05,17,1952,0.0
05,18,1952,0.0
05,19,1952,0.0
05,20,1952,0.0
05,21,1952,0.0
05,22,1952,0.0
05,23,1952,0.0
05,24,1952,0.0
05,25,1952,0.0
05,26,1952,0.0
05,27,1952,0.0
05,28,1952,0.0
05,29,1952,0.0
05,30,1952,0.0
05,31,1952,0.0
06,01,1952,0.0
06,02,1952,56.0
06,03,1952,0.0
06,04,1952,0.0
06,05,1952,0.0
06,06,1952,0.0
06,07,1952,0.0
06,08,1952,0.0
06,09,1952,0.0
06,10,1952,0.0
06,11,1952,0.0
06,12,1952,0.0
06,13,1952,0.0
06,14,1952,0.0
06,15,1952,0.0
06,16,1952,0.0
06,17,1952,0.0
06,18,1952,0.0
06,19,1952,0.0
06,20,1952,0.0
06,21,1952,0.0
06,22,1952,0.0
06,23,1952,0.0
06,24,1952,0.0
06,25,1952,0.0
06,26,1952,0.0
06,27,1952,0.0
06,28,1952,8.0
06,29,1952,0.0
06,30,1952,0.0
07,01,1952,0.0
07,02,1952,0.0
07,03,1952,0.0
07,04,1952,0.0
07,05,1952,0.0
07,06,1952,0.0
07,07,1952,0.0
07,08,1952,0.0
07,09,1952,0.0
07,10,1952,5.0
07,11,1952,0.0
07,12,1952,0.0
07,13,1952,0.0
07,14,1952,0.0
07,15,1952,0.0
07,16,1952,0.0
07,17,1952,0.0
07,18,1952,0.0
07,19,1952,0.0
07,20,1952,15.0
07,21,1952,34.0
07,22,1952,0.0
07,23,1952,0.0
07,24,1952,0.0
07,25,1952,0.0
07,26,1952,0.0
07,27,1952,0.0
07,28,1952,14.0
07,29,1952,0.0
07,30,1952,0.0
07,31,1952,0.0
08,01,1952,0.0
08,02,1952,0.0
08,03,1952,11.0
08,04,1952,0.0
08,05,1952,0.0
08,06,1952,0.0
08,07,1952,0.0
08,08,1952,5.0
08,09,1952,0.0
08,10,1952,0.0
08,11,1952,12.0
08,12,1952,0.0
08,13,1952,0.0
08,14,1952,0.0
08,15,1952,0.0
08,16,1952,0.0
08,17,1952,0.0
08,18,1952,0.0
08,19,1952,12.0
08,20,1952,0.0
08,21,1952,0.0
08,22,1952,0.0
08,23,1952,0.0
08,24,1952,0.0
08,25,1952,0.0
08,26,1952,16.0
08,27,1952,0.0
08,28,1952,0.0
08,29,1952,0.0
08,30,1952,0.0
08,31,1952,0.0
09,01,1952,0.0
09,02,1952,0.0
09,03,1952,0.0
09,04,1952,0.0
09,05,1952,0.0
09,06,1952,0.0
09,07,1952,0.0
09,08,1952,0.0
09,09,1952,0.0
09,10,1952,0.0
09,11,1952,0.0
09,12,1952,0.0
09,13,1952,0.0
09,14,1952,0.0
09,15,1952,0.0
09,16,1952,0.0
09,17,1952,0.0
09,18,1952,0.0
09,19,1952,0.0
09,20,1952,0.0
09,21,1952,0.0
09,22,1952,0.0
09,23,1952,0.0
09,24,1952,0.0
09,25,1952,0.0
09,26,1952,0.0
09,27,1952,0.0
09,28,1952,0.0
09,29,1952,0.0
09,30,1952,0.0
10,01,1952,0.0
10,02,1952,0.0
10,03,1952,0.0
10,04,1952,0.0
10,05,1952,0.0
10,06,1952,0.0
10,07,1952,0.0
10,08,1952,0.0
10,09,1952,0.0
10,10,1952,0.0
10,11,1952,0.0
10,12,1952,0.0
10,13,1952,0.0
10,14,1952,0.0
10,15,1952,0.0
10,16,1952,0.0
10,17,1952,0.0
10,18,1952,0.0
10,19,1952,0.0
10,20,1952,0.0
10,21,1952,0.0
10,22,1952,0.0
10,23,1952,0.0
10,24,1952,0.0
10,25,1952,0.0
10,26,1952,0.0
10,27,1952,0.0
10,28,1952,0.0
10,29,1952,0.0
10,30,1952,0.0
10,31,1952,0.0
11,01,1952,0.0
11,02,1952,0.0
11,03,1952,0.0
11,04,1952,0.0
11,05,1952,0.0
11,06,1952,0.0
11,07,1952,0.0
11,08,1952,0.0
11,09,1952,0.0
11,10,1952,0.0
11,11,1952,0.0
11,12,1952,0.0
11,13,1952,0.0
11,14,1952,0.0
11,15,1952,0.0
11,16,1952,18.0
11,17,1952,0.0
11,18,1952,0.0
11,19,1952,0.0
11,20,1952,0.0
11,21,1952,0.0
11,22,1952,0.0
11,23,1952,0.0
11,24,1952,5.0
11,25,1952,0.0
11,26,1952,0.0
11,27,1952,0.0
11,28,1952,0.0
11,29,1952,0.0
11,30,1952,9.0
12,01,1952,0.0
12,02,1952,0.0
12,03,1952,0.0
12,04,1952,0.0
12,05,1952,0.0
12,06,1952,0.0
12,07,1952,0.0
12,08,1952,0.0
12,09,1952,0.0
12,10,1952,0.0
12,11,1952,0.0
12,12,1952,0.0
12,13,1952,0.0
12,14,1952,0.0
12,15,1952,0.0
12,16,1952,0.0
12,17,1952,21.0
12,18,1952,6.0
12,19,1952,0.0
12,20,1952,0.0
12,21,1952,0.0
12,22,1952,0.0
12,23,1952,0.0
12,24,1952,0.0
12,25,1952,0.0
12,26,1952,0.0
12,27,1952,0.0
12,28,1952,0.0
12,29,1952,0.0
12,30,1952,0.0
12,31,1952,0.0
01,01,1953,0.0
01,02,1953,0.0
01,03,1953,0.0
01,04,1953,0.0
01,05,1953,0.0
01,06,1953,0.0
01,07,1953,0.0
01,08,1953,0.0
01,09,1953,0.0
01,10,1953,0.0
01,11,1953,0.0
01,12,1953,0.0
01,13,1953,0.0
01,14,1953,0.0
01,15,1953,0.0
01,16,1953,0.0
01,17,1953,0.0
01,18,1953,0.0
01,19,1953,0.0
01,20,1953,0.0
01,21,1953,0.0
01,22,1953,0.0
01,23,1953,0.0
01,24,1953,0.0
01,25,1953,0.0
01,26,1953,0.0
01,27,1953,0.0
01,28,1953,0.0
01,29,1953,0.0
01,30,1953,0.0
01,31,1953,0.0
02,01,1953,0.0
02,02,1953,0.0
02,03,1953,0.0
02,04,1953,0.0
02,05,1953,0.0
02,06,1953,0.0
02,07,1953,0.0
02,08,1953,0.0
02,09,1953,5.0
02,10,1953,0.0
02,11,1953,0.0
02,12,1953,0.0
02,13,1953,0.0
02,14,1953,0.0
02,15,1953,0.0
02,16,1953,0.0
02,17,1953,0.0
02,18,1953,0.0
02,19,1953,0.0
02,20,1953,0.0
02,21,1953,0.0
02,22,1953,0.0
02,23,1953,0.0
02,24,1953,9.0
02,25,1953,0.0
02,26,1953,0.0
02,27,1953,0.0
02,28,1953,42.0
03,01,1953,0.0
03,02,1953,0.0
03,03,1953,0.0
03,04,1953,0.0
03,05,1953,0.0
03,06,1953,0.0
03,07,1953,0.0
03,08,1953,16.0
03,09,1953,0.0
03,10,1953,0.0
03,11,1953,0.0
03,12,1953,0.0
03,13,1953,0.0
03,14,1953,0.0
03,15,1953,0.0
03,16,1953,0.0
03,17,1953,0.0
03,18,1953,0.0
03,19,1953,0.0
03,20,1953,0.0
03,21,1953,0.0
03,22,1953,0.0
03,23,1953,0.0
03,24,1953,0.0
03,25,1953,0.0
03,26,1953,0.0
03,27,1953,0.0
03,28,1953,0.0
03,29,1953,0.0
03,30,1953,0.0
03,31,1953,0.0
04,01,1953,0.0
04,02,1953,0.0
04,03,1953,0.0
04,04,1953,0.0
04,05,1953,0.0
04,06,1953,0.0
04,07,1953,0.0
04,08,1953,0.0
04,09,1953,0.0
04,10,1953,0.0
04,11,1953,0.0
04,12,1953,0.0
04,13,1953,0.0
04,14,1953,0.0
04,15,1953,0.0
04,16,1953,0.0
04,17,1953,0.0
04,18,1953,0.0
04,19,1953,0.0
04,20,1953,0.0
04,21,1953,0.0
04,22,1953,0.0
04,23,1953,0.0
04,24,1953,0.0
04,25,1953,0.0
04,26,1953,0.0
04,27,1953,0.0
04,28,1953,0.0
04,29,1953,0.0
04,30,1953,0.0
05,01,1953,null
05,02,1953,null
05,03,1953,null
05,04,1953,null
05,05,1953,null
05,06,1953,null
05,07,1953,null
05,08,1953,null
05,09,1953,null
05,10,1953,null
05,11,1953,null
05,12,1953,null
05,13,1953,null
05,14,1953,null
05,15,1953,null
05,16,1953,null
05,17,1953,null
05,18,1953,null
05,19,1953,null
05,20,1953,null
05,21,1953,null
05,22,1953,null
05,23,1953,null
05,24,1953,null
05,25,1953,null
05,26,1953,null
05,27,1953,null
05,28,1953,null
05,29,1953,null
05,30,1953,null
05,31,1953,null
06,01,1953,null
06,02,1953,null
06,03,1953,null
06,04,1953,null
06,05,1953,null
06,06,1953,null
06,07,1953,null
06,08,1953,null
06,09,1953,null
06,10,1953,null
06,11,1953,null
06,12,1953,null
06,13,1953,null
06,14,1953,null
06,15,1953,null
06,16,1953,null
06,17,1953,null
06,18,1953,null
06,19,1953,null
06,20,1953,null
06,21,1953,null
06,22,1953,null
06,23,1953,null
06,24,1953,null
06,25,1953,null
06,26,1953,null
06,27,1953,null
06,28,1953,null
06,29,1953,null
06,30,1953,null
07,01,1953,null
07,02,1953,null
07,03,1953,null
07,04,1953,null
07,05,1953,null
07,06,1953,null
07,07,1953,null
07,08,1953,null
07,09,1953,null
07,10,1953,null
07,11,1953,null
07,12,1953,null
07,13,1953,null
07,14,1953,null
07,15,1953,null
07,16,1953,null
07,17,1953,null
07,18,1953,null
07,19,1953,null
07,20,1953,null
07,21,1953,null
07,22,1953,null
07,23,1953,null
07,24,1953,null
07,25,1953,null
07,26,1953,null
07,27,1953,null
07,28,1953,null
07,29,1953,null
07,30,1953,null
07,31,1953,null
08,01,1953,null
08,02,1953,null
08,03,1953,null
08,04,1953,null
08,05,1953,null
08,06,1953,null
08,07,1953,null
08,08,1953,null
08,09,1953,null
08,10,1953,null
08,11,1953,null
08,12,1953,null
08,13,1953,null
08,14,1953,null
08,15,1953,null
08,16,1953,null
08,17,1953,null
08,18,1953,null
08,19,1953,null
08,20,1953,null
08,21,1953,null
08,22,1953,null
08,23,1953,null
08,24,1953,null
08,25,1953,null
08,26,1953,null
08,27,1953,null
08,28,1953,null
08,29,1953,null
08,30,1953,null
08,31,1953,null
09,01,1953,null
09,02,1953,null
09,03,1953,null
09,04,1953,null
09,05,1953,null
09,06,1953,null
09,07,1953,null
09,08,1953,null
09,09,1953,null
09,10,1953,null
09,11,1953,null
09,12,1953,null
09,13,1953,null
09,14,1953,null
09,15,1953,null
09,16,1953,null
09,17,1953,null
09,18,1953,null
09,19,1953,null
09,20,1953,null
09,21,1953,null
09,22,1953,null
09,23,1953,null
09,24,1953,null
09,25,1953,null
09,26,1953,null
09,27,1953,null
09,28,1953,null
09,29,1953,null
09,30,1953,null
10,01,1953,null
10,02,1953,null
10,03,1953,null
10,04,1953,null
10,05,1953,null
10,06,1953,null
10,07,1953,null
10,08,1953,null
10,09,1953,null
10,10,1953,null
10,11,1953,null
10,12,1953,null
10,13,1953,null
10,14,1953,null
10,15,1953,null
10,16,1953,null
10,17,1953,null
10,18,1953,null
10,19,1953,null
10,20,1953,null
10,21,1953,null
10,22,1953,null
10,23,1953,null
10,24,1953,null
10,25,1953,null
10,26,1953,null
10,27,1953,null
10,28,1953,null
10,29,1953,null
10,30,1953,null
10,31,1953,null
11,01,1953,null
11,02,1953,null
11,03,1953,null
11,04,1953,null
11,05,1953,null
11,06,1953,null
11,07,1953,null
11,08,1953,null
11,09,1953,null
11,10,1953,null
11,11,1953,null
11,12,1953,null
11,13,1953,null
11,14,1953,null
11,15,1953,null
11,16,1953,null
11,17,1953,null
11,18,1953,null
11,19,1953,null
11,20,1953,null
11,21,1953,null
11,22,1953,null
11,23,1953,null
11,24,1953,null
11,25,1953,null
11,26,1953,null
11,27,1953,null
11,28,1953,null
11,29,1953,null
11,30,1953,null
12,01,1953,null
12,02,1953,null
12,03,1953,null
12,04,1953,null
12,05,1953,null
12,06,1953,null
12,07,1953,null
12,08,1953,null
12,09,1953,null
12,10,1953,null
12,11,1953,null
12,12,1953,null
12,13,1953,null
12,14,1953,null
12,15,1953,null
12,16,1953,null
12,17,1953,null
12,18,1953,null
12,19,1953,null
12,20,1953,null
12,21,1953,null
12,22,1953,null
12,23,1953,null
12,24,1953,null
12,25,1953,null
12,26,1953,null
12,27,1953,null
12,28,1953,null
12,29,1953,null
12,30,1953,null
12,31,1953,null
01,01,1954,null
01,02,1954,null
01,03,1954,null
01,04,1954,null
01,05,1954,null
01,06,1954,null
01,07,1954,null
01,08,1954,null
01,09,1954,null
01,10,1954,null
01,11,1954,null
01,12,1954,null
01,13,1954,null
01,14,1954,null
01,15,1954,null
01,16,1954,null
01,17,1954,null
01,18,1954,null
01,19,1954,null
01,20,1954,null
01,21,1954,null
01,22,1954,null
01,23,1954,null
01,24,1954,null
01,25,1954,null
01,26,1954,null
01,27,1954,null
01,28,1954,null
01,29,1954,null
01,30,1954,null
01,31,1954,null
02,01,1954,null
02,02,1954,null
02,03,1954,null
02,04,1954,null
02,05,1954,null
02,06,1954,null
02,07,1954,null
02,08,1954,null
02,09,1954,null
02,10,1954,null
02,11,1954,null
02,12,1954,null
02,13,1954,null
02,14,1954,null
02,15,1954,null
02,16,1954,null
02,17,1954,null
02,18,1954,null
02,19,1954,null
02,20,1954,null
02,21,1954,null
02,22,1954,null
02,23,1954,null
02,24,1954,null
02,25,1954,null
02,26,1954,null
02,27,1954,null
02,28,1954,null
03,01,1954,null
03,02,1954,null
03,03,1954,null
03,04,1954,null
03,05,1954,null
03,06,1954,null
03,07,1954,null
03,08,1954,null
03,09,1954,null
03,10,1954,null
03,11,1954,null
03,12,1954,null
03,13,1954,null
03,14,1954,null
03,15,1954,null
03,16,1954,null
03,17,1954,null
03,18,1954,null
03,19,1954,null
03,20,1954,null
03,21,1954,null
03,22,1954,null
03,23,1954,null
03,24,1954,null
03,25,1954,null
03,26,1954,null
03,27,1954,null
03,28,1954,null
03,29,1954,null
03,30,1954,null
03,31,1954,null
04,01,1954,null
04,02,1954,null
04,03,1954,null
04,04,1954,null
04,05,1954,null
04,06,1954,null
04,07,1954,null
04,08,1954,null
04,09,1954,null
04,10,1954,null
04,11,1954,null
04,12,1954,null
04,13,1954,null
04,14,1954,null
04,15,1954,null
04,16,1954,null
04,17,1954,null
04,18,1954,null
04,19,1954,null
04,20,1954,null
04,21,1954,null
04,22,1954,null
04,23,1954,null
04,24,1954,null
04,25,1954,null
04,26,1954,null
04,27,1954,null
04,28,1954,null
04,29,1954,null
04,30,1954,null
05,01,1954,0.0
05,02,1954,0.0
05,03,1954,0.0
05,04,1954,0.0
05,05,1954,0.0
05,06,1954,0.0
05,07,1954,0.0
05,08,1954,0.0
05,09,1954,0.0
05,10,1954,0.0
05,11,1954,0.0
05,12,1954,0.0
05,13,1954,0.0
05,14,1954,0.0
05,15,1954,0.0
05,16,1954,0.0
05,17,1954,0.0
05,18,1954,0.0
05,19,1954,6.0
05,20,1954,0.0
05,21,1954,0.0
05,22,1954,0.0
05,23,1954,0.0
05,24,1954,0.0
05,25,1954,0.0
05,26,1954,0.0
05,27,1954,0.0
05,28,1954,0.0
05,29,1954,0.0
05,30,1954,0.0
05,31,1954,0.0
06,01,1954,0.0
06,02,1954,0.0
06,03,1954,0.0
06,04,1954,0.0
06,05,1954,0.0
06,06,1954,0.0
06,07,1954,0.0
06,08,1954,0.0
06,09,1954,0.0
06,10,1954,0.0
06,11,1954,0.0
06,12,1954,0.0
06,13,1954,0.0
06,14,1954,0.0
06,15,1954,0.0
06,16,1954,0.0
06,17,1954,0.0
06,18,1954,0.0
06,19,1954,0.0
06,20,1954,0.0
06,21,1954,0.0
06,22,1954,5.0
06,23,1954,0.0
06,24,1954,0.0
06,25,1954,0.0
06,26,1954,10.0
06,27,1954,0.0
06,28,1954,0.0
06,29,1954,0.0
06,30,1954,0.0
07,01,1954,5.0
07,02,1954,10.0
07,03,1954,5.0
07,04,1954,0.0
07,05,1954,5.0
07,06,1954,0.0
07,07,1954,0.0
07,08,1954,0.0
07,09,1954,0.0
07,10,1954,0.0
07,11,1954,0.0
07,12,1954,0.0
07,13,1954,0.0
07,14,1954,0.0
07,15,1954,0.0
07,16,1954,0.0
07,17,1954,0.0
07,18,1954,0.0
07,19,1954,5.0
07,20,1954,0.0
07,21,1954,0.0
07,22,1954,0.0
07,23,1954,0.0
07,24,1954,0.0
07,25,1954,0.0
07,26,1954,0.0
07,27,1954,0.0
07,28,1954,0.0
07,29,1954,0.0
07,30,1954,0.0
07,31,1954,32.0
08,01,1954,0.0
08,02,1954,7.0
08,03,1954,0.0
08,04,1954,0.0
08,05,1954,4.0
08,06,1954,0.0
08,07,1954,0.0
08,08,1954,0.0
08,09,1954,0.0
08,10,1954,13.0
08,11,1954,48.0
08,12,1954,18.0
08,13,1954,0.0
08,14,1954,0.0
08,15,1954,0.0
08,16,1954,0.0
08,17,1954,0.0
08,18,1954,0.0
08,19,1954,0.0
08,20,1954,0.0
08,21,1954,0.0
08,22,1954,0.0
08,23,1954,17.0
08,24,1954,5.0
08,25,1954,0.0
08,26,1954,0.0
08,27,1954,0.0
08,28,1954,0.0
08,29,1954,0.0
08,30,1954,0.0
08,31,1954,0.0
09,01,1954,0.0
09,02,1954,0.0
09,03,1954,0.0
09,04,1954,10.0
09,05,1954,0.0
09,06,1954,0.0
09,07,1954,0.0
09,08,1954,0.0
09,09,1954,0.0
09,10,1954,0.0
09,11,1954,0.0
09,12,1954,0.0
09,13,1954,0.0
09,14,1954,0.0
09,15,1954,0.0
09,16,1954,0.0
09,17,1954,0.0
09,18,1954,0.0
09,19,1954,0.0
09,20,1954,0.0
09,21,1954,0.0
09,22,1954,25.0
09,23,1954,0.0
09,24,1954,0.0
09,25,1954,0.0
09,26,1954,0.0
09,27,1954,0.0
09,28,1954,0.0
09,29,1954,0.0
09,30,1954,0.0
10,01,1954,0.0
10,02,1954,9.0
10,03,1954,0.0
10,04,1954,0.0
10,05,1954,0.0
10,06,1954,0.0
10,07,1954,0.0
10,08,1954,0.0
10,09,1954,0.0
10,10,1954,0.0
10,11,1954,0.0
10,12,1954,0.0
10,13,1954,0.0
10,14,1954,0.0
10,15,1954,0.0
10,16,1954,0.0
10,17,1954,0.0
10,18,1954,0.0
10,19,1954,0.0
10,20,1954,0.0
10,21,1954,0.0
10,22,1954,0.0
10,23,1954,0.0
10,24,1954,0.0
10,25,1954,0.0
10,26,1954,0.0
10,27,1954,0.0
10,28,1954,0.0
10,29,1954,0.0
10,30,1954,0.0
10,31,1954,0.0
11,01,1954,0.0
11,02,1954,0.0
11,03,1954,0.0
11,04,1954,0.0
11,05,1954,0.0
11,06,1954,0.0
11,07,1954,0.0
11,08,1954,0.0
11,09,1954,0.0
11,10,1954,0.0
11,11,1954,0.0
11,12,1954,0.0
11,13,1954,0.0
11,14,1954,0.0
11,15,1954,0.0
11,16,1954,0.0
11,17,1954,0.0
11,18,1954,0.0
11,19,1954,0.0
11,20,1954,0.0
11,21,1954,0.0
11,22,1954,0.0
11,23,1954,0.0
11,24,1954,0.0
11,25,1954,0.0
11,26,1954,0.0
11,27,1954,0.0
11,28,1954,0.0
11,29,1954,0.0
11,30,1954,0.0
12,01,1954,0.0
12,02,1954,0.0
12,03,1954,0.0
12,04,1954,0.0
12,05,1954,0.0
12,06,1954,0.0
12,07,1954,0.0
12,08,1954,0.0
12,09,1954,0.0
12,10,1954,0.0
12,11,1954,0.0
12,12,1954,0.0
12,13,1954,0.0
12,14,1954,0.0
12,15,1954,0.0
12,16,1954,0.0
12,17,1954,0.0
12,18,1954,0.0
12,19,1954,0.0
12,20,1954,0.0
12,21,1954,0.0
12,22,1954,0.0
12,23,1954,0.0
12,24,1954,0.0
12,25,1954,0.0
12,26,1954,0.0
12,27,1954,0.0
12,28,1954,0.0
12,29,1954,0.0
12,30,1954,0.0
12,31,1954,0.0
01,01,1955,0.0
01,02,1955,0.0
01,03,1955,0.0
01,04,1955,15.0
01,05,1955,0.0
01,06,1955,0.0
01,07,1955,0.0
01,08,1955,10.0
01,09,1955,0.0
01,10,1955,0.0
01,11,1955,0.0
01,12,1955,0.0
01,13,1955,0.0
01,14,1955,15.0
01,15,1955,0.0
01,16,1955,0.0
01,17,1955,8.0
01,18,1955,0.0
01,19,1955,0.0
01,20,1955,5.0
01,21,1955,0.0
01,22,1955,0.0
01,23,1955,0.0
01,24,1955,0.0
01,25,1955,0.0
01,26,1955,0.0
01,27,1955,0.0
01,28,1955,0.0
01,29,1955,0.0
01,30,1955,0.0
01,31,1955,0.0
02,01,1955,0.0
02,02,1955,0.0
02,03,1955,0.0
02,04,1955,0.0
02,05,1955,0.0
02,06,1955,0.0
02,07,1955,0.0
02,08,1955,0.0
02,09,1955,0.0
02,10,1955,0.0
02,11,1955,0.0
02,12,1955,0.0
02,13,1955,0.0
02,14,1955,0.0
02,15,1955,0.0
02,16,1955,0.0
02,17,1955,0.0
02,18,1955,5.0
02,19,1955,0.0
02,20,1955,0.0
02,21,1955,0.0
02,22,1955,0.0
02,23,1955,0.0
02,24,1955,0.0
02,25,1955,0.0
02,26,1955,0.0
02,27,1955,0.0
02,28,1955,0.0
03,01,1955,0.0
03,02,1955,0.0
03,03,1955,0.0
03,04,1955,0.0
03,05,1955,0.0
03,06,1955,0.0
03,07,1955,0.0
03,08,1955,0.0
03,09,1955,0.0
03,10,1955,0.0
03,11,1955,0.0
03,12,1955,0.0
03,13,1955,0.0
03,14,1955,0.0
03,15,1955,0.0
03,16,1955,7.0
03,17,1955,0.0
03,18,1955,0.0
03,19,1955,12.0
03,20,1955,0.0
03,21,1955,5.0
03,22,1955,0.0
03,23,1955,0.0
03,24,1955,0.0
03,25,1955,0.0
03,26,1955,0.0
03,27,1955,0.0
03,28,1955,0.0
03,29,1955,0.0
03,30,1955,0.0
03,31,1955,0.0
04,01,1955,0.0
04,02,1955,0.0
04,03,1955,0.0
04,04,1955,0.0
04,05,1955,0.0
04,06,1955,0.0
04,07,1955,0.0
04,08,1955,0.0
04,09,1955,0.0
04,10,1955,0.0
04,11,1955,0.0
04,12,1955,0.0
04,13,1955,0.0
04,14,1955,0.0
04,15,1955,0.0
04,16,1955,0.0
04,17,1955,0.0
04,18,1955,0.0
04,19,1955,0.0
04,20,1955,0.0
04,21,1955,0.0
04,22,1955,0.0
04,23,1955,0.0
04,24,1955,0.0
04,25,1955,0.0
04,26,1955,0.0
04,27,1955,0.0
04,28,1955,0.0
04,29,1955,0.0
04,30,1955,0.0
05,01,1955,0.0
05,02,1955,0.0
05,03,1955,0.0
05,04,1955,0.0
05,05,1955,0.0
05,06,1955,0.0
05,07,1955,0.0
05,08,1955,0.0
05,09,1955,0.0
05,10,1955,0.0
05,11,1955,0.0
05,12,1955,0.0
05,13,1955,0.0
05,14,1955,0.0
05,15,1955,0.0
05,16,1955,0.0
05,17,1955,0.0
05,18,1955,0.0
05,19,1955,0.0
05,20,1955,0.0
05,21,1955,0.0
05,22,1955,0.0
05,23,1955,0.0
05,24,1955,0.0
05,25,1955,0.0
05,26,1955,0.0
05,27,1955,0.0
05,28,1955,0.0
05,29,1955,0.0
05,30,1955,0.0
05,31,1955,0.0
06,01,1955,0.0
06,02,1955,0.0
06,03,1955,0.0
06,04,1955,0.0
06,05,1955,0.0
06,06,1955,0.0
06,07,1955,0.0
06,08,1955,0.0
06,09,1955,0.0
06,10,1955,0.0
06,11,1955,0.0
06,12,1955,0.0
06,13,1955,0.0
06,14,1955,0.0
06,15,1955,0.0
06,16,1955,0.0
06,17,1955,0.0
06,18,1955,0.0
06,19,1955,0.0
06,20,1955,0.0
06,21,1955,0.0
06,22,1955,0.0
06,23,1955,0.0
06,24,1955,0.0
06,25,1955,0.0
06,26,1955,0.0
06,27,1955,0.0
06,28,1955,0.0
06,29,1955,0.0
06,30,1955,0.0
07,01,1955,0.0
07,02,1955,0.0
07,03,1955,0.0
07,04,1955,0.0
07,05,1955,0.0
07,06,1955,0.0
07,07,1955,0.0
07,08,1955,0.0
07,09,1955,0.0
07,10,1955,0.0
07,11,1955,17.0
07,12,1955,5.0
07,13,1955,9.0
07,14,1955,0.0
07,15,1955,18.0
07,16,1955,5.0
07,17,1955,0.0
07,18,1955,0.0
07,19,1955,0.0
07,20,1955,8.0
07,21,1955,0.0
07,22,1955,18.0
07,23,1955,58.0
07,24,1955,0.0
07,25,1955,5.0
07,26,1955,8.0
07,27,1955,0.0
07,28,1955,23.0
07,29,1955,0.0
07,30,1955,0.0
07,31,1955,33.0
08,01,1955,0.0
08,02,1955,0.0
08,03,1955,0.0
08,04,1955,0.0
08,05,1955,0.0
08,06,1955,12.0
08,07,1955,6.0
08,08,1955,5.0
08,09,1955,0.0
08,10,1955,0.0
08,11,1955,0.0
08,12,1955,0.0
08,13,1955,0.0
08,14,1955,0.0
08,15,1955,0.0
08,16,1955,0.0
08,17,1955,8.0
08,18,1955,6.0
08,19,1955,0.0
08,20,1955,23.0
08,21,1955,0.0
08,22,1955,0.0
08,23,1955,7.0
08,24,1955,0.0
08,25,1955,0.0
08,26,1955,4.0
08,27,1955,0.0
08,28,1955,7.0
08,29,1955,0.0
08,30,1955,0.0
08,31,1955,0.0
09,01,1955,0.0
09,02,1955,0.0
09,03,1955,0.0
09,04,1955,0.0
09,05,1955,0.0
09,06,1955,0.0
09,07,1955,0.0
09,08,1955,0.0
09,09,1955,0.0
09,10,1955,0.0
09,11,1955,0.0
09,12,1955,0.0
09,13,1955,0.0
09,14,1955,0.0
09,15,1955,0.0
09,16,1955,0.0
09,17,1955,0.0
09,18,1955,0.0
09,19,1955,0.0
09,20,1955,0.0
09,21,1955,0.0
09,22,1955,0.0
09,23,1955,0.0
09,24,1955,0.0
09,25,1955,0.0
09,26,1955,0.0
09,27,1955,0.0
09,28,1955,0.0
09,29,1955,0.0
09,30,1955,0.0
10,01,1955,null
10,02,1955,null
10,03,1955,null
10,04,1955,null
10,05,1955,null
10,06,1955,null
10,07,1955,null
10,08,1955,null
10,09,1955,null
10,10,1955,null
10,11,1955,null
10,12,1955,null
10,13,1955,null
10,14,1955,null
10,15,1955,null
10,16,1955,null
10,17,1955,null
10,18,1955,null
10,19,1955,null
10,20,1955,null
10,21,1955,null
10,22,1955,null
10,23,1955,null
10,24,1955,null
10,25,1955,null
10,26,1955,null
10,27,1955,null
10,28,1955,null
10,29,1955,null
10,30,1955,null
10,31,1955,null
11,01,1955,null
11,02,1955,null
11,03,1955,null
11,04,1955,null
11,05,1955,null
11,06,1955,null
11,07,1955,null
11,08,1955,null
11,09,1955,null
11,10,1955,null
11,11,1955,null
11,12,1955,null
11,13,1955,null
11,14,1955,null
11,15,1955,null
11,16,1955,null
11,17,1955,null
11,18,1955,null
11,19,1955,null
11,20,1955,null
11,21,1955,null
11,22,1955,null
11,23,1955,null
11,24,1955,null
11,25,1955,null
11,26,1955,null
11,27,1955,null
11,28,1955,null
11,29,1955,null
11,30,1955,null
12,01,1955,null
12,02,1955,null
12,03,1955,null
12,04,1955,null
12,05,1955,null
12,06,1955,null
12,07,1955,null
12,08,1955,null
12,09,1955,null
12,10,1955,null
12,11,1955,null
12,12,1955,null
12,13,1955,null
12,14,1955,null
12,15,1955,null
12,16,1955,null
12,17,1955,null
12,18,1955,null
12,19,1955,null
12,20,1955,null
12,21,1955,null
12,22,1955,null
12,23,1955,null
12,24,1955,null
12,25,1955,null
12,26,1955,null
12,27,1955,null
12,28,1955,null
12,29,1955,null
12,30,1955,null
12,31,1955,null
01,01,1956,0.0
01,02,1956,0.0
01,03,1956,0.0
01,04,1956,0.0
01,05,1956,0.0
01,06,1956,0.0
01,07,1956,0.0
01,08,1956,0.0
01,09,1956,0.0
01,10,1956,0.0
01,11,1956,0.0
01,12,1956,0.0
01,13,1956,0.0
01,14,1956,0.0
01,15,1956,0.0
01,16,1956,0.0
01,17,1956,0.0
01,18,1956,0.0
01,19,1956,0.0
01,20,1956,0.0
01,21,1956,8.0
01,22,1956,0.0
01,23,1956,0.0
01,24,1956,0.0
01,25,1956,0.0
01,26,1956,0.0
01,27,1956,0.0
01,28,1956,5.0
01,29,1956,0.0
01,30,1956,0.0
01,31,1956,0.0
02,01,1956,0.0
02,02,1956,0.0
02,03,1956,0.0
02,04,1956,0.0
02,05,1956,0.0
02,06,1956,0.0
02,07,1956,0.0
02,08,1956,0.0
02,09,1956,0.0
02,10,1956,0.0
02,11,1956,0.0
02,12,1956,0.0
02,13,1956,0.0
02,14,1956,0.0
02,15,1956,5.0
02,16,1956,0.0
02,17,1956,0.0
02,18,1956,0.0
02,19,1956,0.0
02,20,1956,0.0
02,21,1956,0.0
02,22,1956,0.0
02,23,1956,0.0
02,24,1956,0.0
02,25,1956,0.0
02,26,1956,0.0
02,27,1956,0.0
02,28,1956,0.0
02,29,1956,0.0
03,01,1956,0.0
03,02,1956,0.0
03,03,1956,0.0
03,04,1956,0.0
03,05,1956,0.0
03,06,1956,0.0
03,07,1956,0.0
03,08,1956,0.0
03,09,1956,0.0
03,10,1956,0.0
03,11,1956,0.0
03,12,1956,0.0
03,13,1956,0.0
03,14,1956,0.0
03,15,1956,0.0
03,16,1956,0.0
03,17,1956,0.0
03,18,1956,0.0
03,19,1956,0.0
03,20,1956,0.0
03,21,1956,0.0
03,22,1956,0.0
03,23,1956,0.0
03,24,1956,0.0
03,25,1956,0.0
03,26,1956,0.0
03,27,1956,0.0
03,28,1956,0.0
03,29,1956,0.0
03,30,1956,0.0
03,31,1956,0.0
04,01,1956,0.0
04,02,1956,0.0
04,03,1956,0.0
04,04,1956,0.0
04,05,1956,0.0
04,06,1956,0.0
04,07,1956,0.0
04,08,1956,0.0
04,09,1956,0.0
04,10,1956,0.0
04,11,1956,0.0
04,12,1956,0.0
04,13,1956,0.0
04,14,1956,0.0
04,15,1956,0.0
04,16,1956,0.0
04,17,1956,0.0
04,18,1956,0.0
04,19,1956,0.0
04,20,1956,0.0
04,21,1956,0.0
04,22,1956,0.0
04,23,1956,0.0
04,24,1956,0.0
04,25,1956,0.0
04,26,1956,0.0
04,27,1956,0.0
04,28,1956,0.0
04,29,1956,0.0
04,30,1956,0.0
05,01,1956,0.0
05,02,1956,0.0
05,03,1956,0.0
05,04,1956,0.0
05,05,1956,0.0
05,06,1956,0.0
05,07,1956,0.0
05,08,1956,0.0
05,09,1956,0.0
05,10,1956,0.0
05,11,1956,0.0
05,12,1956,0.0
05,13,1956,0.0
05,14,1956,0.0
05,15,1956,0.0
05,16,1956,0.0
05,17,1956,0.0
05,18,1956,0.0
05,19,1956,0.0
05,20,1956,0.0
05,21,1956,0.0
05,22,1956,0.0
05,23,1956,0.0
05,24,1956,0.0
05,25,1956,0.0
05,26,1956,0.0
05,27,1956,0.0
05,28,1956,0.0
05,29,1956,0.0
05,30,1956,0.0
05,31,1956,0.0
06,01,1956,0.0
06,02,1956,0.0
06,03,1956,0.0
06,04,1956,0.0
06,05,1956,0.0
06,06,1956,0.0
06,07,1956,0.0
06,08,1956,0.0
06,09,1956,0.0
06,10,1956,0.0
06,11,1956,0.0
06,12,1956,0.0
06,13,1956,0.0
06,14,1956,0.0
06,15,1956,0.0
06,16,1956,0.0
06,17,1956,0.0
06,18,1956,0.0
06,19,1956,0.0
06,20,1956,0.0
06,21,1956,0.0
06,22,1956,0.0
06,23,1956,0.0
06,24,1956,0.0
06,25,1956,0.0
06,26,1956,0.0
06,27,1956,0.0
06,28,1956,0.0
06,29,1956,0.0
06,30,1956,0.0
07,01,1956,0.0
07,02,1956,0.0
07,03,1956,0.0
07,04,1956,0.0
07,05,1956,0.0
07,06,1956,0.0
07,07,1956,0.0
07,08,1956,0.0
07,09,1956,0.0
07,10,1956,0.0
07,11,1956,14.0
07,12,1956,0.0
07,13,1956,23.0
07,14,1956,0.0
07,15,1956,6.0
07,16,1956,7.0
07,17,1956,32.0
07,18,1956,9.0
07,19,1956,0.0
07,20,1956,0.0
07,21,1956,7.0
07,22,1956,0.0
07,23,1956,0.0
07,24,1956,0.0
07,25,1956,0.0
07,26,1956,0.0
07,27,1956,11.0
07,28,1956,0.0
07,29,1956,0.0
07,30,1956,9.0
07,31,1956,0.0
08,01,1956,0.0
08,02,1956,0.0
08,03,1956,0.0
08,04,1956,0.0
08,05,1956,10.0
08,06,1956,0.0
08,07,1956,0.0
08,08,1956,0.0
08,09,1956,0.0
08,10,1956,0.0
08,11,1956,0.0
08,12,1956,0.0
08,13,1956,0.0
08,14,1956,15.0
08,15,1956,0.0
08,16,1956,0.0
08,17,1956,0.0
08,18,1956,0.0
08,19,1956,0.0
08,20,1956,0.0
08,21,1956,0.0
08,22,1956,0.0
08,23,1956,0.0
08,24,1956,0.0
08,25,1956,6.0
08,26,1956,5.0
08,27,1956,0.0
08,28,1956,0.0
08,29,1956,0.0
08,30,1956,0.0
08,31,1956,0.0
09,01,1956,null
09,02,1956,null
09,03,1956,null
09,04,1956,null
09,05,1956,null
09,06,1956,null
09,07,1956,null
09,08,1956,null
09,09,1956,null
09,10,1956,null
09,11,1956,null
09,12,1956,null
09,13,1956,null
09,14,1956,null
09,15,1956,null
09,16,1956,null
09,17,1956,null
09,18,1956,null
09,19,1956,null
09,20,1956,null
09,21,1956,null
09,22,1956,null
09,23,1956,null
09,24,1956,null
09,25,1956,null
09,26,1956,null
09,27,1956,null
09,28,1956,null
09,29,1956,null
09,30,1956,null
10,01,1956,6.0
10,02,1956,0.0
10,03,1956,0.0
10,04,1956,0.0
10,05,1956,0.0
10,06,1956,0.0
10,07,1956,0.0
10,08,1956,0.0
10,09,1956,0.0
10,10,1956,0.0
10,11,1956,0.0
10,12,1956,0.0
10,13,1956,0.0
10,14,1956,0.0
10,15,1956,0.0
10,16,1956,0.0
10,17,1956,0.0
10,18,1956,0.0
10,19,1956,0.0
10,20,1956,0.0
10,21,1956,0.0
10,22,1956,0.0
10,23,1956,0.0
10,24,1956,0.0
10,25,1956,0.0
10,26,1956,0.0
10,27,1956,0.0
10,28,1956,0.0
10,29,1956,5.0
10,30,1956,0.0
10,31,1956,0.0
11,01,1956,null
11,02,1956,null
11,03,1956,null
11,04,1956,null
11,05,1956,null
11,06,1956,null
11,07,1956,null
11,08,1956,null
11,09,1956,null
11,10,1956,null
11,11,1956,null
11,12,1956,null
11,13,1956,null
11,14,1956,null
11,15,1956,null
11,16,1956,null
11,17,1956,null
11,18,1956,null
11,19,1956,null
11,20,1956,null
11,21,1956,null
11,22,1956,null
11,23,1956,null
11,24,1956,null
11,25,1956,null
11,26,1956,null
11,27,1956,null
11,28,1956,null
11,29,1956,null
11,30,1956,null
12,01,1956,null
12,02,1956,null
12,03,1956,null
12,04,1956,null
12,05,1956,null
12,06,1956,null
12,07,1956,null
12,08,1956,null
12,09,1956,null
12,10,1956,null
12,11,1956,null
12,12,1956,null
12,13,1956,null
12,14,1956,null
12,15,1956,null
12,16,1956,null
12,17,1956,null
12,18,1956,null
12,19,1956,null
12,20,1956,null
12,21,1956,null
12,22,1956,null
12,23,1956,null
12,24,1956,null
12,25,1956,null
12,26,1956,null
12,27,1956,null
12,28,1956,null
12,29,1956,null
12,30,1956,null
12,31,1956,null
01,01,1957,0.0
01,02,1957,0.0
01,03,1957,0.0
01,04,1957,0.0
01,05,1957,0.0
01,06,1957,0.0
01,07,1957,0.0
01,08,1957,5.0
01,09,1957,13.0
01,10,1957,6.0
01,11,1957,0.0
01,12,1957,0.0
01,13,1957,0.0
01,14,1957,0.0
01,15,1957,0.0
01,16,1957,0.0
01,17,1957,0.0
01,18,1957,0.0
01,19,1957,0.0
01,20,1957,0.0
01,21,1957,0.0
01,22,1957,0.0
01,23,1957,0.0
01,24,1957,0.0
01,25,1957,0.0
01,26,1957,0.0
01,27,1957,0.0
01,28,1957,2.0
01,29,1957,0.0
01,30,1957,0.0
01,31,1957,0.0
02,01,1957,0.0
02,02,1957,0.0
02,03,1957,0.0
02,04,1957,0.0
02,05,1957,0.0
02,06,1957,0.0
02,07,1957,0.0
02,08,1957,0.0
02,09,1957,0.0
02,10,1957,0.0
02,11,1957,0.0
02,12,1957,0.0
02,13,1957,0.0
02,14,1957,0.0
02,15,1957,0.0
02,16,1957,0.0
02,17,1957,0.0
02,18,1957,0.0
02,19,1957,0.0
02,20,1957,0.0
02,21,1957,0.0
02,22,1957,0.0
02,23,1957,0.0
02,24,1957,0.0
02,25,1957,0.0
02,26,1957,0.0
02,27,1957,0.0
02,28,1957,0.0
03,01,1957,0.0
03,02,1957,0.0
03,03,1957,0.0
03,04,1957,0.0
03,05,1957,0.0
03,06,1957,0.0
03,07,1957,0.0
03,08,1957,0.0
03,09,1957,0.0
03,10,1957,8.0
03,11,1957,0.0
03,12,1957,0.0
03,13,1957,0.0
03,14,1957,0.0
03,15,1957,0.0
03,16,1957,0.0
03,17,1957,0.0
03,18,1957,0.0
03,19,1957,25.0
03,20,1957,0.0
03,21,1957,0.0
03,22,1957,0.0
03,23,1957,0.0
03,24,1957,0.0
03,25,1957,0.0
03,26,1957,0.0
03,27,1957,0.0
03,28,1957,0.0
03,29,1957,0.0
03,30,1957,0.0
03,31,1957,0.0
04,01,1957,0.0
04,02,1957,0.0
04,03,1957,0.0
04,04,1957,0.0
04,05,1957,0.0
04,06,1957,0.0
04,07,1957,0.0
04,08,1957,0.0
04,09,1957,0.0
04,10,1957,0.0
04,11,1957,0.0
04,12,1957,0.0
04,13,1957,0.0
04,14,1957,0.0
04,15,1957,0.0
04,16,1957,0.0
04,17,1957,0.0
04,18,1957,0.0
04,19,1957,0.0
04,20,1957,0.0
04,21,1957,0.0
04,22,1957,0.0
04,23,1957,0.0
04,24,1957,0.0
04,25,1957,0.0
04,26,1957,0.0
04,27,1957,0.0
04,28,1957,0.0
04,29,1957,0.0
04,30,1957,0.0
05,01,1957,0.0
05,02,1957,0.0
05,03,1957,0.0
05,04,1957,0.0
05,05,1957,0.0
05,06,1957,15.0
05,07,1957,0.0
05,08,1957,0.0
05,09,1957,0.0
05,10,1957,0.0
05,11,1957,0.0
05,12,1957,0.0
05,13,1957,0.0
05,14,1957,0.0
05,15,1957,0.0
05,16,1957,0.0
05,17,1957,0.0
05,18,1957,0.0
05,19,1957,0.0
05,20,1957,0.0
05,21,1957,0.0
05,22,1957,0.0
05,23,1957,0.0
05,24,1957,0.0
05,25,1957,0.0
05,26,1957,0.0
05,27,1957,0.0
05,28,1957,0.0
05,29,1957,0.0
05,30,1957,0.0
05,31,1957,0.0
06,01,1957,0.0
06,02,1957,0.0
06,03,1957,0.0
06,04,1957,0.0
06,05,1957,0.0
06,06,1957,0.0
06,07,1957,0.0
06,08,1957,0.0
06,09,1957,0.0
06,10,1957,0.0
06,11,1957,0.0
06,12,1957,0.0
06,13,1957,0.0
06,14,1957,0.0
06,15,1957,0.0
06,16,1957,0.0
06,17,1957,0.0
06,18,1957,0.0
06,19,1957,0.0
06,20,1957,0.0
06,21,1957,0.0
06,22,1957,0.0
06,23,1957,0.0
06,24,1957,0.0
06,25,1957,0.0
06,26,1957,0.0
06,27,1957,0.0
06,28,1957,0.0
06,29,1957,6.0
06,30,1957,21.0
07,01,1957,0.0
07,02,1957,0.0
07,03,1957,0.0
07,04,1957,11.0
07,05,1957,0.0
07,06,1957,0.0
07,07,1957,0.0
07,08,1957,6.0
07,09,1957,0.0
07,10,1957,1.0
07,11,1957,0.0
07,12,1957,0.0
07,13,1957,0.0
07,14,1957,6.0
07,15,1957,0.0
07,16,1957,2.0
07,17,1957,0.0
07,18,1957,0.0
07,19,1957,3.0
07,20,1957,0.0
07,21,1957,0.0
07,22,1957,0.0
07,23,1957,0.0
07,24,1957,72.0
07,25,1957,0.0
07,26,1957,0.0
07,27,1957,0.0
07,28,1957,0.0
07,29,1957,0.0
07,30,1957,0.0
07,31,1957,0.0
08,01,1957,0.0
08,02,1957,0.0
08,03,1957,0.0
08,04,1957,0.0
08,05,1957,0.0
08,06,1957,27.0
08,07,1957,0.0
08,08,1957,1.0
08,09,1957,0.0
08,10,1957,26.0
08,11,1957,0.0
08,12,1957,0.0
08,13,1957,5.0
08,14,1957,6.0
08,15,1957,0.0
08,16,1957,20.0
08,17,1957,0.0
08,18,1957,0.0
08,19,1957,21.0
08,20,1957,4.0
08,21,1957,0.0
08,22,1957,5.0
08,23,1957,0.0
08,24,1957,12.0
08,25,1957,0.0
08,26,1957,0.0
08,27,1957,0.0
08,28,1957,0.0
08,29,1957,0.0
08,30,1957,4.0
08,31,1957,43.0
09,01,1957,0.0
09,02,1957,0.0
09,03,1957,0.0
09,04,1957,0.0
09,05,1957,0.0
09,06,1957,0.0
09,07,1957,6.0
09,08,1957,0.0
09,09,1957,10.0
09,10,1957,0.0
09,11,1957,0.0
09,12,1957,0.0
09,13,1957,0.0
09,14,1957,0.0
09,15,1957,0.0
09,16,1957,0.0
09,17,1957,0.0
09,18,1957,0.0
09,19,1957,0.0
09,20,1957,0.0
09,21,1957,0.0
09,22,1957,0.0
09,23,1957,0.0
09,24,1957,0.0
09,25,1957,0.0
09,26,1957,0.0
09,27,1957,0.0
09,28,1957,0.0
09,29,1957,0.0
09,30,1957,0.0
10,01,1957,0.0
10,02,1957,0.0
10,03,1957,0.0
10,04,1957,0.0
10,05,1957,0.0
10,06,1957,0.0
10,07,1957,0.0
10,08,1957,0.0
10,09,1957,0.0
10,10,1957,0.0
10,11,1957,0.0
10,12,1957,0.0
10,13,1957,0.0
10,14,1957,0.0
10,15,1957,0.0
10,16,1957,0.0
10,17,1957,0.0
10,18,1957,0.0
10,19,1957,0.0
10,20,1957,0.0
10,21,1957,0.0
10,22,1957,0.0
10,23,1957,0.0
10,24,1957,0.0
10,25,1957,0.0
10,26,1957,0.0
10,27,1957,5.0
10,28,1957,0.0
10,29,1957,0.0
10,30,1957,0.0
10,31,1957,5.0
11,01,1957,0.0
11,02,1957,0.0
11,03,1957,0.0
11,04,1957,0.0
11,05,1957,0.0
11,06,1957,0.0
11,07,1957,0.0
11,08,1957,0.0
11,09,1957,0.0
11,10,1957,0.0
11,11,1957,0.0
11,12,1957,0.0
11,13,1957,0.0
11,14,1957,0.0
11,15,1957,0.0
11,16,1957,0.0
11,17,1957,0.0
11,18,1957,0.0
11,19,1957,0.0
11,20,1957,0.0
11,21,1957,0.0
11,22,1957,5.0
11,23,1957,0.0
11,24,1957,0.0
11,25,1957,0.0
11,26,1957,0.0
11,27,1957,0.0
11,28,1957,0.0
11,29,1957,0.0
11,30,1957,0.0
12,01,1957,0.0
12,02,1957,0.0
12,03,1957,0.0
12,04,1957,0.0
12,05,1957,0.0
12,06,1957,0.0
12,07,1957,0.0
12,08,1957,0.0
12,09,1957,0.0
12,10,1957,0.0
12,11,1957,0.0
12,12,1957,0.0
12,13,1957,0.0
12,14,1957,0.0
12,15,1957,0.0
12,16,1957,0.0
12,17,1957,0.0
12,18,1957,0.0
12,19,1957,0.0
12,20,1957,0.0
12,21,1957,0.0
12,22,1957,0.0
12,23,1957,0.0
12,24,1957,0.0
12,25,1957,0.0
12,26,1957,0.0
12,27,1957,0.0
12,28,1957,0.0
12,29,1957,0.0
12,30,1957,0.0
12,31,1957,0.0
01,01,1958,0.0
01,02,1958,0.0
01,03,1958,0.0
01,04,1958,0.0
01,05,1958,0.0
01,06,1958,0.0
01,07,1958,0.0
01,08,1958,0.0
01,09,1958,0.0
01,10,1958,0.0
01,11,1958,0.0
01,12,1958,0.0
01,13,1958,0.0
01,14,1958,0.0
01,15,1958,0.0
01,16,1958,0.0
01,17,1958,0.0
01,18,1958,0.0
01,19,1958,0.0
01,20,1958,0.0
01,21,1958,0.0
01,22,1958,0.0
01,23,1958,0.0
01,24,1958,0.0
01,25,1958,0.0
01,26,1958,0.0
01,27,1958,0.0
01,28,1958,0.0
01,29,1958,0.0
01,30,1958,0.0
01,31,1958,0.0
02,01,1958,0.0
02,02,1958,0.0
02,03,1958,0.0
02,04,1958,0.0
02,05,1958,0.0
02,06,1958,0.0
02,07,1958,0.0
02,08,1958,0.0
02,09,1958,0.0
02,10,1958,0.0
02,11,1958,0.0
02,12,1958,0.0
02,13,1958,0.0
02,14,1958,0.0
02,15,1958,0.0
02,16,1958,0.0
02,17,1958,0.0
02,18,1958,0.0
02,19,1958,0.0
02,20,1958,0.0
02,21,1958,0.0
02,22,1958,0.0
02,23,1958,0.0
02,24,1958,0.0
02,25,1958,0.0
02,26,1958,0.0
02,27,1958,0.0
02,28,1958,0.0
03,01,1958,0.0
03,02,1958,0.0
03,03,1958,5.0
03,04,1958,0.0
03,05,1958,0.0
03,06,1958,0.0
03,07,1958,33.0
03,08,1958,0.0
03,09,1958,0.0
03,10,1958,10.0
03,11,1958,28.0
03,12,1958,0.0
03,13,1958,0.0
03,14,1958,0.0
03,15,1958,0.0
03,16,1958,0.0
03,17,1958,8.0
03,18,1958,0.0
03,19,1958,0.0
03,20,1958,0.0
03,21,1958,0.0
03,22,1958,8.0
03,23,1958,0.0
03,24,1958,0.0
03,25,1958,0.0
03,26,1958,0.0
03,27,1958,0.0
03,28,1958,0.0
03,29,1958,0.0
03,30,1958,0.0
03,31,1958,0.0
04,01,1958,0.0
04,02,1958,0.0
04,03,1958,0.0
04,04,1958,0.0
04,05,1958,0.0
04,06,1958,0.0
04,07,1958,0.0
04,08,1958,0.0
04,09,1958,0.0
04,10,1958,0.0
04,11,1958,0.0
04,12,1958,0.0
04,13,1958,0.0
04,14,1958,0.0
04,15,1958,0.0
04,16,1958,14.0
04,17,1958,0.0
04,18,1958,0.0
04,19,1958,0.0
04,20,1958,0.0
04,21,1958,0.0
04,22,1958,0.0
04,23,1958,0.0
04,24,1958,0.0
04,25,1958,0.0
04,26,1958,0.0
04,27,1958,0.0
04,28,1958,0.0
04,29,1958,0.0
04,30,1958,0.0
05,01,1958,0.0
05,02,1958,0.0
05,03,1958,0.0
05,04,1958,0.0
05,05,1958,0.0
05,06,1958,0.0
05,07,1958,0.0
05,08,1958,0.0
05,09,1958,0.0
05,10,1958,0.0
05,11,1958,0.0
05,12,1958,0.0
05,13,1958,0.0
05,14,1958,0.0
05,15,1958,0.0
05,16,1958,0.0
05,17,1958,0.0
05,18,1958,0.0
05,19,1958,0.0
05,20,1958,0.0
05,21,1958,0.0
05,22,1958,0.0
05,23,1958,0.0
05,24,1958,0.0
05,25,1958,0.0
05,26,1958,0.0
05,27,1958,0.0
05,28,1958,0.0
05,29,1958,0.0
05,30,1958,0.0
05,31,1958,0.0
06,01,1958,0.0
06,02,1958,0.0
06,03,1958,0.0
06,04,1958,0.0
06,05,1958,0.0
06,06,1958,0.0
06,07,1958,0.0
06,08,1958,0.0
06,09,1958,0.0
06,10,1958,0.0
06,11,1958,0.0
06,12,1958,0.0
06,13,1958,0.0
06,14,1958,0.0
06,15,1958,0.0
06,16,1958,0.0
06,17,1958,0.0
06,18,1958,0.0
06,19,1958,7.0
06,20,1958,0.0
06,21,1958,0.0
06,22,1958,0.0
06,23,1958,0.0
06,24,1958,0.0
06,25,1958,0.0
06,26,1958,0.0
06,27,1958,0.0
06,28,1958,0.0
06,29,1958,4.0
06,30,1958,0.0
07,01,1958,22.0
07,02,1958,0.0
07,03,1958,0.0
07,04,1958,0.0
07,05,1958,0.0
07,06,1958,null
07,07,1958,0.0
07,08,1958,0.0
07,09,1958,0.0
07,10,1958,0.0
07,11,1958,0.0
07,12,1958,0.0
07,13,1958,null
07,14,1958,0.0
07,15,1958,0.0
07,16,1958,4.0
07,17,1958,0.0
07,18,1958,0.0
07,19,1958,0.0
07,20,1958,null
07,21,1958,0.0
07,22,1958,0.0
07,23,1958,0.0
07,24,1958,0.0
07,25,1958,0.0
07,26,1958,0.0
07,27,1958,null
07,28,1958,0.0
07,29,1958,45.0
07,30,1958,0.0
07,31,1958,0.0
08,01,1958,0.0
08,02,1958,0.0
08,03,1958,null
08,04,1958,0.0
08,05,1958,12.0
08,06,1958,0.0
08,07,1958,0.0
08,08,1958,0.0
08,09,1958,0.0
08,10,1958,null
08,11,1958,0.0
08,12,1958,0.0
08,13,1958,0.0
08,14,1958,0.0
08,15,1958,15.0
08,16,1958,0.0
08,17,1958,null
08,18,1958,10.0
08,19,1958,0.0
08,20,1958,65.0
08,21,1958,0.0
08,22,1958,0.0
08,23,1958,0.0
08,24,1958,null
08,25,1958,0.0
08,26,1958,0.0
08,27,1958,0.0
08,28,1958,0.0
08,29,1958,0.0
08,30,1958,0.0
08,31,1958,null
09,01,1958,0.0
09,02,1958,0.0
09,03,1958,0.0
09,04,1958,0.0
09,05,1958,0.0
09,06,1958,0.0
09,07,1958,null
09,08,1958,0.0
09,09,1958,0.0
09,10,1958,15.0
09,11,1958,0.0
09,12,1958,18.0
09,13,1958,0.0
09,14,1958,null
09,15,1958,0.0
09,16,1958,0.0
09,17,1958,0.0
09,18,1958,0.0
09,19,1958,0.0
09,20,1958,0.0
09,21,1958,null
09,22,1958,26.0
09,23,1958,0.0
09,24,1958,0.0
09,25,1958,0.0
09,26,1958,0.0
09,27,1958,0.0
09,28,1958,null
09,29,1958,28.0
09,30,1958,0.0
10,01,1958,0.0
10,02,1958,0.0
10,03,1958,0.0
10,04,1958,22.0
10,05,1958,0.0
10,06,1958,0.0
10,07,1958,0.0
10,08,1958,0.0
10,09,1958,0.0
10,10,1958,0.0
10,11,1958,0.0
10,12,1958,0.0
10,13,1958,0.0
10,14,1958,0.0
10,15,1958,0.0
10,16,1958,0.0
10,17,1958,0.0
10,18,1958,0.0
10,19,1958,0.0
10,20,1958,0.0
10,21,1958,0.0
10,22,1958,0.0
10,23,1958,0.0
10,24,1958,0.0
10,25,1958,0.0
10,26,1958,0.0
10,27,1958,0.0
10,28,1958,0.0
10,29,1958,0.0
10,30,1958,0.0
10,31,1958,0.0
11,01,1958,0.0
11,02,1958,0.0
11,03,1958,0.0
11,04,1958,0.0
11,05,1958,0.0
11,06,1958,0.0
11,07,1958,0.0
11,08,1958,0.0
11,09,1958,0.0
11,10,1958,0.0
11,11,1958,0.0
11,12,1958,0.0
11,13,1958,0.0
11,14,1958,0.0
11,15,1958,0.0
11,16,1958,0.0
11,17,1958,0.0
11,18,1958,0.0
11,19,1958,0.0
11,20,1958,0.0
11,21,1958,0.0
11,22,1958,0.0
11,23,1958,0.0
11,24,1958,0.0
11,25,1958,0.0
11,26,1958,0.0
11,27,1958,0.0
11,28,1958,0.0
11,29,1958,0.0
11,30,1958,0.0
12,01,1958,0.0
12,02,1958,0.0
12,03,1958,0.0
12,04,1958,0.0
12,05,1958,0.0
12,06,1958,0.0
12,07,1958,0.0
12,08,1958,0.0
12,09,1958,0.0
12,10,1958,0.0
12,11,1958,0.0
12,12,1958,0.0
12,13,1958,0.0
12,14,1958,0.0
12,15,1958,0.0
12,16,1958,0.0
12,17,1958,0.0
12,18,1958,0.0
12,19,1958,0.0
12,20,1958,0.0
12,21,1958,0.0
12,22,1958,0.0
12,23,1958,0.0
12,24,1958,0.0
12,25,1958,0.0
12,26,1958,0.0
12,27,1958,0.0
12,28,1958,0.0
12,29,1958,0.0
12,30,1958,0.0
12,31,1958,0.0
01,01,1959,0.0
01,02,1959,0.0
01,03,1959,0.0
01,04,1959,0.0
01,05,1959,0.0
01,06,1959,0.0
01,07,1959,0.0
01,08,1959,0.0
01,09,1959,0.0
01,10,1959,0.0
01,11,1959,0.0
01,12,1959,0.0
01,13,1959,0.0
01,14,1959,0.0
01,15,1959,0.0
01,16,1959,0.0
01,17,1959,0.0
01,18,1959,0.0
01,19,1959,0.0
01,20,1959,0.0
01,21,1959,0.0
01,22,1959,0.0
01,23,1959,0.0
01,24,1959,0.0
01,25,1959,0.0
01,26,1959,0.0
01,27,1959,0.0
01,28,1959,0.0
01,29,1959,0.0
01,30,1959,0.0
01,31,1959,0.0
02,01,1959,0.0
02,02,1959,0.0
02,03,1959,0.0
02,04,1959,0.0
02,05,1959,0.0
02,06,1959,0.0
02,07,1959,0.0
02,08,1959,10.0
02,09,1959,0.0
02,10,1959,0.0
02,11,1959,0.0
02,12,1959,0.0
02,13,1959,0.0
02,14,1959,0.0
02,15,1959,0.0
02,16,1959,0.0
02,17,1959,0.0
02,18,1959,0.0
02,19,1959,0.0
02,20,1959,0.0
02,21,1959,0.0
02,22,1959,0.0
02,23,1959,0.0
02,24,1959,0.0
02,25,1959,0.0
02,26,1959,0.0
02,27,1959,0.0
02,28,1959,0.0
03,01,1959,0.0
03,02,1959,0.0
03,03,1959,0.0
03,04,1959,0.0
03,05,1959,0.0
03,06,1959,0.0
03,07,1959,0.0
03,08,1959,0.0
03,09,1959,0.0
03,10,1959,0.0
03,11,1959,0.0
03,12,1959,0.0
03,13,1959,0.0
03,14,1959,0.0
03,15,1959,0.0
03,16,1959,0.0
03,17,1959,0.0
03,18,1959,0.0
03,19,1959,0.0
03,20,1959,0.0
03,21,1959,0.0
03,22,1959,0.0
03,23,1959,0.0
03,24,1959,0.0
03,25,1959,0.0
03,26,1959,0.0
03,27,1959,0.0
03,28,1959,0.0
03,29,1959,0.0
03,30,1959,0.0
03,31,1959,0.0
04,01,1959,null
04,02,1959,null
04,03,1959,null
04,04,1959,null
04,05,1959,null
04,06,1959,null
04,07,1959,null
04,08,1959,null
04,09,1959,null
04,10,1959,null
04,11,1959,null
04,12,1959,null
04,13,1959,null
04,14,1959,null
04,15,1959,null
04,16,1959,null
04,17,1959,null
04,18,1959,null
04,19,1959,null
04,20,1959,null
04,21,1959,null
04,22,1959,null
04,23,1959,null
04,24,1959,null
04,25,1959,null
04,26,1959,null
04,27,1959,null
04,28,1959,null
04,29,1959,null
04,30,1959,null
05,01,1959,0.0
05,02,1959,0.0
05,03,1959,0.0
05,04,1959,0.0
05,05,1959,0.0
05,06,1959,0.0
05,07,1959,0.0
05,08,1959,0.0
05,09,1959,0.0
05,10,1959,0.0
05,11,1959,0.0
05,12,1959,0.0
05,13,1959,0.0
05,14,1959,0.0
05,15,1959,0.0
05,16,1959,0.0
05,17,1959,0.0
05,18,1959,0.0
05,19,1959,0.0
05,20,1959,0.0
05,21,1959,0.0
05,22,1959,0.0
05,23,1959,0.0
05,24,1959,0.0
05,25,1959,0.0
05,26,1959,0.0
05,27,1959,0.0
05,28,1959,0.0
05,29,1959,0.0
05,30,1959,0.0
05,31,1959,0.0
06,01,1959,0.0
06,02,1959,0.0
06,03,1959,0.0
06,04,1959,0.0
06,05,1959,0.0
06,06,1959,0.0
06,07,1959,0.0
06,08,1959,0.0
06,09,1959,0.0
06,10,1959,0.0
06,11,1959,0.0
06,12,1959,0.0
06,13,1959,0.0
06,14,1959,0.0
06,15,1959,0.0
06,16,1959,0.0
06,17,1959,0.0
06,18,1959,0.0
06,19,1959,12.0
06,20,1959,0.0
06,21,1959,0.0
06,22,1959,0.0
06,23,1959,0.0
06,24,1959,0.0
06,25,1959,0.0
06,26,1959,0.0
06,27,1959,0.0
06,28,1959,0.0
06,29,1959,14.0
06,30,1959,16.0
07,01,1959,0.0
07,02,1959,0.0
07,03,1959,0.0
07,04,1959,0.0
07,05,1959,20.0
07,06,1959,0.0
07,07,1959,14.0
07,08,1959,0.0
07,09,1959,0.0
07,10,1959,0.0
07,11,1959,0.0
07,12,1959,0.0
07,13,1959,0.0
07,14,1959,16.0
07,15,1959,13.0
07,16,1959,0.0
07,17,1959,0.0
07,18,1959,0.0
07,19,1959,0.0
07,20,1959,0.0
07,21,1959,0.0
07,22,1959,13.0
07,23,1959,0.0
07,24,1959,0.0
07,25,1959,10.0
07,26,1959,14.0
07,27,1959,0.0
07,28,1959,19.0
07,29,1959,0.0
07,30,1959,0.0
07,31,1959,0.0
08,01,1959,0.0
08,02,1959,13.0
08,03,1959,0.0
08,04,1959,0.0
08,05,1959,8.0
08,06,1959,12.0
08,07,1959,14.0
08,08,1959,0.0
08,09,1959,0.0
08,10,1959,0.0
08,11,1959,11.0
08,12,1959,13.0
08,13,1959,14.0
08,14,1959,0.0
08,15,1959,0.0
08,16,1959,16.0
08,17,1959,9.0
08,18,1959,10.0
08,19,1959,17.0
08,20,1959,0.0
08,21,1959,18.0
08,22,1959,12.0
08,23,1959,0.0
08,24,1959,19.0
08,25,1959,0.0
08,26,1959,8.0
08,27,1959,0.0
08,28,1959,16.0
08,29,1959,0.0
08,30,1959,0.0
08,31,1959,0.0
09,01,1959,0.0
09,02,1959,0.0
09,03,1959,0.0
09,04,1959,0.0
09,05,1959,0.0
09,06,1959,0.0
09,07,1959,0.0
09,08,1959,0.0
09,09,1959,0.0
09,10,1959,0.0
09,11,1959,13.0
09,12,1959,0.0
09,13,1959,0.0
09,14,1959,0.0
09,15,1959,0.0
09,16,1959,0.0
09,17,1959,0.0
09,18,1959,0.0
09,19,1959,0.0
09,20,1959,0.0
09,21,1959,0.0
09,22,1959,0.0
09,23,1959,0.0
09,24,1959,0.0
09,25,1959,0.0
09,26,1959,0.0
09,27,1959,0.0
09,28,1959,0.0
09,29,1959,0.0
09,30,1959,0.0
10,01,1959,0.0
10,02,1959,0.0
10,03,1959,0.0
10,04,1959,0.0
10,05,1959,0.0
10,06,1959,0.0
10,07,1959,0.0
10,08,1959,0.0
10,09,1959,0.0
10,10,1959,0.0
10,11,1959,0.0
10,12,1959,0.0
10,13,1959,0.0
10,14,1959,0.0
10,15,1959,0.0
10,16,1959,0.0
10,17,1959,0.0
10,18,1959,0.0
10,19,1959,0.0
10,20,1959,0.0
10,21,1959,0.0
10,22,1959,0.0
10,23,1959,0.0
10,24,1959,0.0
10,25,1959,0.0
10,26,1959,0.0
10,27,1959,0.0
10,28,1959,0.0
10,29,1959,0.0
10,30,1959,58.0
10,31,1959,60.0
11,01,1959,0.0
11,02,1959,0.0
11,03,1959,0.0
11,04,1959,0.0
11,05,1959,0.0
11,06,1959,0.0
11,07,1959,0.0
11,08,1959,0.0
11,09,1959,0.0
11,10,1959,0.0
11,11,1959,10.0
11,12,1959,9.0
11,13,1959,0.0
11,14,1959,0.0
11,15,1959,0.0
11,16,1959,0.0
11,17,1959,0.0
11,18,1959,0.0
11,19,1959,0.0
11,20,1959,0.0
11,21,1959,0.0
11,22,1959,0.0
11,23,1959,0.0
11,24,1959,0.0
11,25,1959,0.0
11,26,1959,0.0
11,27,1959,0.0
11,28,1959,0.0
11,29,1959,0.0
11,30,1959,0.0
12,01,1959,0.0
12,02,1959,0.0
12,03,1959,0.0
12,04,1959,0.0
12,05,1959,0.0
12,06,1959,0.0
12,07,1959,0.0
12,08,1959,0.0
12,09,1959,0.0
12,10,1959,0.0
12,11,1959,0.0
12,12,1959,0.0
12,13,1959,0.0
12,14,1959,0.0
12,15,1959,0.0
12,16,1959,0.0
12,17,1959,0.0
12,18,1959,0.0
12,19,1959,0.0
12,20,1959,0.0
12,21,1959,0.0
12,22,1959,0.0
12,23,1959,0.0
12,24,1959,0.0
12,25,1959,15.0
12,26,1959,40.0
12,27,1959,0.0
12,28,1959,0.0
12,29,1959,0.0
12,30,1959,16.0
12,31,1959,0.0
01,01,1960,0.0
01,02,1960,0.0
01,03,1960,0.0
01,04,1960,0.0
01,05,1960,0.0
01,06,1960,0.0
01,07,1960,0.0
01,08,1960,0.0
01,09,1960,0.0
01,10,1960,40.0
01,11,1960,55.0
01,12,1960,0.0
01,13,1960,0.0
01,14,1960,0.0
01,15,1960,0.0
01,16,1960,0.0
01,17,1960,0.0
01,18,1960,0.0
01,19,1960,0.0
01,20,1960,0.0
01,21,1960,0.0
01,22,1960,0.0
01,23,1960,0.0
01,24,1960,0.0
01,25,1960,0.0
01,26,1960,0.0
01,27,1960,0.0
01,28,1960,0.0
01,29,1960,0.0
01,30,1960,0.0
01,31,1960,0.0
02,01,1960,0.0
02,02,1960,0.0
02,03,1960,0.0
02,04,1960,0.0
02,05,1960,0.0
02,06,1960,0.0
02,07,1960,0.0
02,08,1960,0.0
02,09,1960,0.0
02,10,1960,0.0
02,11,1960,0.0
02,12,1960,0.0
02,13,1960,0.0
02,14,1960,0.0
02,15,1960,0.0
02,16,1960,0.0
02,17,1960,0.0
02,18,1960,0.0
02,19,1960,0.0
02,20,1960,0.0
02,21,1960,0.0
02,22,1960,0.0
02,23,1960,0.0
02,24,1960,0.0
02,25,1960,0.0
02,26,1960,0.0
02,27,1960,0.0
02,28,1960,0.0
02,29,1960,0.0
03,01,1960,0.0
03,02,1960,0.0
03,03,1960,0.0
03,04,1960,0.0
03,05,1960,0.0
03,06,1960,0.0
03,07,1960,0.0
03,08,1960,0.0
03,09,1960,0.0
03,10,1960,0.0
03,11,1960,0.0
03,12,1960,0.0
03,13,1960,0.0
03,14,1960,0.0
03,15,1960,0.0
03,16,1960,0.0
03,17,1960,0.0
03,18,1960,0.0
03,19,1960,0.0
03,20,1960,0.0
03,21,1960,0.0
03,22,1960,0.0
03,23,1960,0.0
03,24,1960,0.0
03,25,1960,0.0
03,26,1960,0.0
03,27,1960,0.0
03,28,1960,0.0
03,29,1960,0.0
03,30,1960,0.0
03,31,1960,0.0
04,01,1960,0.0
04,02,1960,0.0
04,03,1960,0.0
04,04,1960,0.0
04,05,1960,0.0
04,06,1960,0.0
04,07,1960,0.0
04,08,1960,0.0
04,09,1960,0.0
04,10,1960,0.0
04,11,1960,0.0
04,12,1960,0.0
04,13,1960,0.0
04,14,1960,0.0
04,15,1960,0.0
04,16,1960,0.0
04,17,1960,0.0
04,18,1960,0.0
04,19,1960,0.0
04,20,1960,0.0
04,21,1960,0.0
04,22,1960,0.0
04,23,1960,0.0
04,24,1960,0.0
04,25,1960,0.0
04,26,1960,0.0
04,27,1960,0.0
04,28,1960,0.0
04,29,1960,0.0
04,30,1960,0.0
05,01,1960,null
05,02,1960,null
05,03,1960,null
05,04,1960,null
05,05,1960,null
05,06,1960,null
05,07,1960,null
05,08,1960,null
05,09,1960,null
05,10,1960,null
05,11,1960,null
05,12,1960,null
05,13,1960,null
05,14,1960,null
05,15,1960,null
05,16,1960,null
05,17,1960,null
05,18,1960,null
05,19,1960,null
05,20,1960,null
05,21,1960,null
05,22,1960,null
05,23,1960,null
05,24,1960,null
05,25,1960,null
05,26,1960,null
05,27,1960,null
05,28,1960,null
05,29,1960,null
05,30,1960,null
05,31,1960,null
06,01,1960,null
06,02,1960,null
06,03,1960,null
06,04,1960,null
06,05,1960,null
06,06,1960,null
06,07,1960,null
06,08,1960,null
06,09,1960,null
06,10,1960,null
06,11,1960,null
06,12,1960,null
06,13,1960,null
06,14,1960,null
06,15,1960,null
06,16,1960,null
06,17,1960,null
06,18,1960,null
06,19,1960,null
06,20,1960,null
06,21,1960,null
06,22,1960,null
06,23,1960,null
06,24,1960,null
06,25,1960,null
06,26,1960,null
06,27,1960,null
06,28,1960,null
06,29,1960,null
06,30,1960,null
07,01,1960,null
07,02,1960,null
07,03,1960,null
07,04,1960,null
07,05,1960,null
07,06,1960,null
07,07,1960,null
07,08,1960,null
07,09,1960,null
07,10,1960,null
07,11,1960,null
07,12,1960,null
07,13,1960,null
07,14,1960,null
07,15,1960,null
07,16,1960,null
07,17,1960,null
07,18,1960,null
07,19,1960,null
07,20,1960,null
07,21,1960,null
07,22,1960,null
07,23,1960,null
07,24,1960,null
07,25,1960,null
07,26,1960,null
07,27,1960,null
07,28,1960,null
07,29,1960,null
07,30,1960,null
07,31,1960,null
08,01,1960,null
08,02,1960,null
08,03,1960,null
08,04,1960,null
08,05,1960,null
08,06,1960,null
08,07,1960,null
08,08,1960,null
08,09,1960,null
08,10,1960,null
08,11,1960,null
08,12,1960,null
08,13,1960,null
08,14,1960,null
08,15,1960,null
08,16,1960,null
08,17,1960,null
08,18,1960,null
08,19,1960,null
08,20,1960,null
08,21,1960,null
08,22,1960,null
08,23,1960,null
08,24,1960,null
08,25,1960,null
08,26,1960,null
08,27,1960,null
08,28,1960,null
08,29,1960,null
08,30,1960,null
08,31,1960,null
09,01,1960,null
09,02,1960,null
09,03,1960,null
09,04,1960,null
09,05,1960,null
09,06,1960,null
09,07,1960,null
09,08,1960,null
09,09,1960,null
09,10,1960,null
09,11,1960,null
09,12,1960,null
09,13,1960,null
09,14,1960,null
09,15,1960,null
09,16,1960,null
09,17,1960,null
09,18,1960,null
09,19,1960,null
09,20,1960,null
09,21,1960,null
09,22,1960,null
09,23,1960,null
09,24,1960,null
09,25,1960,null
09,26,1960,null
09,27,1960,null
09,28,1960,null
09,29,1960,null
09,30,1960,null
10,01,1960,null
10,02,1960,null
10,03,1960,null
10,04,1960,null
10,05,1960,null
10,06,1960,null
10,07,1960,null
10,08,1960,null
10,09,1960,null
10,10,1960,null
10,11,1960,null
10,12,1960,null
10,13,1960,null
10,14,1960,null
10,15,1960,null
10,16,1960,null
10,17,1960,null
10,18,1960,null
10,19,1960,null
10,20,1960,null
10,21,1960,null
10,22,1960,null
10,23,1960,null
10,24,1960,null
10,25,1960,null
10,26,1960,null
10,27,1960,null
10,28,1960,null
10,29,1960,null
10,30,1960,null
10,31,1960,null
11,01,1960,null
11,02,1960,null
11,03,1960,null
11,04,1960,null
11,05,1960,null
11,06,1960,null
11,07,1960,null
11,08,1960,null
11,09,1960,null
11,10,1960,null
11,11,1960,null
11,12,1960,null
11,13,1960,null
11,14,1960,null
11,15,1960,null
11,16,1960,null
11,17,1960,null
11,18,1960,null
11,19,1960,null
11,20,1960,null
11,21,1960,null
11,22,1960,null
11,23,1960,null
11,24,1960,null
11,25,1960,null
11,26,1960,null
11,27,1960,null
11,28,1960,null
11,29,1960,null
11,30,1960,null
12,01,1960,null
12,02,1960,null
12,03,1960,null
12,04,1960,null
12,05,1960,null
12,06,1960,null
12,07,1960,null
12,08,1960,null
12,09,1960,null
12,10,1960,null
12,11,1960,null
12,12,1960,null
12,13,1960,null
12,14,1960,null
12,15,1960,null
12,16,1960,null
12,17,1960,null
12,18,1960,null
12,19,1960,null
12,20,1960,null
12,21,1960,null
12,22,1960,null
12,23,1960,null
12,24,1960,null
12,25,1960,null
12,26,1960,null
12,27,1960,null
12,28,1960,null
12,29,1960,null
12,30,1960,null
12,31,1960,null
01,01,1961,null
01,02,1961,null
01,03,1961,null
01,04,1961,null
01,05,1961,null
01,06,1961,null
01,07,1961,null
01,08,1961,null
01,09,1961,null
01,10,1961,null
01,11,1961,null
01,12,1961,null
01,13,1961,null
01,14,1961,null
01,15,1961,null
01,16,1961,null
01,17,1961,null
01,18,1961,null
01,19,1961,null
01,20,1961,null
01,21,1961,null
01,22,1961,null
01,23,1961,null
01,24,1961,null
01,25,1961,null
01,26,1961,null
01,27,1961,null
01,28,1961,null
01,29,1961,null
01,30,1961,null
01,31,1961,null
02,01,1961,null
02,02,1961,null
02,03,1961,null
02,04,1961,null
02,05,1961,null
02,06,1961,null
02,07,1961,null
02,08,1961,null
02,09,1961,null
02,10,1961,null
02,11,1961,null
02,12,1961,null
02,13,1961,null
02,14,1961,null
02,15,1961,null
02,16,1961,null
02,17,1961,null
02,18,1961,null
02,19,1961,null
02,20,1961,null
02,21,1961,null
02,22,1961,null
02,23,1961,null
02,24,1961,null
02,25,1961,null
02,26,1961,null
02,27,1961,null
02,28,1961,null
03,01,1961,null
03,02,1961,null
03,03,1961,null
03,04,1961,null
03,05,1961,null
03,06,1961,null
03,07,1961,null
03,08,1961,null
03,09,1961,null
03,10,1961,null
03,11,1961,null
03,12,1961,null
03,13,1961,null
03,14,1961,null
03,15,1961,null
03,16,1961,null
03,17,1961,null
03,18,1961,null
03,19,1961,null
03,20,1961,null
03,21,1961,null
03,22,1961,null
03,23,1961,null
03,24,1961,null
03,25,1961,null
03,26,1961,null
03,27,1961,null
03,28,1961,null
03,29,1961,null
03,30,1961,null
03,31,1961,null
04,01,1961,null
04,02,1961,null
04,03,1961,null
04,04,1961,null
04,05,1961,null
04,06,1961,null
04,07,1961,null
04,08,1961,null
04,09,1961,null
04,10,1961,null
04,11,1961,null
04,12,1961,null
04,13,1961,null
04,14,1961,null
04,15,1961,null
04,16,1961,null
04,17,1961,null
04,18,1961,null
04,19,1961,null
04,20,1961,null
04,21,1961,null
04,22,1961,null
04,23,1961,null
04,24,1961,null
04,25,1961,null
04,26,1961,null
04,27,1961,null
04,28,1961,null
04,29,1961,null
04,30,1961,null
05,01,1961,null
05,02,1961,null
05,03,1961,null
05,04,1961,null
05,05,1961,null
05,06,1961,null
05,07,1961,null
05,08,1961,null
05,09,1961,null
05,10,1961,null
05,11,1961,null
05,12,1961,null
05,13,1961,null
05,14,1961,null
05,15,1961,null
05,16,1961,null
05,17,1961,null
05,18,1961,null
05,19,1961,null
05,20,1961,null
05,21,1961,null
05,22,1961,null
05,23,1961,null
05,24,1961,null
05,25,1961,null
05,26,1961,null
05,27,1961,null
05,28,1961,null
05,29,1961,null
05,30,1961,null
05,31,1961,null
06,01,1961,null
06,02,1961,null
06,03,1961,null
06,04,1961,null
06,05,1961,null
06,06,1961,null
06,07,1961,null
06,08,1961,null
06,09,1961,null
06,10,1961,null
06,11,1961,null
06,12,1961,null
06,13,1961,null
06,14,1961,null
06,15,1961,null
06,16,1961,null
06,17,1961,null
06,18,1961,null
06,19,1961,null
06,20,1961,null
06,21,1961,null
06,22,1961,null
06,23,1961,null
06,24,1961,null
06,25,1961,null
06,26,1961,null
06,27,1961,null
06,28,1961,null
06,29,1961,null
06,30,1961,null
07,01,1961,null
07,02,1961,null
07,03,1961,null
07,04,1961,null
07,05,1961,null
07,06,1961,null
07,07,1961,null
07,08,1961,null
07,09,1961,null
07,10,1961,null
07,11,1961,null
07,12,1961,null
07,13,1961,null
07,14,1961,null
07,15,1961,null
07,16,1961,null
07,17,1961,null
07,18,1961,null
07,19,1961,null
07,20,1961,null
07,21,1961,null
07,22,1961,null
07,23,1961,null
07,24,1961,null
07,25,1961,null
07,26,1961,null
07,27,1961,null
07,28,1961,null
07,29,1961,null
07,30,1961,null
07,31,1961,null
08,01,1961,null
08,02,1961,null
08,03,1961,null
08,04,1961,null
08,05,1961,null
08,06,1961,null
08,07,1961,null
08,08,1961,null
08,09,1961,null
08,10,1961,null
08,11,1961,null
08,12,1961,null
08,13,1961,null
08,14,1961,null
08,15,1961,null
08,16,1961,null
08,17,1961,null
08,18,1961,null
08,19,1961,null
08,20,1961,null
08,21,1961,null
08,22,1961,null
08,23,1961,null
08,24,1961,null
08,25,1961,null
08,26,1961,null
08,27,1961,null
08,28,1961,null
08,29,1961,null
08,30,1961,null
08,31,1961,null
09,01,1961,null
09,02,1961,null
09,03,1961,null
09,04,1961,null
09,05,1961,null
09,06,1961,null
09,07,1961,null
09,08,1961,null
09,09,1961,null
09,10,1961,null
09,11,1961,null
09,12,1961,null
09,13,1961,null
09,14,1961,null
09,15,1961,null
09,16,1961,null
09,17,1961,null
09,18,1961,null
09,19,1961,null
09,20,1961,null
09,21,1961,null
09,22,1961,null
09,23,1961,null
09,24,1961,null
09,25,1961,null
09,26,1961,null
09,27,1961,null
09,28,1961,null
09,29,1961,null
09,30,1961,null
10,01,1961,null
10,02,1961,null
10,03,1961,null
10,04,1961,null
10,05,1961,null
10,06,1961,null
10,07,1961,null
10,08,1961,null
10,09,1961,null
10,10,1961,null
10,11,1961,null
10,12,1961,null
10,13,1961,null
10,14,1961,null
10,15,1961,null
10,16,1961,null
10,17,1961,null
10,18,1961,null
10,19,1961,null
10,20,1961,null
10,21,1961,null
10,22,1961,null
10,23,1961,null
10,24,1961,null
10,25,1961,null
10,26,1961,null
10,27,1961,null
10,28,1961,null
10,29,1961,null
10,30,1961,null
10,31,1961,null
11,01,1961,null
11,02,1961,null
11,03,1961,null
11,04,1961,null
11,05,1961,null
11,06,1961,null
11,07,1961,null
11,08,1961,null
11,09,1961,null
11,10,1961,null
11,11,1961,null
11,12,1961,null
11,13,1961,null
11,14,1961,null
11,15,1961,null
11,16,1961,null
11,17,1961,null
11,18,1961,null
11,19,1961,null
11,20,1961,null
11,21,1961,null
11,22,1961,null
11,23,1961,null
11,24,1961,null
11,25,1961,null
11,26,1961,null
11,27,1961,null
11,28,1961,null
11,29,1961,null
11,30,1961,null
12,01,1961,null
12,02,1961,null
12,03,1961,null
12,04,1961,null
12,05,1961,null
12,06,1961,null
12,07,1961,null
12,08,1961,null
12,09,1961,null
12,10,1961,null
12,11,1961,null
12,12,1961,null
12,13,1961,null
12,14,1961,null
12,15,1961,null
12,16,1961,null
12,17,1961,null
12,18,1961,null
12,19,1961,null
12,20,1961,null
12,21,1961,null
12,22,1961,null
12,23,1961,null
12,24,1961,null
12,25,1961,null
12,26,1961,null
12,27,1961,null
12,28,1961,null
12,29,1961,null
12,30,1961,null
12,31,1961,null
01,01,1962,null
01,02,1962,null
01,03,1962,null
01,04,1962,null
01,05,1962,null
01,06,1962,null
01,07,1962,null
01,08,1962,null
01,09,1962,null
01,10,1962,null
01,11,1962,null
01,12,1962,null
01,13,1962,null
01,14,1962,null
01,15,1962,null
01,16,1962,null
01,17,1962,null
01,18,1962,null
01,19,1962,null
01,20,1962,null
01,21,1962,null
01,22,1962,null
01,23,1962,null
01,24,1962,null
01,25,1962,null
01,26,1962,null
01,27,1962,null
01,28,1962,null
01,29,1962,null
01,30,1962,null
01,31,1962,null
02,01,1962,null
02,02,1962,null
02,03,1962,null
02,04,1962,null
02,05,1962,null
02,06,1962,null
02,07,1962,null
02,08,1962,null
02,09,1962,null
02,10,1962,null
02,11,1962,null
02,12,1962,null
02,13,1962,null
02,14,1962,null
02,15,1962,null
02,16,1962,null
02,17,1962,null
02,18,1962,null
02,19,1962,null
02,20,1962,null
02,21,1962,null
02,22,1962,null
02,23,1962,null
02,24,1962,null
02,25,1962,null
02,26,1962,null
02,27,1962,null
02,28,1962,null
03,01,1962,null
03,02,1962,null
03,03,1962,null
03,04,1962,null
03,05,1962,null
03,06,1962,null
03,07,1962,null
03,08,1962,null
03,09,1962,null
03,10,1962,null
03,11,1962,null
03,12,1962,null
03,13,1962,null
03,14,1962,null
03,15,1962,null
03,16,1962,null
03,17,1962,null
03,18,1962,null
03,19,1962,null
03,20,1962,null
03,21,1962,null
03,22,1962,null
03,23,1962,null
03,24,1962,null
03,25,1962,null
03,26,1962,null
03,27,1962,null
03,28,1962,null
03,29,1962,null
03,30,1962,null
03,31,1962,null
04,01,1962,0.0
04,02,1962,0.0
04,03,1962,0.0
04,04,1962,0.0
04,05,1962,0.0
04,06,1962,0.0
04,07,1962,0.0
04,08,1962,0.0
04,09,1962,0.0
04,10,1962,0.0
04,11,1962,0.0
04,12,1962,0.0
04,13,1962,0.0
04,14,1962,0.0
04,15,1962,0.0
04,16,1962,0.0
04,17,1962,0.0
04,18,1962,0.0
04,19,1962,0.0
04,20,1962,0.0
04,21,1962,0.0
04,22,1962,0.0
04,23,1962,0.0
04,24,1962,0.0
04,25,1962,0.0
04,26,1962,0.0
04,27,1962,0.0
04,28,1962,0.0
04,29,1962,0.0
04,30,1962,0.0
05,01,1962,0.0
05,02,1962,0.0
05,03,1962,0.0
05,04,1962,0.0
05,05,1962,0.0
05,06,1962,0.0
05,07,1962,0.0
05,08,1962,0.0
05,09,1962,0.0
05,10,1962,0.0
05,11,1962,0.0
05,12,1962,0.0
05,13,1962,0.0
05,14,1962,0.0
05,15,1962,0.0
05,16,1962,0.0
05,17,1962,0.0
05,18,1962,0.0
05,19,1962,0.0
05,20,1962,0.0
05,21,1962,0.0
05,22,1962,0.0
05,23,1962,0.0
05,24,1962,0.0
05,25,1962,0.0
05,26,1962,0.0
05,27,1962,0.0
05,28,1962,0.0
05,29,1962,0.0
05,30,1962,0.0
05,31,1962,0.0
06,01,1962,0.0
06,02,1962,0.0
06,03,1962,0.0
06,04,1962,0.0
06,05,1962,0.0
06,06,1962,0.0
06,07,1962,0.0
06,08,1962,0.0
06,09,1962,0.0
06,10,1962,0.0
06,11,1962,0.0
06,12,1962,0.0
06,13,1962,0.0
06,14,1962,0.0
06,15,1962,0.0
06,16,1962,0.0
06,17,1962,0.0
06,18,1962,0.0
06,19,1962,0.0
06,20,1962,0.0
06,21,1962,0.0
06,22,1962,0.0
06,23,1962,0.0
06,24,1962,0.0
06,25,1962,0.0
06,26,1962,0.0
06,27,1962,0.0
06,28,1962,0.0
06,29,1962,0.0
06,30,1962,17.2
07,01,1962,0.0
07,02,1962,3.5
07,03,1962,0.0
07,04,1962,0.0
07,05,1962,0.0
07,06,1962,0.0
07,07,1962,0.0
07,08,1962,0.0
07,09,1962,3.1
07,10,1962,0.0
07,11,1962,0.0
07,12,1962,0.0
07,13,1962,0.0
07,14,1962,0.0
07,15,1962,0.0
07,16,1962,0.0
07,17,1962,0.0
07,18,1962,9.1
07,19,1962,0.0
07,20,1962,0.0
07,21,1962,0.0
07,22,1962,3.4
07,23,1962,0.0
07,24,1962,0.0
07,25,1962,0.0
07,26,1962,20.1
07,27,1962,16.0
07,28,1962,18.5
07,29,1962,20.3
07,30,1962,0.0
07,31,1962,0.0
08,01,1962,0.0
08,02,1962,0.0
08,03,1962,0.0
08,04,1962,0.0
08,05,1962,0.0
08,06,1962,0.0
08,07,1962,0.0
08,08,1962,0.0
08,09,1962,0.0
08,10,1962,0.0
08,11,1962,0.0
08,12,1962,0.0
08,13,1962,0.0
08,14,1962,0.0
08,15,1962,0.0
08,16,1962,1.1
08,17,1962,0.0
08,18,1962,0.0
08,19,1962,4.5
08,20,1962,0.0
08,21,1962,0.0
08,22,1962,0.0
08,23,1962,0.0
08,24,1962,0.0
08,25,1962,0.0
08,26,1962,0.0
08,27,1962,0.0
08,28,1962,0.0
08,29,1962,0.0
08,30,1962,0.0
08,31,1962,0.0
09,01,1962,16.9
09,02,1962,0.0
09,03,1962,0.0
09,04,1962,0.0
09,05,1962,0.0
09,06,1962,5.1
09,07,1962,0.0
09,08,1962,0.0
09,09,1962,0.0
09,10,1962,0.0
09,11,1962,5.0
09,12,1962,1.6
09,13,1962,4.4
09,14,1962,0.0
09,15,1962,0.0
09,16,1962,0.0
09,17,1962,0.0
09,18,1962,0.0
09,19,1962,0.0
09,20,1962,0.0
09,21,1962,4.9
09,22,1962,0.0
09,23,1962,0.0
09,24,1962,9.2
09,25,1962,0.0
09,26,1962,0.0
09,27,1962,0.0
09,28,1962,0.0
09,29,1962,0.0
09,30,1962,0.0
10,01,1962,0.0
10,02,1962,0.0
10,03,1962,1.5
10,04,1962,0.0
10,05,1962,0.0
10,06,1962,0.0
10,07,1962,0.0
10,08,1962,0.0
10,09,1962,0.0
10,10,1962,2.1
10,11,1962,0.0
10,12,1962,0.0
10,13,1962,0.0
10,14,1962,0.0
10,15,1962,0.0
10,16,1962,1.9
10,17,1962,0.0
10,18,1962,0.0
10,19,1962,0.0
10,20,1962,0.0
10,21,1962,0.0
10,22,1962,0.0
10,23,1962,0.0
10,24,1962,0.0
10,25,1962,0.0
10,26,1962,0.0
10,27,1962,0.0
10,28,1962,0.0
10,29,1962,0.0
10,30,1962,0.0
10,31,1962,0.0
11,01,1962,0.0
11,02,1962,0.0
11,03,1962,0.0
11,04,1962,0.0
11,05,1962,0.0
11,06,1962,0.0
11,07,1962,0.0
11,08,1962,0.0
11,09,1962,0.0
11,10,1962,0.0
11,11,1962,0.0
11,12,1962,0.0
11,13,1962,0.0
11,14,1962,1.5
11,15,1962,0.0
11,16,1962,1.2
11,17,1962,0.0
11,18,1962,0.0
11,19,1962,0.0
11,20,1962,0.0
11,21,1962,0.0
11,22,1962,0.0
11,23,1962,0.0
11,24,1962,0.0
11,25,1962,0.0
11,26,1962,0.0
11,27,1962,0.0
11,28,1962,0.0
11,29,1962,12.2
11,30,1962,0.0
12,01,1962,0.0
12,02,1962,0.0
12,03,1962,0.0
12,04,1962,2.3
12,05,1962,0.0
12,06,1962,0.0
12,07,1962,0.0
12,08,1962,0.0
12,09,1962,0.0
12,10,1962,0.0
12,11,1962,0.0
12,12,1962,0.0
12,13,1962,0.0
12,14,1962,0.0
12,15,1962,0.0
12,16,1962,12.2
12,17,1962,16.5
12,18,1962,0.0
12,19,1962,0.0
12,20,1962,0.0
12,21,1962,0.0
12,22,1962,0.0
12,23,1962,0.0
12,24,1962,0.0
12,25,1962,0.0
12,26,1962,0.0
12,27,1962,0.0
12,28,1962,0.0
12,29,1962,0.0
12,30,1962,0.0
12,31,1962,0.0
01,01,1963,0.0
01,02,1963,0.0
01,03,1963,4.7
01,04,1963,0.0
01,05,1963,0.0
01,06,1963,0.0
01,07,1963,0.0
01,08,1963,0.0
01,09,1963,0.0
01,10,1963,0.0
01,11,1963,0.0
01,12,1963,3.2
01,13,1963,0.0
01,14,1963,0.0
01,15,1963,0.0
01,16,1963,0.0
01,17,1963,0.0
01,18,1963,0.0
01,19,1963,0.0
01,20,1963,0.0
01,21,1963,0.0
01,22,1963,0.0
01,23,1963,0.0
01,24,1963,0.0
01,25,1963,0.0
01,26,1963,0.0
01,27,1963,0.0
01,28,1963,0.0
01,29,1963,0.0
01,30,1963,0.0
01,31,1963,0.0
02,01,1963,0.0
02,02,1963,0.0
02,03,1963,0.0
02,04,1963,0.0
02,05,1963,0.0
02,06,1963,0.0
02,07,1963,0.0
02,08,1963,0.0
02,09,1963,10.4
02,10,1963,4.1
02,11,1963,0.0
02,12,1963,0.0
02,13,1963,0.0
02,14,1963,0.0
02,15,1963,0.0
02,16,1963,0.0
02,17,1963,0.0
02,18,1963,0.0
02,19,1963,0.0
02,20,1963,0.0
02,21,1963,0.0
02,22,1963,0.0
02,23,1963,0.0
02,24,1963,0.0
02,25,1963,0.0
02,26,1963,0.0
02,27,1963,0.0
02,28,1963,0.0
03,01,1963,null
03,02,1963,null
03,03,1963,null
03,04,1963,null
03,05,1963,null
03,06,1963,null
03,07,1963,null
03,08,1963,null
03,09,1963,null
03,10,1963,null
03,11,1963,null
03,12,1963,null
03,13,1963,null
03,14,1963,null
03,15,1963,null
03,16,1963,null
03,17,1963,null
03,18,1963,null
03,19,1963,null
03,20,1963,null
03,21,1963,null
03,22,1963,null
03,23,1963,null
03,24,1963,null
03,25,1963,null
03,26,1963,null
03,27,1963,null
03,28,1963,null
03,29,1963,null
03,30,1963,null
03,31,1963,null
04,01,1963,null
04,02,1963,null
04,03,1963,null
04,04,1963,null
04,05,1963,null
04,06,1963,null
04,07,1963,null
04,08,1963,null
04,09,1963,null
04,10,1963,null
04,11,1963,null
04,12,1963,null
04,13,1963,null
04,14,1963,null
04,15,1963,null
04,16,1963,null
04,17,1963,null
04,18,1963,null
04,19,1963,null
04,20,1963,null
04,21,1963,null
04,22,1963,null
04,23,1963,null
04,24,1963,null
04,25,1963,null
04,26,1963,null
04,27,1963,null
04,28,1963,null
04,29,1963,null
04,30,1963,null
05,01,1963,null
05,02,1963,null
05,03,1963,null
05,04,1963,null
05,05,1963,null
05,06,1963,null
05,07,1963,null
05,08,1963,null
05,09,1963,null
05,10,1963,null
05,11,1963,null
05,12,1963,null
05,13,1963,null
05,14,1963,null
05,15,1963,null
05,16,1963,null
05,17,1963,null
05,18,1963,null
05,19,1963,null
05,20,1963,null
05,21,1963,null
05,22,1963,null
05,23,1963,null
05,24,1963,null
05,25,1963,null
05,26,1963,null
05,27,1963,null
05,28,1963,null
05,29,1963,null
05,30,1963,null
05,31,1963,null
06,01,1963,0.0
06,02,1963,0.0
06,03,1963,0.0
06,04,1963,0.0
06,05,1963,0.0
06,06,1963,0.0
06,07,1963,0.0
06,08,1963,0.0
06,09,1963,0.0
06,10,1963,0.0
06,11,1963,0.0
06,12,1963,0.0
06,13,1963,0.0
06,14,1963,0.0
06,15,1963,0.0
06,16,1963,0.0
06,17,1963,0.0
06,18,1963,0.0
06,19,1963,0.0
06,20,1963,0.0
06,21,1963,0.0
06,22,1963,0.0
06,23,1963,0.0
06,24,1963,0.0
06,25,1963,0.0
06,26,1963,0.0
06,27,1963,0.0
06,28,1963,0.0
06,29,1963,0.0
06,30,1963,0.0
07,01,1963,0.0
07,02,1963,0.0
07,03,1963,0.0
07,04,1963,0.0
07,05,1963,0.0
07,06,1963,0.0
07,07,1963,0.0
07,08,1963,0.0
07,09,1963,0.0
07,10,1963,0.0
07,11,1963,0.0
07,12,1963,0.0
07,13,1963,0.0
07,14,1963,0.0
07,15,1963,0.0
07,16,1963,0.0
07,17,1963,0.0
07,18,1963,19.4
07,19,1963,0.0
07,20,1963,0.0
07,21,1963,0.0
07,22,1963,0.0
07,23,1963,0.0
07,24,1963,0.0
07,25,1963,10.5
07,26,1963,9.5
07,27,1963,0.0
07,28,1963,6.0
07,29,1963,0.0
07,30,1963,0.0
07,31,1963,0.0
08,01,1963,2.5
08,02,1963,12.5
08,03,1963,3.5
08,04,1963,0.0
08,05,1963,0.0
08,06,1963,0.0
08,07,1963,0.0
08,08,1963,0.0
08,09,1963,0.0
08,10,1963,0.0
08,11,1963,4.5
08,12,1963,2.0
08,13,1963,0.0
08,14,1963,0.0
08,15,1963,0.0
08,16,1963,0.0
08,17,1963,0.0
08,18,1963,0.0
08,19,1963,0.0
08,20,1963,0.0
08,21,1963,2.2
08,22,1963,0.0
08,23,1963,0.0
08,24,1963,12.5
08,25,1963,4.3
08,26,1963,0.0
08,27,1963,0.0
08,28,1963,0.0
08,29,1963,0.0
08,30,1963,0.0
08,31,1963,0.0
09,01,1963,0.0
09,02,1963,0.0
09,03,1963,0.0
09,04,1963,0.0
09,05,1963,0.0
09,06,1963,0.0
09,07,1963,0.0
09,08,1963,0.0
09,09,1963,0.0
09,10,1963,0.0
09,11,1963,0.0
09,12,1963,0.0
09,13,1963,0.0
09,14,1963,0.0
09,15,1963,0.0
09,16,1963,0.0
09,17,1963,0.0
09,18,1963,0.0
09,19,1963,0.0
09,20,1963,0.0
09,21,1963,0.0
09,22,1963,0.0
09,23,1963,0.0
09,24,1963,0.0
09,25,1963,0.0
09,26,1963,0.0
09,27,1963,0.0
09,28,1963,0.0
09,29,1963,0.0
09,30,1963,0.0
10,01,1963,null
10,02,1963,null
10,03,1963,null
10,04,1963,null
10,05,1963,null
10,06,1963,null
10,07,1963,null
10,08,1963,null
10,09,1963,null
10,10,1963,null
10,11,1963,null
10,12,1963,null
10,13,1963,null
10,14,1963,null
10,15,1963,null
10,16,1963,null
10,17,1963,null
10,18,1963,null
10,19,1963,null
10,20,1963,null
10,21,1963,null
10,22,1963,null
10,23,1963,null
10,24,1963,null
10,25,1963,null
10,26,1963,null
10,27,1963,null
10,28,1963,null
10,29,1963,null
10,30,1963,null
10,31,1963,null
11,01,1963,null
11,02,1963,null
11,03,1963,null
11,04,1963,null
11,05,1963,null
11,06,1963,null
11,07,1963,null
11,08,1963,null
11,09,1963,null
11,10,1963,null
11,11,1963,null
11,12,1963,null
11,13,1963,null
11,14,1963,null
11,15,1963,null
11,16,1963,null
11,17,1963,null
11,18,1963,null
11,19,1963,null
11,20,1963,null
11,21,1963,null
11,22,1963,null
11,23,1963,null
11,24,1963,null
11,25,1963,null
11,26,1963,null
11,27,1963,null
11,28,1963,null
11,29,1963,null
11,30,1963,null
12,01,1963,null
12,02,1963,null
12,03,1963,null
12,04,1963,null
12,05,1963,null
12,06,1963,null
12,07,1963,null
12,08,1963,null
12,09,1963,null
12,10,1963,null
12,11,1963,null
12,12,1963,null
12,13,1963,null
12,14,1963,null
12,15,1963,null
12,16,1963,null
12,17,1963,null
12,18,1963,null
12,19,1963,null
12,20,1963,null
12,21,1963,null
12,22,1963,null
12,23,1963,null
12,24,1963,null
12,25,1963,null
12,26,1963,null
12,27,1963,null
12,28,1963,null
12,29,1963,null
12,30,1963,null
12,31,1963,null
01,01,1964,null
01,02,1964,null
01,03,1964,null
01,04,1964,null
01,05,1964,null
01,06,1964,null
01,07,1964,null
01,08,1964,null
01,09,1964,null
01,10,1964,null
01,11,1964,null
01,12,1964,null
01,13,1964,null
01,14,1964,null
01,15,1964,null
01,16,1964,null
01,17,1964,null
01,18,1964,null
01,19,1964,null
01,20,1964,null
01,21,1964,null
01,22,1964,null
01,23,1964,null
01,24,1964,null
01,25,1964,null
01,26,1964,null
01,27,1964,null
01,28,1964,null
01,29,1964,null
01,30,1964,null
01,31,1964,null
02,01,1964,null
02,02,1964,null
02,03,1964,null
02,04,1964,null
02,05,1964,null
02,06,1964,null
02,07,1964,null
02,08,1964,null
02,09,1964,null
02,10,1964,null
02,11,1964,null
02,12,1964,null
02,13,1964,null
02,14,1964,null
02,15,1964,null
02,16,1964,null
02,17,1964,null
02,18,1964,null
02,19,1964,null
02,20,1964,null
02,21,1964,null
02,22,1964,null
02,23,1964,null
02,24,1964,null
02,25,1964,null
02,26,1964,null
02,27,1964,null
02,28,1964,null
02,29,1964,null
03,01,1964,null
03,02,1964,null
03,03,1964,null
03,04,1964,null
03,05,1964,null
03,06,1964,null
03,07,1964,null
03,08,1964,null
03,09,1964,null
03,10,1964,null
03,11,1964,null
03,12,1964,null
03,13,1964,null
03,14,1964,null
03,15,1964,null
03,16,1964,null
03,17,1964,null
03,18,1964,null
03,19,1964,null
03,20,1964,null
03,21,1964,null
03,22,1964,null
03,23,1964,null
03,24,1964,null
03,25,1964,null
03,26,1964,null
03,27,1964,null
03,28,1964,null
03,29,1964,null
03,30,1964,null
03,31,1964,null
04,01,1964,null
04,02,1964,null
04,03,1964,null
04,04,1964,null
04,05,1964,null
04,06,1964,null
04,07,1964,null
04,08,1964,null
04,09,1964,null
04,10,1964,null
04,11,1964,null
04,12,1964,null
04,13,1964,null
04,14,1964,null
04,15,1964,null
04,16,1964,null
04,17,1964,null
04,18,1964,null
04,19,1964,null
04,20,1964,null
04,21,1964,null
04,22,1964,null
04,23,1964,null
04,24,1964,null
04,25,1964,null
04,26,1964,null
04,27,1964,null
04,28,1964,null
04,29,1964,null
04,30,1964,null
05,01,1964,null
05,02,1964,null
05,03,1964,null
05,04,1964,null
05,05,1964,null
05,06,1964,null
05,07,1964,null
05,08,1964,null
05,09,1964,null
05,10,1964,null
05,11,1964,null
05,12,1964,null
05,13,1964,null
05,14,1964,null
05,15,1964,null
05,16,1964,null
05,17,1964,null
05,18,1964,null
05,19,1964,null
05,20,1964,null
05,21,1964,null
05,22,1964,null
05,23,1964,null
05,24,1964,null
05,25,1964,null
05,26,1964,null
05,27,1964,null
05,28,1964,null
05,29,1964,null
05,30,1964,null
05,31,1964,null
06,01,1964,null
06,02,1964,null
06,03,1964,null
06,04,1964,null
06,05,1964,null
06,06,1964,null
06,07,1964,null
06,08,1964,null
06,09,1964,null
06,10,1964,null
06,11,1964,null
06,12,1964,null
06,13,1964,null
06,14,1964,null
06,15,1964,null
06,16,1964,null
06,17,1964,null
06,18,1964,null
06,19,1964,null
06,20,1964,null
06,21,1964,null
06,22,1964,null
06,23,1964,null
06,24,1964,null
06,25,1964,null
06,26,1964,null
06,27,1964,null
06,28,1964,null
06,29,1964,null
06,30,1964,null
07,01,1964,null
07,02,1964,null
07,03,1964,null
07,04,1964,null
07,05,1964,null
07,06,1964,null
07,07,1964,null
07,08,1964,null
07,09,1964,null
07,10,1964,null
07,11,1964,null
07,12,1964,null
07,13,1964,null
07,14,1964,null
07,15,1964,null
07,16,1964,null
07,17,1964,null
07,18,1964,null
07,19,1964,null
07,20,1964,null
07,21,1964,null
07,22,1964,null
07,23,1964,null
07,24,1964,null
07,25,1964,null
07,26,1964,null
07,27,1964,null
07,28,1964,null
07,29,1964,null
07,30,1964,null
07,31,1964,null
08,01,1964,21.5
08,02,1964,0.0
08,03,1964,0.0
08,04,1964,0.0
08,05,1964,0.0
08,06,1964,4.5
08,07,1964,0.0
08,08,1964,30.0
08,09,1964,1.1
08,10,1964,16.2
08,11,1964,0.0
08,12,1964,45.2
08,13,1964,5.7
08,14,1964,0.0
08,15,1964,0.0
08,16,1964,0.0
08,17,1964,0.0
08,18,1964,0.0
08,19,1964,0.0
08,20,1964,0.0
08,21,1964,0.0
08,22,1964,0.0
08,23,1964,0.0
08,24,1964,0.0
08,25,1964,0.0
08,26,1964,0.0
08,27,1964,0.0
08,28,1964,0.0
08,29,1964,0.0
08,30,1964,0.0
08,31,1964,0.0
09,01,1964,0.0
09,02,1964,0.0
09,03,1964,15.5
09,04,1964,0.0
09,05,1964,0.0
09,06,1964,0.0
09,07,1964,2.5
09,08,1964,4.0
09,09,1964,0.0
09,10,1964,66.5
09,11,1964,7.0
09,12,1964,0.0
09,13,1964,3.5
09,14,1964,0.0
09,15,1964,0.0
09,16,1964,0.0
09,17,1964,0.0
09,18,1964,4.5
09,19,1964,0.0
09,20,1964,0.0
09,21,1964,4.0
09,22,1964,0.0
09,23,1964,0.0
09,24,1964,4.5
09,25,1964,0.0
09,26,1964,0.0
09,27,1964,0.0
09,28,1964,0.0
09,29,1964,0.0
09,30,1964,0.0
10,01,1964,0.0
10,02,1964,0.0
10,03,1964,0.0
10,04,1964,0.0
10,05,1964,0.0
10,06,1964,0.0
10,07,1964,0.0
10,08,1964,0.0
10,09,1964,0.0
10,10,1964,0.0
10,11,1964,0.0
10,12,1964,0.0
10,13,1964,0.0
10,14,1964,1.5
10,15,1964,15.5
10,16,1964,0.0
10,17,1964,0.0
10,18,1964,0.0
10,19,1964,0.0
10,20,1964,0.0
10,21,1964,0.0
10,22,1964,0.0
10,23,1964,0.0
10,24,1964,0.0
10,25,1964,0.0
10,26,1964,0.0
10,27,1964,0.0
10,28,1964,0.0
10,29,1964,0.0
10,30,1964,0.0
10,31,1964,0.0
11,01,1964,null
11,02,1964,null
11,03,1964,null
11,04,1964,null
11,05,1964,null
11,06,1964,null
11,07,1964,null
11,08,1964,null
11,09,1964,null
11,10,1964,null
11,11,1964,null
11,12,1964,null
11,13,1964,null
11,14,1964,null
11,15,1964,null
11,16,1964,null
11,17,1964,null
11,18,1964,null
11,19,1964,null
11,20,1964,null
11,21,1964,null
11,22,1964,null
11,23,1964,null
11,24,1964,null
11,25,1964,null
11,26,1964,null
11,27,1964,null
11,28,1964,null
11,29,1964,null
11,30,1964,null
12,01,1964,null
12,02,1964,null
12,03,1964,null
12,04,1964,null
12,05,1964,null
12,06,1964,null
12,07,1964,null
12,08,1964,null
12,09,1964,null
12,10,1964,null
12,11,1964,null
12,12,1964,null
12,13,1964,null
12,14,1964,null
12,15,1964,null
12,16,1964,null
12,17,1964,null
12,18,1964,null
12,19,1964,null
12,20,1964,null
12,21,1964,null
12,22,1964,null
12,23,1964,null
12,24,1964,null
12,25,1964,null
12,26,1964,null
12,27,1964,null
12,28,1964,null
12,29,1964,null
12,30,1964,null
12,31,1964,null
01,01,1965,0.0
01,02,1965,0.0
01,03,1965,0.0
01,04,1965,0.0
01,05,1965,0.0
01,06,1965,11.5
01,07,1965,2.5
01,08,1965,0.0
01,09,1965,0.0
01,10,1965,0.0
01,11,1965,0.0
01,12,1965,0.0
01,13,1965,0.0
01,14,1965,0.0
01,15,1965,0.0
01,16,1965,0.0
01,17,1965,0.0
01,18,1965,0.0
01,19,1965,0.0
01,20,1965,0.0
01,21,1965,0.0
01,22,1965,0.0
01,23,1965,0.0
01,24,1965,0.0
01,25,1965,0.0
01,26,1965,0.0
01,27,1965,0.0
01,28,1965,0.0
01,29,1965,0.0
01,30,1965,0.0
01,31,1965,0.0
02,01,1965,11.5
02,02,1965,0.0
02,03,1965,0.0
02,04,1965,0.0
02,05,1965,5.0
02,06,1965,0.0
02,07,1965,0.0
02,08,1965,0.0
02,09,1965,0.0
02,10,1965,0.0
02,11,1965,0.0
02,12,1965,0.0
02,13,1965,0.0
02,14,1965,0.0
02,15,1965,0.0
02,16,1965,0.0
02,17,1965,0.0
02,18,1965,0.0
02,19,1965,0.0
02,20,1965,0.0
02,21,1965,0.0
02,22,1965,0.0
02,23,1965,0.0
02,24,1965,0.0
02,25,1965,0.0
02,26,1965,0.0
02,27,1965,0.0
02,28,1965,0.0
03,01,1965,0.0
03,02,1965,0.0
03,03,1965,0.0
03,04,1965,0.0
03,05,1965,0.0
03,06,1965,0.0
03,07,1965,0.0
03,08,1965,0.0
03,09,1965,0.0
03,10,1965,0.0
03,11,1965,0.0
03,12,1965,0.0
03,13,1965,0.0
03,14,1965,0.0
03,15,1965,0.0
03,16,1965,0.0
03,17,1965,0.0
03,18,1965,0.0
03,19,1965,0.0
03,20,1965,0.0
03,21,1965,0.0
03,22,1965,0.0
03,23,1965,0.0
03,24,1965,0.0
03,25,1965,0.0
03,26,1965,0.0
03,27,1965,0.0
03,28,1965,0.0
03,29,1965,0.0
03,30,1965,0.0
03,31,1965,0.0
04,01,1965,0.0
04,02,1965,1.0
04,03,1965,0.0
04,04,1965,0.0
04,05,1965,0.0
04,06,1965,0.0
04,07,1965,0.0
04,08,1965,0.0
04,09,1965,0.0
04,10,1965,0.0
04,11,1965,0.0
04,12,1965,0.0
04,13,1965,0.0
04,14,1965,0.0
04,15,1965,0.0
04,16,1965,0.0
04,17,1965,0.0
04,18,1965,0.0
04,19,1965,0.0
04,20,1965,0.0
04,21,1965,0.0
04,22,1965,0.0
04,23,1965,0.0
04,24,1965,0.0
04,25,1965,0.0
04,26,1965,0.0
04,27,1965,0.0
04,28,1965,0.0
04,29,1965,0.0
04,30,1965,0.0
05,01,1965,0.0
05,02,1965,0.0
05,03,1965,0.0
05,04,1965,0.0
05,05,1965,0.0
05,06,1965,0.0
05,07,1965,0.0
05,08,1965,0.0
05,09,1965,0.0
05,10,1965,0.0
05,11,1965,0.0
05,12,1965,0.0
05,13,1965,0.0
05,14,1965,0.0
05,15,1965,1.0
05,16,1965,0.0
05,17,1965,0.0
05,18,1965,0.0
05,19,1965,0.0
05,20,1965,0.0
05,21,1965,0.0
05,22,1965,0.0
05,23,1965,0.0
05,24,1965,0.0
05,25,1965,0.0
05,26,1965,0.0
05,27,1965,0.0
05,28,1965,0.0
05,29,1965,0.0
05,30,1965,0.0
05,31,1965,0.0
06,01,1965,0.0
06,02,1965,0.0
06,03,1965,0.0
06,04,1965,0.0
06,05,1965,0.0
06,06,1965,0.0
06,07,1965,5.0
06,08,1965,0.0
06,09,1965,0.0
06,10,1965,0.0
06,11,1965,0.0
06,12,1965,0.0
06,13,1965,0.0
06,14,1965,0.0
06,15,1965,0.0
06,16,1965,0.0
06,17,1965,0.0
06,18,1965,0.0
06,19,1965,0.0
06,20,1965,0.0
06,21,1965,3.0
06,22,1965,1.0
06,23,1965,0.0
06,24,1965,0.0
06,25,1965,0.0
06,26,1965,0.0
06,27,1965,0.0
06,28,1965,0.0
06,29,1965,0.0
06,30,1965,0.0
07,01,1965,0.0
07,02,1965,0.0
07,03,1965,0.0
07,04,1965,0.0
07,05,1965,0.0
07,06,1965,0.0
07,07,1965,2.0
07,08,1965,8.0
07,09,1965,2.0
07,10,1965,0.0
07,11,1965,6.0
07,12,1965,15.0
07,13,1965,4.0
07,14,1965,5.5
07,15,1965,27.0
07,16,1965,5.0
07,17,1965,0.0
07,18,1965,2.0
07,19,1965,5.0
07,20,1965,0.0
07,21,1965,0.0
07,22,1965,2.0
07,23,1965,2.0
07,24,1965,19.0
07,25,1965,0.0
07,26,1965,21.5
07,27,1965,0.0
07,28,1965,0.0
07,29,1965,0.0
07,30,1965,0.0
07,31,1965,0.0
08,01,1965,0.0
08,02,1965,0.0
08,03,1965,0.0
08,04,1965,0.0
08,05,1965,0.0
08,06,1965,2.0
08,07,1965,8.0
08,08,1965,0.0
08,09,1965,0.0
08,10,1965,0.0
08,11,1965,0.0
08,12,1965,1.5
08,13,1965,0.0
08,14,1965,0.0
08,15,1965,0.0
08,16,1965,0.0
08,17,1965,18.0
08,18,1965,0.0
08,19,1965,9.0
08,20,1965,0.0
08,21,1965,0.0
08,22,1965,0.0
08,23,1965,0.0
08,24,1965,9.0
08,25,1965,23.0
08,26,1965,0.0
08,27,1965,3.0
08,28,1965,0.0
08,29,1965,30.5
08,30,1965,0.0
08,31,1965,0.0
09,01,1965,0.0
09,02,1965,25.0
09,03,1965,6.5
09,04,1965,0.0
09,05,1965,0.0
09,06,1965,0.0
09,07,1965,3.0
09,08,1965,0.0
09,09,1965,5.0
09,10,1965,0.0
09,11,1965,0.0
09,12,1965,0.0
09,13,1965,0.0
09,14,1965,0.0
09,15,1965,0.0
09,16,1965,3.0
09,17,1965,0.0
09,18,1965,0.0
09,19,1965,0.0
09,20,1965,0.0
09,21,1965,0.0
09,22,1965,0.0
09,23,1965,0.0
09,24,1965,0.0
09,25,1965,0.0
09,26,1965,0.0
09,27,1965,0.0
09,28,1965,0.0
09,29,1965,0.0
09,30,1965,0.0
10,01,1965,0.0
10,02,1965,0.0
10,03,1965,0.0
10,04,1965,0.0
10,05,1965,0.0
10,06,1965,0.0
10,07,1965,0.0
10,08,1965,0.0
10,09,1965,0.0
10,10,1965,0.0
10,11,1965,0.0
10,12,1965,0.0
10,13,1965,0.0
10,14,1965,0.0
10,15,1965,0.0
10,16,1965,0.0
10,17,1965,0.0
10,18,1965,0.0
10,19,1965,0.0
10,20,1965,0.0
10,21,1965,0.0
10,22,1965,0.0
10,23,1965,0.0
10,24,1965,0.0
10,25,1965,0.0
10,26,1965,0.0
10,27,1965,0.0
10,28,1965,0.0
10,29,1965,0.0
10,30,1965,0.0
10,31,1965,0.0
11,01,1965,0.0
11,02,1965,0.0
11,03,1965,0.0
11,04,1965,0.0
11,05,1965,0.0
11,06,1965,0.0
11,07,1965,0.0
11,08,1965,0.0
11,09,1965,0.0
11,10,1965,0.0
11,11,1965,0.0
11,12,1965,0.0
11,13,1965,0.0
11,14,1965,0.0
11,15,1965,0.0
11,16,1965,0.0
11,17,1965,0.0
11,18,1965,0.0
11,19,1965,0.0
11,20,1965,0.0
11,21,1965,0.0
11,22,1965,0.0
11,23,1965,5.0
11,24,1965,0.0
11,25,1965,0.0
11,26,1965,0.0
11,27,1965,0.0
11,28,1965,0.0
11,29,1965,0.0
11,30,1965,0.0
12,01,1965,0.0
12,02,1965,0.0
12,03,1965,0.0
12,04,1965,0.0
12,05,1965,0.0
12,06,1965,0.0
12,07,1965,6.0
12,08,1965,34.0
12,09,1965,10.0
12,10,1965,0.0
12,11,1965,0.0
12,12,1965,0.0
12,13,1965,10.0
12,14,1965,0.0
12,15,1965,16.0
12,16,1965,0.0
12,17,1965,0.0
12,18,1965,0.0
12,19,1965,0.0
12,20,1965,0.0
12,21,1965,13.0
12,22,1965,7.0
12,23,1965,0.0
12,24,1965,0.0
12,25,1965,0.0
12,26,1965,0.0
12,27,1965,0.0
12,28,1965,0.0
12,29,1965,3.0
12,30,1965,0.0
12,31,1965,0.0
01,01,1966,0.0
01,02,1966,0.0
01,03,1966,0.0
01,04,1966,0.0
01,05,1966,0.0
01,06,1966,0.0
01,07,1966,0.0
01,08,1966,0.0
01,09,1966,0.0
01,10,1966,0.0
01,11,1966,0.0
01,12,1966,0.0
01,13,1966,0.0
01,14,1966,0.0
01,15,1966,0.0
01,16,1966,14.0
01,17,1966,4.0
01,18,1966,0.0
01,19,1966,2.0
01,20,1966,0.0
01,21,1966,0.0
01,22,1966,0.0
01,23,1966,0.0
01,24,1966,0.0
01,25,1966,0.0
01,26,1966,1.0
01,27,1966,0.0
01,28,1966,0.0
01,29,1966,0.0
01,30,1966,0.0
01,31,1966,0.0
02,01,1966,0.0
02,02,1966,0.0
02,03,1966,0.0
02,04,1966,0.0
02,05,1966,0.0
02,06,1966,23.0
02,07,1966,0.0
02,08,1966,0.0
02,09,1966,3.0
02,10,1966,0.0
02,11,1966,0.0
02,12,1966,0.0
02,13,1966,0.0
02,14,1966,0.0
02,15,1966,0.0
02,16,1966,0.0
02,17,1966,0.0
02,18,1966,0.0
02,19,1966,0.0
02,20,1966,0.0
02,21,1966,0.0
02,22,1966,0.0
02,23,1966,0.0
02,24,1966,0.0
02,25,1966,0.0
02,26,1966,0.0
02,27,1966,0.0
02,28,1966,0.0
03,01,1966,0.0
03,02,1966,0.0
03,03,1966,0.0
03,04,1966,0.0
03,05,1966,0.0
03,06,1966,0.0
03,07,1966,0.0
03,08,1966,0.0
03,09,1966,0.0
03,10,1966,0.0
03,11,1966,0.0
03,12,1966,0.0
03,13,1966,0.0
03,14,1966,0.0
03,15,1966,0.0
03,16,1966,0.0
03,17,1966,0.0
03,18,1966,0.0
03,19,1966,0.0
03,20,1966,0.0
03,21,1966,0.0
03,22,1966,0.0
03,23,1966,0.0
03,24,1966,0.0
03,25,1966,0.0
03,26,1966,0.0
03,27,1966,0.0
03,28,1966,0.0
03,29,1966,0.0
03,30,1966,0.0
03,31,1966,0.0
04,01,1966,0.0
04,02,1966,0.0
04,03,1966,0.0
04,04,1966,0.0
04,05,1966,0.0
04,06,1966,0.0
04,07,1966,0.0
04,08,1966,0.0
04,09,1966,0.0
04,10,1966,0.0
04,11,1966,0.0
04,12,1966,0.0
04,13,1966,0.0
04,14,1966,0.0
04,15,1966,0.0
04,16,1966,0.0
04,17,1966,0.0
04,18,1966,0.0
04,19,1966,0.0
04,20,1966,0.0
04,21,1966,0.0
04,22,1966,0.0
04,23,1966,0.0
04,24,1966,0.0
04,25,1966,0.0
04,26,1966,0.0
04,27,1966,0.0
04,28,1966,0.0
04,29,1966,0.0
04,30,1966,0.0
05,01,1966,0.0
05,02,1966,0.0
05,03,1966,0.0
05,04,1966,0.0
05,05,1966,0.0
05,06,1966,0.0
05,07,1966,0.0
05,08,1966,0.0
05,09,1966,0.0
05,10,1966,0.0
05,11,1966,0.0
05,12,1966,0.0
05,13,1966,0.0
05,14,1966,0.0
05,15,1966,0.0
05,16,1966,0.0
05,17,1966,0.0
05,18,1966,0.0
05,19,1966,0.0
05,20,1966,0.0
05,21,1966,0.0
05,22,1966,0.0
05,23,1966,0.0
05,24,1966,0.0
05,25,1966,0.0
05,26,1966,0.0
05,27,1966,0.0
05,28,1966,0.0
05,29,1966,0.0
05,30,1966,0.0
05,31,1966,0.0
06,01,1966,0.0
06,02,1966,0.0
06,03,1966,0.0
06,04,1966,0.0
06,05,1966,0.0
06,06,1966,0.0
06,07,1966,0.0
06,08,1966,0.0
06,09,1966,0.0
06,10,1966,0.0
06,11,1966,0.0
06,12,1966,0.0
06,13,1966,0.0
06,14,1966,0.0
06,15,1966,0.0
06,16,1966,0.0
06,17,1966,0.0
06,18,1966,0.0
06,19,1966,0.0
06,20,1966,0.0
06,21,1966,0.0
06,22,1966,0.0
06,23,1966,0.0
06,24,1966,0.0
06,25,1966,0.0
06,26,1966,0.0
06,27,1966,0.0
06,28,1966,22.0
06,29,1966,0.0
06,30,1966,0.0
07,01,1966,0.0
07,02,1966,0.0
07,03,1966,0.0
07,04,1966,0.0
07,05,1966,0.0
07,06,1966,0.0
07,07,1966,0.0
07,08,1966,0.0
07,09,1966,0.0
07,10,1966,0.0
07,11,1966,0.0
07,12,1966,0.0
07,13,1966,0.0
07,14,1966,0.0
07,15,1966,0.0
07,16,1966,0.0
07,17,1966,0.0
07,18,1966,0.0
07,19,1966,0.0
07,20,1966,0.0
07,21,1966,0.0
07,22,1966,0.0
07,23,1966,4.0
07,24,1966,0.0
07,25,1966,23.0
07,26,1966,15.0
07,27,1966,16.5
07,28,1966,3.0
07,29,1966,0.0
07,30,1966,0.0
07,31,1966,0.0
08,01,1966,0.0
08,02,1966,47.0
08,03,1966,4.0
08,04,1966,21.0
08,05,1966,0.0
08,06,1966,1.0
08,07,1966,0.0
08,08,1966,0.0
08,09,1966,8.0
08,10,1966,0.0
08,11,1966,2.0
08,12,1966,0.0
08,13,1966,0.0
08,14,1966,0.0
08,15,1966,23.0
08,16,1966,6.5
08,17,1966,2.0
08,18,1966,1.0
08,19,1966,0.0
08,20,1966,0.0
08,21,1966,0.0
08,22,1966,2.5
08,23,1966,1.5
08,24,1966,0.0
08,25,1966,0.0
08,26,1966,0.0
08,27,1966,0.0
08,28,1966,12.0
08,29,1966,0.0
08,30,1966,2.0
08,31,1966,0.0
09,01,1966,0.0
09,02,1966,0.0
09,03,1966,0.0
09,04,1966,0.0
09,05,1966,1.0
09,06,1966,0.0
09,07,1966,0.0
09,08,1966,0.0
09,09,1966,0.0
09,10,1966,23.0
09,11,1966,3.0
09,12,1966,5.5
09,13,1966,7.0
09,14,1966,35.0
09,15,1966,0.0
09,16,1966,0.0
09,17,1966,0.0
09,18,1966,0.0
09,19,1966,0.0
09,20,1966,0.0
09,21,1966,0.0
09,22,1966,0.0
09,23,1966,0.0
09,24,1966,0.0
09,25,1966,0.0
09,26,1966,5.0
09,27,1966,22.5
09,28,1966,0.0
09,29,1966,0.0
09,30,1966,0.0
10,01,1966,0.0
10,02,1966,0.0
10,03,1966,3.0
10,04,1966,0.0
10,05,1966,0.0
10,06,1966,0.0
10,07,1966,0.0
10,08,1966,0.0
10,09,1966,0.0
10,10,1966,0.0
10,11,1966,0.0
10,12,1966,0.0
10,13,1966,0.0
10,14,1966,0.0
10,15,1966,0.0
10,16,1966,0.0
10,17,1966,0.0
10,18,1966,0.0
10,19,1966,0.0
10,20,1966,0.0
10,21,1966,0.0
10,22,1966,0.0
10,23,1966,0.0
10,24,1966,0.0
10,25,1966,0.0
10,26,1966,0.0
10,27,1966,0.0
10,28,1966,0.0
10,29,1966,0.0
10,30,1966,0.0
10,31,1966,0.0
11,01,1966,0.0
11,02,1966,0.0
11,03,1966,0.0
11,04,1966,0.0
11,05,1966,0.0
11,06,1966,0.0
11,07,1966,3.0
11,08,1966,0.0
11,09,1966,0.0
11,10,1966,0.0
11,11,1966,0.0
11,12,1966,0.0
11,13,1966,0.0
11,14,1966,0.0
11,15,1966,0.0
11,16,1966,0.0
11,17,1966,0.0
11,18,1966,0.0
11,19,1966,0.0
11,20,1966,0.0
11,21,1966,0.0
11,22,1966,0.0
11,23,1966,0.0
11,24,1966,0.0
11,25,1966,0.0
11,26,1966,0.0
11,27,1966,0.0
11,28,1966,0.0
11,29,1966,0.0
11,30,1966,0.0
12,01,1966,0.0
12,02,1966,0.0
12,03,1966,0.0
12,04,1966,0.0
12,05,1966,0.0
12,06,1966,0.0
12,07,1966,0.0
12,08,1966,0.0
12,09,1966,0.0
12,10,1966,0.0
12,11,1966,0.0
12,12,1966,0.0
12,13,1966,0.0
12,14,1966,0.0
12,15,1966,0.0
12,16,1966,0.0
12,17,1966,0.0
12,18,1966,0.0
12,19,1966,0.0
12,20,1966,0.0
12,21,1966,0.0
12,22,1966,0.0
12,23,1966,0.0
12,24,1966,0.0
12,25,1966,0.0
12,26,1966,0.0
12,27,1966,0.0
12,28,1966,0.0
12,29,1966,0.0
12,30,1966,0.0
12,31,1966,0.0
01,01,1967,0.0
01,02,1967,0.0
01,03,1967,0.0
01,04,1967,0.0
01,05,1967,0.0
01,06,1967,0.0
01,07,1967,0.0
01,08,1967,0.0
01,09,1967,0.0
01,10,1967,0.0
01,11,1967,0.0
01,12,1967,0.0
01,13,1967,0.0
01,14,1967,0.0
01,15,1967,0.0
01,16,1967,0.0
01,17,1967,0.0
01,18,1967,0.0
01,19,1967,0.0
01,20,1967,0.0
01,21,1967,0.0
01,22,1967,0.0
01,23,1967,0.0
01,24,1967,0.0
01,25,1967,0.0
01,26,1967,0.0
01,27,1967,0.0
01,28,1967,0.0
01,29,1967,0.0
01,30,1967,0.0
01,31,1967,0.0
02,01,1967,0.0
02,02,1967,0.0
02,03,1967,0.0
02,04,1967,0.0
02,05,1967,0.0
02,06,1967,0.0
02,07,1967,0.0
02,08,1967,0.0
02,09,1967,0.0
02,10,1967,0.0
02,11,1967,0.0
02,12,1967,0.0
02,13,1967,0.0
02,14,1967,0.0
02,15,1967,0.0
02,16,1967,0.0
02,17,1967,0.0
02,18,1967,0.0
02,19,1967,0.0
02,20,1967,0.0
02,21,1967,0.0
02,22,1967,0.0
02,23,1967,2.0
02,24,1967,5.0
02,25,1967,0.0
02,26,1967,0.0
02,27,1967,0.0
02,28,1967,0.0
03,01,1967,0.0
03,02,1967,0.0
03,03,1967,0.0
03,04,1967,0.0
03,05,1967,0.0
03,06,1967,0.0
03,07,1967,0.0
03,08,1967,0.0
03,09,1967,0.0
03,10,1967,0.0
03,11,1967,0.0
03,12,1967,0.0
03,13,1967,0.0
03,14,1967,0.0
03,15,1967,0.0
03,16,1967,0.0
03,17,1967,0.0
03,18,1967,0.0
03,19,1967,0.0
03,20,1967,0.0
03,21,1967,0.0
03,22,1967,0.0
03,23,1967,0.0
03,24,1967,0.0
03,25,1967,0.0
03,26,1967,0.0
03,27,1967,0.0
03,28,1967,1.0
03,29,1967,0.0
03,30,1967,0.0
03,31,1967,0.0
04,01,1967,0.0
04,02,1967,0.0
04,03,1967,2.5
04,04,1967,0.0
04,05,1967,0.0
04,06,1967,0.0
04,07,1967,0.0
04,08,1967,0.0
04,09,1967,0.0
04,10,1967,0.0
04,11,1967,0.0
04,12,1967,0.0
04,13,1967,0.0
04,14,1967,0.0
04,15,1967,0.0
04,16,1967,0.0
04,17,1967,0.0
04,18,1967,0.0
04,19,1967,0.0
04,20,1967,0.0
04,21,1967,0.0
04,22,1967,0.0
04,23,1967,0.0
04,24,1967,0.0
04,25,1967,0.0
04,26,1967,0.0
04,27,1967,0.0
04,28,1967,0.0
04,29,1967,0.0
04,30,1967,0.0
05,01,1967,0.0
05,02,1967,0.0
05,03,1967,0.0
05,04,1967,0.0
05,05,1967,0.0
05,06,1967,0.0
05,07,1967,0.0
05,08,1967,0.0
05,09,1967,0.0
05,10,1967,0.0
05,11,1967,0.0
05,12,1967,0.0
05,13,1967,0.0
05,14,1967,0.0
05,15,1967,0.0
05,16,1967,0.0
05,17,1967,0.0
05,18,1967,0.0
05,19,1967,0.0
05,20,1967,0.0
05,21,1967,0.0
05,22,1967,0.0
05,23,1967,0.0
05,24,1967,0.0
05,25,1967,0.0
05,26,1967,0.0
05,27,1967,0.0
05,28,1967,0.0
05,29,1967,0.0
05,30,1967,0.0
05,31,1967,0.0
06,01,1967,0.0
06,02,1967,0.0
06,03,1967,0.0
06,04,1967,0.0
06,05,1967,0.0
06,06,1967,0.0
06,07,1967,0.0
06,08,1967,0.0
06,09,1967,0.0
06,10,1967,0.0
06,11,1967,0.0
06,12,1967,0.0
06,13,1967,0.0
06,14,1967,0.0
06,15,1967,0.0
06,16,1967,0.0
06,17,1967,2.0
06,18,1967,7.5
06,19,1967,0.0
06,20,1967,0.0
06,21,1967,0.0
06,22,1967,0.0
06,23,1967,0.0
06,24,1967,3.0
06,25,1967,0.0
06,26,1967,0.0
06,27,1967,0.0
06,28,1967,0.0
06,29,1967,0.0
06,30,1967,0.0
07,01,1967,0.0
07,02,1967,3.0
07,03,1967,2.0
07,04,1967,17.0
07,05,1967,3.0
07,06,1967,0.0
07,07,1967,8.0
07,08,1967,10.0
07,09,1967,5.0
07,10,1967,0.0
07,11,1967,0.0
07,12,1967,12.5
07,13,1967,0.0
07,14,1967,0.0
07,15,1967,17.0
07,16,1967,1.5
07,17,1967,0.0
07,18,1967,12.0
07,19,1967,3.5
07,20,1967,15.0
07,21,1967,0.0
07,22,1967,0.0
07,23,1967,0.0
07,24,1967,33.0
07,25,1967,5.0
07,26,1967,0.0
07,27,1967,0.0
07,28,1967,0.0
07,29,1967,1.5
07,30,1967,0.0
07,31,1967,0.0
08,01,1967,5.5
08,02,1967,4.0
08,03,1967,0.0
08,04,1967,10.0
08,05,1967,0.0
08,06,1967,0.0
08,07,1967,0.0
08,08,1967,0.0
08,09,1967,40.0
08,10,1967,0.0
08,11,1967,0.0
08,12,1967,0.0
08,13,1967,0.0
08,14,1967,0.0
08,15,1967,0.0
08,16,1967,0.0
08,17,1967,0.0
08,18,1967,0.0
08,19,1967,0.0
08,20,1967,0.0
08,21,1967,30.0
08,22,1967,0.0
08,23,1967,0.0
08,24,1967,0.0
08,25,1967,0.0
08,26,1967,0.0
08,27,1967,0.0
08,28,1967,0.0
08,29,1967,0.0
08,30,1967,0.0
08,31,1967,2.0
09,01,1967,null
09,02,1967,null
09,03,1967,null
09,04,1967,null
09,05,1967,null
09,06,1967,null
09,07,1967,null
09,08,1967,null
09,09,1967,null
09,10,1967,null
09,11,1967,null
09,12,1967,null
09,13,1967,null
09,14,1967,null
09,15,1967,null
09,16,1967,null
09,17,1967,null
09,18,1967,null
09,19,1967,null
09,20,1967,null
09,21,1967,null
09,22,1967,null
09,23,1967,null
09,24,1967,null
09,25,1967,null
09,26,1967,null
09,27,1967,null
09,28,1967,null
09,29,1967,null
09,30,1967,null
10,01,1967,null
10,02,1967,null
10,03,1967,null
10,04,1967,null
10,05,1967,null
10,06,1967,null
10,07,1967,null
10,08,1967,null
10,09,1967,null
10,10,1967,null
10,11,1967,null
10,12,1967,null
10,13,1967,null
10,14,1967,null
10,15,1967,null
10,16,1967,null
10,17,1967,null
10,18,1967,null
10,19,1967,null
10,20,1967,null
10,21,1967,null
10,22,1967,null
10,23,1967,null
10,24,1967,null
10,25,1967,null
10,26,1967,null
10,27,1967,null
10,28,1967,null
10,29,1967,null
10,30,1967,null
10,31,1967,null
11,01,1967,null
11,02,1967,null
11,03,1967,null
11,04,1967,null
11,05,1967,null
11,06,1967,null
11,07,1967,null
11,08,1967,null
11,09,1967,null
11,10,1967,null
11,11,1967,null
11,12,1967,null
11,13,1967,null
11,14,1967,null
11,15,1967,null
11,16,1967,null
11,17,1967,null
11,18,1967,null
11,19,1967,null
11,20,1967,null
11,21,1967,null
11,22,1967,null
11,23,1967,null
11,24,1967,null
11,25,1967,null
11,26,1967,null
11,27,1967,null
11,28,1967,null
11,29,1967,null
11,30,1967,null
12,01,1967,null
12,02,1967,null
12,03,1967,null
12,04,1967,null
12,05,1967,null
12,06,1967,null
12,07,1967,null
12,08,1967,null
12,09,1967,null
12,10,1967,null
12,11,1967,null
12,12,1967,null
12,13,1967,null
12,14,1967,null
12,15,1967,null
12,16,1967,null
12,17,1967,null
12,18,1967,null
12,19,1967,null
12,20,1967,null
12,21,1967,null
12,22,1967,null
12,23,1967,null
12,24,1967,null
12,25,1967,null
12,26,1967,null
12,27,1967,null
12,28,1967,null
12,29,1967,null
12,30,1967,null
12,31,1967,null
01,01,1968,null
01,02,1968,null
01,03,1968,null
01,04,1968,null
01,05,1968,null
01,06,1968,null
01,07,1968,null
01,08,1968,null
01,09,1968,null
01,10,1968,null
01,11,1968,null
01,12,1968,null
01,13,1968,null
01,14,1968,null
01,15,1968,null
01,16,1968,null
01,17,1968,null
01,18,1968,null
01,19,1968,null
01,20,1968,null
01,21,1968,null
01,22,1968,null
01,23,1968,null
01,24,1968,null
01,25,1968,null
01,26,1968,null
01,27,1968,null
01,28,1968,null
01,29,1968,null
01,30,1968,null
01,31,1968,null
02,01,1968,null
02,02,1968,null
02,03,1968,null
02,04,1968,null
02,05,1968,null
02,06,1968,null
02,07,1968,null
02,08,1968,null
02,09,1968,null
02,10,1968,null
02,11,1968,null
02,12,1968,null
02,13,1968,null
02,14,1968,null
02,15,1968,null
02,16,1968,null
02,17,1968,null
02,18,1968,null
02,19,1968,null
02,20,1968,null
02,21,1968,null
02,22,1968,null
02,23,1968,null
02,24,1968,null
02,25,1968,null
02,26,1968,null
02,27,1968,null
02,28,1968,null
02,29,1968,null
03,01,1968,null
03,02,1968,null
03,03,1968,null
03,04,1968,null
03,05,1968,null
03,06,1968,null
03,07,1968,null
03,08,1968,null
03,09,1968,null
03,10,1968,null
03,11,1968,null
03,12,1968,null
03,13,1968,null
03,14,1968,null
03,15,1968,null
03,16,1968,null
03,17,1968,null
03,18,1968,null
03,19,1968,null
03,20,1968,null
03,21,1968,null
03,22,1968,null
03,23,1968,null
03,24,1968,null
03,25,1968,null
03,26,1968,null
03,27,1968,null
03,28,1968,null
03,29,1968,null
03,30,1968,null
03,31,1968,null
04,01,1968,null
04,02,1968,null
04,03,1968,null
04,04,1968,null
04,05,1968,null
04,06,1968,null
04,07,1968,null
04,08,1968,null
04,09,1968,null
04,10,1968,null
04,11,1968,null
04,12,1968,null
04,13,1968,null
04,14,1968,null
04,15,1968,null
04,16,1968,null
04,17,1968,null
04,18,1968,null
04,19,1968,null
04,20,1968,null
04,21,1968,null
04,22,1968,null
04,23,1968,null
04,24,1968,null
04,25,1968,null
04,26,1968,null
04,27,1968,null
04,28,1968,null
04,29,1968,null
04,30,1968,null
05,01,1968,null
05,02,1968,null
05,03,1968,null
05,04,1968,null
05,05,1968,null
05,06,1968,null
05,07,1968,null
05,08,1968,null
05,09,1968,null
05,10,1968,null
05,11,1968,null
05,12,1968,null
05,13,1968,null
05,14,1968,null
05,15,1968,null
05,16,1968,null
05,17,1968,null
05,18,1968,null
05,19,1968,null
05,20,1968,null
05,21,1968,null
05,22,1968,null
05,23,1968,null
05,24,1968,null
05,25,1968,null
05,26,1968,null
05,27,1968,null
05,28,1968,null
05,29,1968,null
05,30,1968,null
05,31,1968,null
06,01,1968,null
06,02,1968,null
06,03,1968,null
06,04,1968,null
06,05,1968,null
06,06,1968,null
06,07,1968,null
06,08,1968,null
06,09,1968,null
06,10,1968,null
06,11,1968,null
06,12,1968,null
06,13,1968,null
06,14,1968,null
06,15,1968,null
06,16,1968,null
06,17,1968,null
06,18,1968,null
06,19,1968,null
06,20,1968,null
06,21,1968,null
06,22,1968,null
06,23,1968,null
06,24,1968,null
06,25,1968,null
06,26,1968,null
06,27,1968,null
06,28,1968,null
06,29,1968,null
06,30,1968,null
07,01,1968,null
07,02,1968,null
07,03,1968,null
07,04,1968,null
07,05,1968,null
07,06,1968,null
07,07,1968,null
07,08,1968,null
07,09,1968,0.0
07,10,1968,0.0
07,11,1968,0.0
07,12,1968,0.0
07,13,1968,0.0
07,14,1968,0.0
07,15,1968,0.0
07,16,1968,0.0
07,17,1968,4.0
07,18,1968,2.0
07,19,1968,0.0
07,20,1968,2.0
07,21,1968,3.0
07,22,1968,9.0
07,23,1968,0.0
07,24,1968,0.0
07,25,1968,0.0
07,26,1968,3.0
07,27,1968,0.0
07,28,1968,0.0
07,29,1968,9.0
07,30,1968,0.0
07,31,1968,0.0
08,01,1968,3.5
08,02,1968,0.0
08,03,1968,0.0
08,04,1968,9.0
08,05,1968,0.0
08,06,1968,1.5
08,07,1968,20.0
08,08,1968,0.0
08,09,1968,0.0
08,10,1968,2.0
08,11,1968,0.0
08,12,1968,0.0
08,13,1968,0.0
08,14,1968,0.0
08,15,1968,0.0
08,16,1968,0.0
08,17,1968,0.0
08,18,1968,28.0
08,19,1968,13.5
08,20,1968,0.0
08,21,1968,0.0
08,22,1968,0.0
08,23,1968,0.0
08,24,1968,2.0
08,25,1968,0.0
08,26,1968,0.0
08,27,1968,0.0
08,28,1968,13.0
08,29,1968,0.0
08,30,1968,0.0
08,31,1968,0.0
09,01,1968,0.0
09,02,1968,0.0
09,03,1968,0.0
09,04,1968,0.0
09,05,1968,0.0
09,06,1968,0.0
09,07,1968,0.0
09,08,1968,0.0
09,09,1968,0.0
09,10,1968,0.0
09,11,1968,0.0
09,12,1968,0.0
09,13,1968,0.0
09,14,1968,0.0
09,15,1968,0.0
09,16,1968,0.0
09,17,1968,0.0
09,18,1968,0.0
09,19,1968,0.0
09,20,1968,0.0
09,21,1968,0.0
09,22,1968,0.0
09,23,1968,0.0
09,24,1968,0.0
09,25,1968,0.0
09,26,1968,0.0
09,27,1968,0.0
09,28,1968,0.0
09,29,1968,0.0
09,30,1968,null
10,01,1968,0.0
10,02,1968,6.0
10,03,1968,0.0
10,04,1968,0.0
10,05,1968,0.0
10,06,1968,0.0
10,07,1968,0.0
10,08,1968,0.0
10,09,1968,0.0
10,10,1968,0.0
10,11,1968,0.0
10,12,1968,0.0
10,13,1968,0.0
10,14,1968,0.0
10,15,1968,0.0
10,16,1968,0.0
10,17,1968,0.0
10,18,1968,0.0
10,19,1968,0.0
10,20,1968,0.0
10,21,1968,0.0
10,22,1968,0.0
10,23,1968,0.0
10,24,1968,0.0
10,25,1968,0.0
10,26,1968,0.0
10,27,1968,0.0
10,28,1968,0.0
10,29,1968,0.0
10,30,1968,0.0
10,31,1968,0.0
11,01,1968,0.0
11,02,1968,0.0
11,03,1968,0.0
11,04,1968,0.0
11,05,1968,0.0
11,06,1968,0.0
11,07,1968,0.0
11,08,1968,0.0
11,09,1968,0.0
11,10,1968,0.0
11,11,1968,0.0
11,12,1968,0.0
11,13,1968,11.5
11,14,1968,1.0
11,15,1968,0.0
11,16,1968,0.0
11,17,1968,0.0
11,18,1968,0.0
11,19,1968,0.0
11,20,1968,0.0
11,21,1968,0.0
11,22,1968,0.0
11,23,1968,0.0
11,24,1968,0.0
11,25,1968,0.0
11,26,1968,0.0
11,27,1968,0.0
11,28,1968,0.0
11,29,1968,0.0
11,30,1968,0.0
12,01,1968,0.0
12,02,1968,0.0
12,03,1968,0.0
12,04,1968,0.0
12,05,1968,0.0
12,06,1968,0.0
12,07,1968,0.0
12,08,1968,0.0
12,09,1968,0.0
12,10,1968,0.0
12,11,1968,0.0
12,12,1968,0.0
12,13,1968,0.0
12,14,1968,0.0
12,15,1968,0.0
12,16,1968,0.0
12,17,1968,0.0
12,18,1968,0.0
12,19,1968,0.0
12,20,1968,0.0
12,21,1968,0.0
12,22,1968,0.0
12,23,1968,0.0
12,24,1968,0.0
12,25,1968,0.0
12,26,1968,0.0
12,27,1968,0.0
12,28,1968,0.0
12,29,1968,0.0
12,30,1968,0.0
12,31,1968,null
01,01,1969,0.0
01,02,1969,0.0
01,03,1969,0.0
01,04,1969,0.0
01,05,1969,0.0
01,06,1969,0.0
01,07,1969,0.0
01,08,1969,0.0
01,09,1969,0.0
01,10,1969,0.0
01,11,1969,0.0
01,12,1969,0.0
01,13,1969,0.0
01,14,1969,0.0
01,15,1969,0.0
01,16,1969,0.0
01,17,1969,0.0
01,18,1969,0.0
01,19,1969,0.0
01,20,1969,0.0
01,21,1969,0.0
01,22,1969,0.0
01,23,1969,0.0
01,24,1969,0.0
01,25,1969,0.0
01,26,1969,0.0
01,27,1969,0.0
01,28,1969,0.0
01,29,1969,0.0
01,30,1969,0.0
01,31,1969,0.0
02,01,1969,0.0
02,02,1969,0.0
02,03,1969,0.0
02,04,1969,0.0
02,05,1969,0.0
02,06,1969,0.0
02,07,1969,0.0
02,08,1969,0.0
02,09,1969,0.0
02,10,1969,0.0
02,11,1969,0.0
02,12,1969,0.0
02,13,1969,5.0
02,14,1969,0.0
02,15,1969,0.0
02,16,1969,0.0
02,17,1969,0.0
02,18,1969,0.0
02,19,1969,1.5
02,20,1969,0.0
02,21,1969,0.0
02,22,1969,0.0
02,23,1969,0.0
02,24,1969,0.0
02,25,1969,0.0
02,26,1969,0.0
02,27,1969,0.0
02,28,1969,0.0
03,01,1969,0.0
03,02,1969,0.0
03,03,1969,0.0
03,04,1969,0.0
03,05,1969,0.0
03,06,1969,0.0
03,07,1969,0.0
03,08,1969,0.0
03,09,1969,0.0
03,10,1969,0.0
03,11,1969,0.0
03,12,1969,0.0
03,13,1969,0.0
03,14,1969,0.0
03,15,1969,0.0
03,16,1969,0.0
03,17,1969,0.0
03,18,1969,0.0
03,19,1969,0.0
03,20,1969,0.0
03,21,1969,0.0
03,22,1969,0.0
03,23,1969,0.0
03,24,1969,0.0
03,25,1969,0.0
03,26,1969,0.0
03,27,1969,0.0
03,28,1969,0.0
03,29,1969,0.0
03,30,1969,0.0
03,31,1969,0.0
04,01,1969,0.0
04,02,1969,0.0
04,03,1969,0.0
04,04,1969,0.0
04,05,1969,0.0
04,06,1969,0.0
04,07,1969,0.0
04,08,1969,0.0
04,09,1969,0.0
04,10,1969,0.0
04,11,1969,0.0
04,12,1969,0.0
04,13,1969,0.0
04,14,1969,0.0
04,15,1969,0.0
04,16,1969,0.0
04,17,1969,0.0
04,18,1969,0.0
04,19,1969,0.0
04,20,1969,0.0
04,21,1969,0.0
04,22,1969,0.0
04,23,1969,0.0
04,24,1969,0.0
04,25,1969,0.0
04,26,1969,0.0
04,27,1969,0.0
04,28,1969,0.0
04,29,1969,0.0
04,30,1969,0.0
05,01,1969,0.0
05,02,1969,0.0
05,03,1969,0.0
05,04,1969,0.0
05,05,1969,6.0
05,06,1969,7.5
05,07,1969,1.0
05,08,1969,0.0
05,09,1969,0.0
05,10,1969,0.0
05,11,1969,0.0
05,12,1969,0.0
05,13,1969,0.0
05,14,1969,0.0
05,15,1969,0.0
05,16,1969,0.0
05,17,1969,0.0
05,18,1969,0.0
05,19,1969,0.0
05,20,1969,0.0
05,21,1969,0.0
05,22,1969,0.0
05,23,1969,0.0
05,24,1969,0.0
05,25,1969,0.0
05,26,1969,0.0
05,27,1969,0.0
05,28,1969,0.0
05,29,1969,0.0
05,30,1969,0.0
05,31,1969,0.0
06,01,1969,0.0
06,02,1969,0.0
06,03,1969,0.0
06,04,1969,0.0
06,05,1969,0.0
06,06,1969,0.0
06,07,1969,0.0
06,08,1969,0.0
06,09,1969,0.0
06,10,1969,0.0
06,11,1969,0.0
06,12,1969,0.0
06,13,1969,0.0
06,14,1969,0.0
06,15,1969,0.0
06,16,1969,0.0
06,17,1969,0.0
06,18,1969,0.0
06,19,1969,0.0
06,20,1969,0.0
06,21,1969,0.0
06,22,1969,0.0
06,23,1969,0.0
06,24,1969,0.0
06,25,1969,0.0
06,26,1969,0.0
06,27,1969,0.0
06,28,1969,0.0
06,29,1969,0.0
06,30,1969,0.0
07,01,1969,0.0
07,02,1969,0.0
07,03,1969,0.0
07,04,1969,0.0
07,05,1969,0.0
07,06,1969,0.0
07,07,1969,2.0
07,08,1969,0.0
07,09,1969,0.0
07,10,1969,6.0
07,11,1969,11.5
07,12,1969,0.0
07,13,1969,2.5
07,14,1969,13.0
07,15,1969,3.0
07,16,1969,0.0
07,17,1969,0.0
07,18,1969,0.0
07,19,1969,2.5
07,20,1969,6.0
07,21,1969,0.0
07,22,1969,0.0
07,23,1969,0.0
07,24,1969,38.0
07,25,1969,0.0
07,26,1969,0.0
07,27,1969,25.0
07,28,1969,0.0
07,29,1969,0.0
07,30,1969,0.0
07,31,1969,0.0
08,01,1969,9.0
08,02,1969,4.0
08,03,1969,0.0
08,04,1969,3.0
08,05,1969,35.0
08,06,1969,4.5
08,07,1969,0.0
08,08,1969,0.0
08,09,1969,0.0
08,10,1969,0.0
08,11,1969,1.0
08,12,1969,11.5
08,13,1969,0.0
08,14,1969,0.0
08,15,1969,0.0
08,16,1969,0.0
08,17,1969,0.0
08,18,1969,0.0
08,19,1969,0.0
08,20,1969,0.0
08,21,1969,0.0
08,22,1969,2.5
08,23,1969,0.0
08,24,1969,3.5
08,25,1969,0.0
08,26,1969,0.0
08,27,1969,0.0
08,28,1969,0.0
08,29,1969,0.0
08,30,1969,0.0
08,31,1969,0.0
09,01,1969,0.0
09,02,1969,0.0
09,03,1969,0.0
09,04,1969,0.0
09,05,1969,0.0
09,06,1969,0.0
09,07,1969,0.0
09,08,1969,0.0
09,09,1969,0.0
09,10,1969,0.0
09,11,1969,0.0
09,12,1969,7.5
09,13,1969,3.0
09,14,1969,17.0
09,15,1969,0.0
09,16,1969,0.0
09,17,1969,0.0
09,18,1969,0.0
09,19,1969,0.0
09,20,1969,0.0
09,21,1969,0.0
09,22,1969,0.0
09,23,1969,0.0
09,24,1969,0.0
09,25,1969,0.0
09,26,1969,0.0
09,27,1969,0.0
09,28,1969,0.0
09,29,1969,0.0
09,30,1969,0.0
10,01,1969,0.0
10,02,1969,0.0
10,03,1969,0.0
10,04,1969,0.0
10,05,1969,0.0
10,06,1969,0.0
10,07,1969,0.0
10,08,1969,0.0
10,09,1969,0.0
10,10,1969,0.0
10,11,1969,0.0
10,12,1969,0.0
10,13,1969,0.0
10,14,1969,0.0
10,15,1969,0.0
10,16,1969,0.0
10,17,1969,0.0
10,18,1969,0.0
10,19,1969,0.0
10,20,1969,0.0
10,21,1969,0.0
10,22,1969,0.0
10,23,1969,0.0
10,24,1969,0.0
10,25,1969,0.0
10,26,1969,0.0
10,27,1969,0.0
10,28,1969,0.0
10,29,1969,0.0
10,30,1969,0.0
10,31,1969,0.0
11,01,1969,0.0
11,02,1969,0.0
11,03,1969,0.0
11,04,1969,0.0
11,05,1969,0.0
11,06,1969,0.0
11,07,1969,0.0
11,08,1969,0.0
11,09,1969,0.0
11,10,1969,0.0
11,11,1969,0.0
11,12,1969,0.0
11,13,1969,0.0
11,14,1969,9.0
11,15,1969,0.0
11,16,1969,0.0
11,17,1969,0.0
11,18,1969,0.0
11,19,1969,0.0
11,20,1969,0.0
11,21,1969,0.0
11,22,1969,0.0
11,23,1969,0.0
11,24,1969,0.0
11,25,1969,0.0
11,26,1969,0.0
11,27,1969,0.0
11,28,1969,0.0
11,29,1969,0.0
11,30,1969,0.0
12,01,1969,5.5
12,02,1969,3.0
12,03,1969,2.5
12,04,1969,0.0
12,05,1969,0.0
12,06,1969,0.0
12,07,1969,0.0
12,08,1969,0.0
12,09,1969,0.0
12,10,1969,0.0
12,11,1969,0.0
12,12,1969,0.0
12,13,1969,0.0
12,14,1969,0.0
12,15,1969,0.0
12,16,1969,0.0
12,17,1969,0.0
12,18,1969,0.0
12,19,1969,0.0
12,20,1969,0.0
12,21,1969,0.0
12,22,1969,0.0
12,23,1969,0.0
12,24,1969,0.0
12,25,1969,0.0
12,26,1969,0.0
12,27,1969,3.0
12,28,1969,6.0
12,29,1969,0.0
12,30,1969,0.0
12,31,1969,0.0
01,01,1970,0.0
01,02,1970,0.0
01,03,1970,0.0
01,04,1970,0.0
01,05,1970,0.0
01,06,1970,0.0
01,07,1970,0.0
01,08,1970,0.0
01,09,1970,0.0
01,10,1970,0.0
01,11,1970,0.0
01,12,1970,0.0
01,13,1970,0.0
01,14,1970,0.0
01,15,1970,0.0
01,16,1970,0.0
01,17,1970,0.0
01,18,1970,0.0
01,19,1970,0.0
01,20,1970,0.0
01,21,1970,0.0
01,22,1970,0.0
01,23,1970,0.0
01,24,1970,0.0
01,25,1970,0.0
01,26,1970,0.0
01,27,1970,0.0
01,28,1970,0.0
01,29,1970,0.0
01,30,1970,0.0
01,31,1970,0.0
02,01,1970,0.0
02,02,1970,0.0
02,03,1970,0.0
02,04,1970,0.0
02,05,1970,0.0
02,06,1970,0.0
02,07,1970,0.0
02,08,1970,0.0
02,09,1970,0.0
02,10,1970,0.0
02,11,1970,0.0
02,12,1970,0.0
02,13,1970,0.0
02,14,1970,0.0
02,15,1970,0.0
02,16,1970,0.0
02,17,1970,0.0
02,18,1970,0.0
02,19,1970,1.0
02,20,1970,0.0
02,21,1970,0.0
02,22,1970,0.0
02,23,1970,0.0
02,24,1970,0.0
02,25,1970,0.0
02,26,1970,0.0
02,27,1970,0.0
02,28,1970,0.0
03,01,1970,4.5
03,02,1970,0.0
03,03,1970,0.0
03,04,1970,4.0
03,05,1970,9.0
03,06,1970,0.0
03,07,1970,0.0
03,08,1970,0.0
03,09,1970,0.0
03,10,1970,1.0
03,11,1970,0.0
03,12,1970,0.0
03,13,1970,0.0
03,14,1970,0.0
03,15,1970,0.0
03,16,1970,0.0
03,17,1970,0.0
03,18,1970,0.0
03,19,1970,0.0
03,20,1970,0.0
03,21,1970,0.0
03,22,1970,0.0
03,23,1970,0.0
03,24,1970,0.0
03,25,1970,0.0
03,26,1970,0.0
03,27,1970,0.0
03,28,1970,0.0
03,29,1970,0.0
03,30,1970,0.0
03,31,1970,0.0
04,01,1970,0.0
04,02,1970,0.0
04,03,1970,0.0
04,04,1970,0.0
04,05,1970,0.0
04,06,1970,0.0
04,07,1970,0.0
04,08,1970,0.0
04,09,1970,0.0
04,10,1970,0.0
04,11,1970,0.0
04,12,1970,0.0
04,13,1970,0.0
04,14,1970,0.0
04,15,1970,0.0
04,16,1970,11.0
04,17,1970,0.0
04,18,1970,0.0
04,19,1970,0.0
04,20,1970,0.0
04,21,1970,0.0
04,22,1970,0.0
04,23,1970,0.0
04,24,1970,0.0
04,25,1970,0.0
04,26,1970,0.0
04,27,1970,0.0
04,28,1970,0.0
04,29,1970,0.0
04,30,1970,0.0
05,01,1970,0.0
05,02,1970,0.0
05,03,1970,0.0
05,04,1970,0.0
05,05,1970,0.0
05,06,1970,0.0
05,07,1970,0.0
05,08,1970,0.0
05,09,1970,0.0
05,10,1970,0.0
05,11,1970,0.0
05,12,1970,0.0
05,13,1970,0.0
05,14,1970,0.0
05,15,1970,0.0
05,16,1970,0.0
05,17,1970,0.0
05,18,1970,0.0
05,19,1970,0.0
05,20,1970,0.0
05,21,1970,0.0
05,22,1970,0.0
05,23,1970,0.0
05,24,1970,0.0
05,25,1970,0.0
05,26,1970,0.0
05,27,1970,0.0
05,28,1970,0.0
05,29,1970,0.0
05,30,1970,0.0
05,31,1970,0.0
06,01,1970,0.0
06,02,1970,0.0
06,03,1970,0.0
06,04,1970,8.0
06,05,1970,0.0
06,06,1970,0.0
06,07,1970,0.0
06,08,1970,0.0
06,09,1970,0.0
06,10,1970,0.0
06,11,1970,0.0
06,12,1970,0.0
06,13,1970,0.0
06,14,1970,0.0
06,15,1970,0.0
06,16,1970,0.0
06,17,1970,0.0
06,18,1970,0.0
06,19,1970,0.0
06,20,1970,0.0
06,21,1970,0.0
06,22,1970,0.0
06,23,1970,0.0
06,24,1970,0.0
06,25,1970,0.0
06,26,1970,0.0
06,27,1970,3.5
06,28,1970,0.0
06,29,1970,0.0
06,30,1970,0.0
07,01,1970,0.0
07,02,1970,0.0
07,03,1970,0.0
07,04,1970,0.0
07,05,1970,0.0
07,06,1970,3.0
07,07,1970,0.0
07,08,1970,0.0
07,09,1970,0.0
07,10,1970,0.0
07,11,1970,0.0
07,12,1970,0.0
07,13,1970,0.0
07,14,1970,0.0
07,15,1970,0.0
07,16,1970,0.0
07,17,1970,0.0
07,18,1970,0.0
07,19,1970,10.0
07,20,1970,6.0
07,21,1970,0.0
07,22,1970,4.0
07,23,1970,0.0
07,24,1970,0.0
07,25,1970,5.5
07,26,1970,1.0
07,27,1970,8.0
07,28,1970,0.0
07,29,1970,1.0
07,30,1970,6.0
07,31,1970,0.0
08,01,1970,12.0
08,02,1970,2.0
08,03,1970,0.0
08,04,1970,1.0
08,05,1970,0.0
08,06,1970,8.0
08,07,1970,21.0
08,08,1970,1.0
08,09,1970,0.0
08,10,1970,0.0
08,11,1970,0.0
08,12,1970,0.0
08,13,1970,3.5
08,14,1970,2.5
08,15,1970,38.5
08,16,1970,1.0
08,17,1970,0.0
08,18,1970,0.0
08,19,1970,0.0
08,20,1970,0.0
08,21,1970,4.5
08,22,1970,0.0
08,23,1970,0.0
08,24,1970,0.0
08,25,1970,0.0
08,26,1970,0.0
08,27,1970,0.0
08,28,1970,0.0
08,29,1970,0.0
08,30,1970,0.0
08,31,1970,0.0
09,01,1970,0.0
09,02,1970,13.5
09,03,1970,16.5
09,04,1970,0.0
09,05,1970,0.0
09,06,1970,0.0
09,07,1970,0.0
09,08,1970,21.0
09,09,1970,0.0
09,10,1970,0.0
09,11,1970,0.0
09,12,1970,0.0
09,13,1970,0.0
09,14,1970,0.0
09,15,1970,0.0
09,16,1970,0.0
09,17,1970,0.0
09,18,1970,0.0
09,19,1970,0.0
09,20,1970,0.0
09,21,1970,0.0
09,22,1970,0.0
09,23,1970,0.0
09,24,1970,0.0
09,25,1970,0.0
09,26,1970,0.0
09,27,1970,0.0
09,28,1970,0.0
09,29,1970,9.5
09,30,1970,0.0
10,01,1970,0.0
10,02,1970,1.0
10,03,1970,0.0
10,04,1970,0.0
10,05,1970,0.0
10,06,1970,0.0
10,07,1970,0.0
10,08,1970,0.0
10,09,1970,0.0
10,10,1970,0.0
10,11,1970,0.0
10,12,1970,0.0
10,13,1970,0.0
10,14,1970,0.0
10,15,1970,0.0
10,16,1970,0.0
10,17,1970,0.0
10,18,1970,0.0
10,19,1970,0.0
10,20,1970,0.0
10,21,1970,0.0
10,22,1970,0.0
10,23,1970,0.0
10,24,1970,0.0
10,25,1970,0.0
10,26,1970,0.0
10,27,1970,0.0
10,28,1970,0.0
10,29,1970,0.0
10,30,1970,0.0
10,31,1970,0.0
11,01,1970,0.0
11,02,1970,0.0
11,03,1970,0.0
11,04,1970,0.0
11,05,1970,0.0
11,06,1970,0.0
11,07,1970,0.0
11,08,1970,0.0
11,09,1970,0.0
11,10,1970,0.0
11,11,1970,0.0
11,12,1970,0.0
11,13,1970,0.0
11,14,1970,0.0
11,15,1970,0.0
11,16,1970,0.0
11,17,1970,0.0
11,18,1970,0.0
11,19,1970,0.0
11,20,1970,0.0
11,21,1970,0.0
11,22,1970,0.0
11,23,1970,0.0
11,24,1970,0.0
11,25,1970,0.0
11,26,1970,0.0
11,27,1970,0.0
11,28,1970,0.0
11,29,1970,0.0
11,30,1970,0.0
12,01,1970,0.0
12,02,1970,0.0
12,03,1970,0.0
12,04,1970,0.0
12,05,1970,0.0
12,06,1970,0.0
12,07,1970,0.0
12,08,1970,0.0
12,09,1970,0.0
12,10,1970,0.0
12,11,1970,0.0
12,12,1970,0.0
12,13,1970,0.0
12,14,1970,0.0
12,15,1970,0.0
12,16,1970,0.0
12,17,1970,0.0
12,18,1970,0.0
12,19,1970,0.0
12,20,1970,0.0
12,21,1970,0.0
12,22,1970,0.0
12,23,1970,0.0
12,24,1970,0.0
12,25,1970,0.0
12,26,1970,0.0
12,27,1970,0.0
12,28,1970,0.0
12,29,1970,0.0
12,30,1970,0.0
12,31,1970,0.0
01,01,1971,0.0
01,02,1971,0.0
01,03,1971,0.0
01,04,1971,0.0
01,05,1971,0.0
01,06,1971,0.0
01,07,1971,0.0
01,08,1971,0.0
01,09,1971,0.0
01,10,1971,0.0
01,11,1971,0.0
01,12,1971,0.0
01,13,1971,0.0
01,14,1971,0.0
01,15,1971,0.0
01,16,1971,0.0
01,17,1971,0.0
01,18,1971,0.0
01,19,1971,0.0
01,20,1971,0.0
01,21,1971,0.0
01,22,1971,0.0
01,23,1971,0.0
01,24,1971,0.0
01,25,1971,0.0
01,26,1971,0.0
01,27,1971,0.0
01,28,1971,0.0
01,29,1971,0.0
01,30,1971,0.0
01,31,1971,0.0
02,01,1971,0.0
02,02,1971,0.0
02,03,1971,0.0
02,04,1971,0.0
02,05,1971,0.0
02,06,1971,0.0
02,07,1971,0.0
02,08,1971,0.0
02,09,1971,0.0
02,10,1971,0.0
02,11,1971,0.0
02,12,1971,0.0
02,13,1971,0.0
02,14,1971,0.0
02,15,1971,0.0
02,16,1971,4.0
02,17,1971,0.0
02,18,1971,0.0
02,19,1971,0.0
02,20,1971,0.0
02,21,1971,0.0
02,22,1971,2.5
02,23,1971,4.0
02,24,1971,0.0
02,25,1971,0.0
02,26,1971,0.0
02,27,1971,0.0
02,28,1971,0.0
03,01,1971,0.0
03,02,1971,0.0
03,03,1971,0.0
03,04,1971,0.0
03,05,1971,0.0
03,06,1971,0.0
03,07,1971,0.0
03,08,1971,0.0
03,09,1971,0.0
03,10,1971,0.0
03,11,1971,0.0
03,12,1971,0.0
03,13,1971,0.0
03,14,1971,0.0
03,15,1971,0.0
03,16,1971,0.0
03,17,1971,0.0
03,18,1971,0.0
03,19,1971,0.0
03,20,1971,0.0
03,21,1971,0.0
03,22,1971,0.0
03,23,1971,0.0
03,24,1971,0.0
03,25,1971,0.0
03,26,1971,0.0
03,27,1971,0.0
03,28,1971,0.0
03,29,1971,0.0
03,30,1971,0.0
03,31,1971,0.0
04,01,1971,0.0
04,02,1971,0.0
04,03,1971,0.0
04,04,1971,0.0
04,05,1971,0.0
04,06,1971,0.0
04,07,1971,0.0
04,08,1971,0.0
04,09,1971,0.0
04,10,1971,0.0
04,11,1971,0.0
04,12,1971,0.0
04,13,1971,2.0
04,14,1971,0.0
04,15,1971,0.0
04,16,1971,0.0
04,17,1971,6.0
04,18,1971,0.0
04,19,1971,0.0
04,20,1971,0.0
04,21,1971,0.0
04,22,1971,0.0
04,23,1971,0.0
04,24,1971,0.0
04,25,1971,0.0
04,26,1971,0.0
04,27,1971,0.0
04,28,1971,0.0
04,29,1971,0.0
04,30,1971,0.0
05,01,1971,0.0
05,02,1971,0.0
05,03,1971,0.0
05,04,1971,0.0
05,05,1971,0.0
05,06,1971,0.0
05,07,1971,0.0
05,08,1971,0.0
05,09,1971,0.0
05,10,1971,0.0
05,11,1971,1.0
05,12,1971,0.0
05,13,1971,0.0
05,14,1971,0.0
05,15,1971,0.0
05,16,1971,0.0
05,17,1971,0.0
05,18,1971,0.0
05,19,1971,0.0
05,20,1971,0.0
05,21,1971,0.0
05,22,1971,0.0
05,23,1971,0.0
05,24,1971,0.0
05,25,1971,0.0
05,26,1971,0.0
05,27,1971,0.0
05,28,1971,0.0
05,29,1971,0.0
05,30,1971,0.0
05,31,1971,0.0
06,01,1971,0.0
06,02,1971,0.0
06,03,1971,0.0
06,04,1971,0.0
06,05,1971,0.0
06,06,1971,0.0
06,07,1971,0.0
06,08,1971,0.0
06,09,1971,0.0
06,10,1971,0.0
06,11,1971,0.0
06,12,1971,0.0
06,13,1971,0.0
06,14,1971,0.0
06,15,1971,0.0
06,16,1971,0.0
06,17,1971,0.0
06,18,1971,0.0
06,19,1971,0.0
06,20,1971,0.0
06,21,1971,0.0
06,22,1971,7.0
06,23,1971,0.0
06,24,1971,0.0
06,25,1971,0.0
06,26,1971,0.0
06,27,1971,0.0
06,28,1971,0.0
06,29,1971,0.0
06,30,1971,0.0
07,01,1971,null
07,02,1971,null
07,03,1971,null
07,04,1971,null
07,05,1971,null
07,06,1971,null
07,07,1971,null
07,08,1971,null
07,09,1971,null
07,10,1971,null
07,11,1971,null
07,12,1971,null
07,13,1971,null
07,14,1971,null
07,15,1971,null
07,16,1971,null
07,17,1971,null
07,18,1971,null
07,19,1971,null
07,20,1971,null
07,21,1971,null
07,22,1971,null
07,23,1971,null
07,24,1971,null
07,25,1971,null
07,26,1971,null
07,27,1971,null
07,28,1971,null
07,29,1971,null
07,30,1971,null
07,31,1971,null
08,01,1971,null
08,02,1971,null
08,03,1971,null
08,04,1971,null
08,05,1971,null
08,06,1971,null
08,07,1971,null
08,08,1971,null
08,09,1971,null
08,10,1971,null
08,11,1971,null
08,12,1971,null
08,13,1971,null
08,14,1971,null
08,15,1971,null
08,16,1971,null
08,17,1971,null
08,18,1971,null
08,19,1971,null
08,20,1971,null
08,21,1971,null
08,22,1971,null
08,23,1971,null
08,24,1971,null
08,25,1971,null
08,26,1971,null
08,27,1971,null
08,28,1971,null
08,29,1971,null
08,30,1971,null
08,31,1971,null
09,01,1971,null
09,02,1971,null
09,03,1971,null
09,04,1971,null
09,05,1971,null
09,06,1971,null
09,07,1971,null
09,08,1971,null
09,09,1971,null
09,10,1971,null
09,11,1971,null
09,12,1971,null
09,13,1971,null
09,14,1971,null
09,15,1971,null
09,16,1971,null
09,17,1971,13.5
09,18,1971,0.0
09,19,1971,0.0
09,20,1971,0.0
09,21,1971,0.0
09,22,1971,0.0
09,23,1971,0.0
09,24,1971,0.0
09,25,1971,0.0
09,26,1971,0.0
09,27,1971,0.0
09,28,1971,3.0
09,29,1971,0.0
09,30,1971,0.0
10,01,1971,0.0
10,02,1971,0.0
10,03,1971,0.0
10,04,1971,0.0
10,05,1971,3.5
10,06,1971,0.0
10,07,1971,0.0
10,08,1971,0.0
10,09,1971,0.0
10,10,1971,0.0
10,11,1971,0.0
10,12,1971,0.0
10,13,1971,0.0
10,14,1971,0.0
10,15,1971,0.0
10,16,1971,9.0
10,17,1971,0.0
10,18,1971,0.0
10,19,1971,0.0
10,20,1971,0.0
10,21,1971,0.0
10,22,1971,0.0
10,23,1971,27.5
10,24,1971,0.0
10,25,1971,0.0
10,26,1971,0.0
10,27,1971,0.0
10,28,1971,0.0
10,29,1971,0.0
10,30,1971,0.0
10,31,1971,0.0
11,01,1971,0.0
11,02,1971,0.0
11,03,1971,0.0
11,04,1971,0.0
11,05,1971,0.0
11,06,1971,0.0
11,07,1971,0.0
11,08,1971,0.0
11,09,1971,0.0
11,10,1971,0.0
11,11,1971,0.0
11,12,1971,0.0
11,13,1971,0.0
11,14,1971,0.0
11,15,1971,6.0
11,16,1971,3.0
11,17,1971,0.0
11,18,1971,0.0
11,19,1971,0.0
11,20,1971,0.0
11,21,1971,0.0
11,22,1971,0.0
11,23,1971,0.0
11,24,1971,0.0
11,25,1971,0.0
11,26,1971,0.0
11,27,1971,0.0
11,28,1971,0.0
11,29,1971,0.0
11,30,1971,0.0
12,01,1971,0.0
12,02,1971,0.0
12,03,1971,9.5
12,04,1971,0.0
12,05,1971,0.0
12,06,1971,0.0
12,07,1971,0.0
12,08,1971,0.0
12,09,1971,0.0
12,10,1971,0.0
12,11,1971,0.0
12,12,1971,0.0
12,13,1971,0.0
12,14,1971,0.0
12,15,1971,0.0
12,16,1971,3.0
12,17,1971,2.5
12,18,1971,0.0
12,19,1971,0.0
12,20,1971,0.0
12,21,1971,0.0
12,22,1971,0.0
12,23,1971,0.0
12,24,1971,0.0
12,25,1971,0.0
12,26,1971,0.0
12,27,1971,4.5
12,28,1971,0.0
12,29,1971,0.0
12,30,1971,0.0
12,31,1971,0.0
01,01,1972,0.0
01,02,1972,0.0
01,03,1972,0.0
01,04,1972,0.0
01,05,1972,0.0
01,06,1972,0.0
01,07,1972,0.0
01,08,1972,0.0
01,09,1972,0.0
01,10,1972,0.0
01,11,1972,0.0
01,12,1972,0.0
01,13,1972,0.0
01,14,1972,0.0
01,15,1972,0.0
01,16,1972,0.0
01,17,1972,0.0
01,18,1972,0.0
01,19,1972,0.0
01,20,1972,0.0
01,21,1972,0.0
01,22,1972,0.0
01,23,1972,0.0
01,24,1972,0.0
01,25,1972,0.0
01,26,1972,0.0
01,27,1972,0.0
01,28,1972,0.0
01,29,1972,0.0
01,30,1972,0.0
01,31,1972,0.0
02,01,1972,0.0
02,02,1972,0.0
02,03,1972,0.0
02,04,1972,0.0
02,05,1972,0.0
02,06,1972,0.0
02,07,1972,0.0
02,08,1972,0.0
02,09,1972,0.0
02,10,1972,0.0
02,11,1972,0.0
02,12,1972,0.0
02,13,1972,0.0
02,14,1972,0.0
02,15,1972,0.0
02,16,1972,0.0
02,17,1972,0.0
02,18,1972,0.0
02,19,1972,0.0
02,20,1972,0.0
02,21,1972,0.0
02,22,1972,0.0
02,23,1972,0.0
02,24,1972,0.0
02,25,1972,0.0
02,26,1972,0.0
02,27,1972,0.0
02,28,1972,0.0
02,29,1972,0.0
03,01,1972,0.0
03,02,1972,0.0
03,03,1972,0.0
03,04,1972,0.0
03,05,1972,0.0
03,06,1972,0.0
03,07,1972,0.0
03,08,1972,0.0
03,09,1972,0.0
03,10,1972,0.0
03,11,1972,0.0
03,12,1972,0.0
03,13,1972,0.0
03,14,1972,0.0
03,15,1972,0.0
03,16,1972,0.0
03,17,1972,0.0
03,18,1972,0.0
03,19,1972,0.0
03,20,1972,0.0
03,21,1972,0.0
03,22,1972,0.0
03,23,1972,0.0
03,24,1972,0.0
03,25,1972,0.0
03,26,1972,0.0
03,27,1972,0.0
03,28,1972,0.0
03,29,1972,0.0
03,30,1972,0.0
03,31,1972,0.0
04,01,1972,0.0
04,02,1972,0.0
04,03,1972,0.0
04,04,1972,0.0
04,05,1972,0.0
04,06,1972,0.0
04,07,1972,0.0
04,08,1972,0.0
04,09,1972,0.0
04,10,1972,0.0
04,11,1972,0.0
04,12,1972,0.0
04,13,1972,1.2
04,14,1972,0.0
04,15,1972,0.0
04,16,1972,0.0
04,17,1972,0.0
04,18,1972,0.0
04,19,1972,0.0
04,20,1972,0.0
04,21,1972,0.0
04,22,1972,0.0
04,23,1972,0.0
04,24,1972,0.0
04,25,1972,0.0
04,26,1972,0.0
04,27,1972,0.0
04,28,1972,0.0
04,29,1972,0.0
04,30,1972,0.0
05,01,1972,0.0
05,02,1972,0.0
05,03,1972,0.0
05,04,1972,0.0
05,05,1972,0.0
05,06,1972,0.0
05,07,1972,0.0
05,08,1972,0.0
05,09,1972,0.0
05,10,1972,0.0
05,11,1972,0.0
05,12,1972,0.0
05,13,1972,0.0
05,14,1972,0.0
05,15,1972,0.0
05,16,1972,0.0
05,17,1972,0.0
05,18,1972,0.0
05,19,1972,0.0
05,20,1972,0.0
05,21,1972,0.0
05,22,1972,0.0
05,23,1972,0.0
05,24,1972,0.0
05,25,1972,0.0
05,26,1972,0.0
05,27,1972,2.0
05,28,1972,4.6
05,29,1972,5.5
05,30,1972,0.0
05,31,1972,1.0
06,01,1972,0.0
06,02,1972,8.5
06,03,1972,0.0
06,04,1972,0.0
06,05,1972,0.0
06,06,1972,9.5
06,07,1972,8.0
06,08,1972,0.0
06,09,1972,0.0
06,10,1972,0.0
06,11,1972,5.0
06,12,1972,0.0
06,13,1972,6.0
06,14,1972,0.0
06,15,1972,0.0
06,16,1972,4.0
06,17,1972,0.0
06,18,1972,8.5
06,19,1972,0.0
06,20,1972,0.0
06,21,1972,6.0
06,22,1972,0.0
06,23,1972,0.0
06,24,1972,0.0
06,25,1972,0.0
06,26,1972,0.0
06,27,1972,0.0
06,28,1972,0.0
06,29,1972,0.0
06,30,1972,0.0
07,01,1972,0.0
07,02,1972,0.0
07,03,1972,0.0
07,04,1972,0.0
07,05,1972,0.0
07,06,1972,1.0
07,07,1972,0.0
07,08,1972,0.0
07,09,1972,0.0
07,10,1972,1.0
07,11,1972,0.0
07,12,1972,0.0
07,13,1972,8.5
07,14,1972,23.5
07,15,1972,4.5
07,16,1972,2.0
07,17,1972,0.0
07,18,1972,0.0
07,19,1972,0.0
07,20,1972,0.0
07,21,1972,0.0
07,22,1972,8.5
07,23,1972,10.0
07,24,1972,1.0
07,25,1972,0.0
07,26,1972,0.0
07,27,1972,0.0
07,28,1972,0.0
07,29,1972,0.0
07,30,1972,0.0
07,31,1972,0.0
08,01,1972,0.0
08,02,1972,1.0
08,03,1972,0.0
08,04,1972,0.0
08,05,1972,0.0
08,06,1972,0.0
08,07,1972,1.0
08,08,1972,0.0
08,09,1972,1.0
08,10,1972,0.0
08,11,1972,0.0
08,12,1972,16.0
08,13,1972,0.0
08,14,1972,0.0
08,15,1972,0.0
08,16,1972,0.0
08,17,1972,0.0
08,18,1972,0.0
08,19,1972,0.0
08,20,1972,0.0
08,21,1972,0.0
08,22,1972,0.0
08,23,1972,0.0
08,24,1972,0.0
08,25,1972,56.0
08,26,1972,0.0
08,27,1972,3.5
08,28,1972,10.5
08,29,1972,0.0
08,30,1972,3.0
08,31,1972,0.0
09,01,1972,6.0
09,02,1972,0.0
09,03,1972,7.0
09,04,1972,7.5
09,05,1972,0.0
09,06,1972,2.0
09,07,1972,5.0
09,08,1972,0.0
09,09,1972,1.0
09,10,1972,0.0
09,11,1972,0.0
09,12,1972,0.0
09,13,1972,0.0
09,14,1972,1.5
09,15,1972,0.0
09,16,1972,0.0
09,17,1972,0.0
09,18,1972,0.0
09,19,1972,0.0
09,20,1972,0.0
09,21,1972,0.0
09,22,1972,0.0
09,23,1972,0.0
09,24,1972,0.0
09,25,1972,0.0
09,26,1972,0.0
09,27,1972,0.0
09,28,1972,0.0
09,29,1972,0.0
09,30,1972,0.0
10,01,1972,0.0
10,02,1972,0.0
10,03,1972,0.0
10,04,1972,12.0
10,05,1972,5.0
10,06,1972,0.0
10,07,1972,0.0
10,08,1972,0.0
10,09,1972,0.0
10,10,1972,0.0
10,11,1972,0.0
10,12,1972,0.0
10,13,1972,0.0
10,14,1972,0.0
10,15,1972,0.0
10,16,1972,11.5
10,17,1972,37.0
10,18,1972,18.5
10,19,1972,2.5
10,20,1972,1.0
10,21,1972,0.0
10,22,1972,0.0
10,23,1972,0.0
10,24,1972,0.0
10,25,1972,0.0
10,26,1972,0.0
10,27,1972,0.0
10,28,1972,0.0
10,29,1972,0.0
10,30,1972,0.0
10,31,1972,0.0
11,01,1972,0.0
11,02,1972,0.0
11,03,1972,0.0
11,04,1972,0.0
11,05,1972,0.0
11,06,1972,0.0
11,07,1972,0.0
11,08,1972,0.0
11,09,1972,0.0
11,10,1972,5.0
11,11,1972,0.0
11,12,1972,0.0
11,13,1972,0.0
11,14,1972,0.0
11,15,1972,0.0
11,16,1972,15.0
11,17,1972,0.0
11,18,1972,0.0
11,19,1972,0.0
11,20,1972,0.0
11,21,1972,0.0
11,22,1972,2.0
11,23,1972,0.0
11,24,1972,0.0
11,25,1972,0.0
11,26,1972,0.0
11,27,1972,0.0
11,28,1972,0.0
11,29,1972,0.0
11,30,1972,0.0
12,01,1972,0.0
12,02,1972,0.0
12,03,1972,0.0
12,04,1972,0.0
12,05,1972,0.0
12,06,1972,0.0
12,07,1972,0.0
12,08,1972,0.0
12,09,1972,0.0
12,10,1972,0.0
12,11,1972,0.0
12,12,1972,0.0
12,13,1972,0.0
12,14,1972,0.0
12,15,1972,0.0
12,16,1972,0.0
12,17,1972,0.0
12,18,1972,0.0
12,19,1972,0.0
12,20,1972,0.0
12,21,1972,0.0
12,22,1972,0.0
12,23,1972,0.0
12,24,1972,0.0
12,25,1972,0.0
12,26,1972,6.0
12,27,1972,7.0
12,28,1972,2.0
12,29,1972,0.0
12,30,1972,0.0
12,31,1972,0.0
01,01,1973,0.0
01,02,1973,0.0
01,03,1973,0.0
01,04,1973,3.0
01,05,1973,0.0
01,06,1973,0.0
01,07,1973,0.0
01,08,1973,0.0
01,09,1973,0.0
01,10,1973,0.0
01,11,1973,0.0
01,12,1973,0.0
01,13,1973,0.0
01,14,1973,0.0
01,15,1973,0.0
01,16,1973,0.0
01,17,1973,0.0
01,18,1973,3.0
01,19,1973,0.0
01,20,1973,0.0
01,21,1973,0.0
01,22,1973,0.0
01,23,1973,0.0
01,24,1973,0.0
01,25,1973,0.0
01,26,1973,0.0
01,27,1973,0.0
01,28,1973,0.0
01,29,1973,0.0
01,30,1973,0.0
01,31,1973,0.0
02,01,1973,0.0
02,02,1973,0.0
02,03,1973,0.0
02,04,1973,13.0
02,05,1973,0.0
02,06,1973,0.0
02,07,1973,0.0
02,08,1973,0.0
02,09,1973,0.0
02,10,1973,0.0
02,11,1973,0.0
02,12,1973,9.0
02,13,1973,0.0
02,14,1973,0.0
02,15,1973,0.0
02,16,1973,0.0
02,17,1973,0.0
02,18,1973,0.0
02,19,1973,0.0
02,20,1973,20.0
02,21,1973,28.0
02,22,1973,0.0
02,23,1973,0.0
02,24,1973,0.0
02,25,1973,0.0
02,26,1973,0.0
02,27,1973,0.0
02,28,1973,0.0
03,01,1973,0.0
03,02,1973,0.0
03,03,1973,0.0
03,04,1973,0.0
03,05,1973,0.0
03,06,1973,0.0
03,07,1973,9.0
03,08,1973,7.0
03,09,1973,13.0
03,10,1973,0.0
03,11,1973,0.0
03,12,1973,0.0
03,13,1973,0.0
03,14,1973,0.0
03,15,1973,0.0
03,16,1973,0.0
03,17,1973,0.0
03,18,1973,0.0
03,19,1973,3.0
03,20,1973,0.0
03,21,1973,0.0
03,22,1973,0.0
03,23,1973,0.0
03,24,1973,0.0
03,25,1973,0.0
03,26,1973,0.0
03,27,1973,0.0
03,28,1973,0.0
03,29,1973,0.0
03,30,1973,0.0
03,31,1973,0.0
04,01,1973,0.0
04,02,1973,0.0
04,03,1973,0.0
04,04,1973,0.0
04,05,1973,0.0
04,06,1973,0.0
04,07,1973,0.0
04,08,1973,0.0
04,09,1973,0.0
04,10,1973,0.0
04,11,1973,0.0
04,12,1973,0.0
04,13,1973,0.0
04,14,1973,0.0
04,15,1973,0.0
04,16,1973,0.0
04,17,1973,0.0
04,18,1973,0.0
04,19,1973,0.0
04,20,1973,0.0
04,21,1973,0.0
04,22,1973,0.0
04,23,1973,0.0
04,24,1973,0.0
04,25,1973,0.0
04,26,1973,0.0
04,27,1973,0.0
04,28,1973,0.0
04,29,1973,0.0
04,30,1973,0.0
05,01,1973,0.0
05,02,1973,0.0
05,03,1973,0.0
05,04,1973,0.0
05,05,1973,0.0
05,06,1973,0.0
05,07,1973,0.0
05,08,1973,0.0
05,09,1973,0.0
05,10,1973,0.0
05,11,1973,0.0
05,12,1973,0.0
05,13,1973,0.0
05,14,1973,0.0
05,15,1973,0.0
05,16,1973,0.0
05,17,1973,0.0
05,18,1973,0.0
05,19,1973,0.0
05,20,1973,0.0
05,21,1973,0.0
05,22,1973,0.0
05,23,1973,0.0
05,24,1973,0.0
05,25,1973,0.0
05,26,1973,0.0
05,27,1973,0.0
05,28,1973,0.0
05,29,1973,0.0
05,30,1973,0.0
05,31,1973,0.0
06,01,1973,0.0
06,02,1973,0.0
06,03,1973,0.0
06,04,1973,0.0
06,05,1973,0.0
06,06,1973,0.0
06,07,1973,0.0
06,08,1973,0.0
06,09,1973,0.0
06,10,1973,0.0
06,11,1973,0.0
06,12,1973,16.0
06,13,1973,13.0
06,14,1973,0.0
06,15,1973,0.0
06,16,1973,0.0
06,17,1973,0.0
06,18,1973,0.0
06,19,1973,0.0
06,20,1973,0.0
06,21,1973,0.0
06,22,1973,0.0
06,23,1973,0.0
06,24,1973,0.0
06,25,1973,0.0
06,26,1973,0.0
06,27,1973,0.0
06,28,1973,0.0
06,29,1973,0.0
06,30,1973,0.0
07,01,1973,0.0
07,02,1973,0.0
07,03,1973,0.0
07,04,1973,0.0
07,05,1973,0.0
07,06,1973,0.0
07,07,1973,0.0
07,08,1973,0.0
07,09,1973,0.0
07,10,1973,22.0
07,11,1973,23.0
07,12,1973,0.0
07,13,1973,0.0
07,14,1973,33.0
07,15,1973,29.0
07,16,1973,0.0
07,17,1973,30.0
07,18,1973,0.0
07,19,1973,0.0
07,20,1973,0.0
07,21,1973,0.0
07,22,1973,0.0
07,23,1973,0.0
07,24,1973,0.0
07,25,1973,0.0
07,26,1973,0.0
07,27,1973,0.0
07,28,1973,0.0
07,29,1973,9.0
07,30,1973,0.0
07,31,1973,0.0
08,01,1973,0.0
08,02,1973,0.0
08,03,1973,0.0
08,04,1973,0.0
08,05,1973,0.0
08,06,1973,0.0
08,07,1973,0.0
08,08,1973,0.0
08,09,1973,0.0
08,10,1973,37.0
08,11,1973,0.0
08,12,1973,0.0
08,13,1973,0.0
08,14,1973,0.0
08,15,1973,0.0
08,16,1973,0.0
08,17,1973,0.0
08,18,1973,0.0
08,19,1973,0.0
08,20,1973,0.0
08,21,1973,0.0
08,22,1973,0.0
08,23,1973,14.0
08,24,1973,0.0
08,25,1973,0.0
08,26,1973,0.0
08,27,1973,0.0
08,28,1973,4.0
08,29,1973,0.0
08,30,1973,0.0
08,31,1973,0.0
09,01,1973,0.0
09,02,1973,0.0
09,03,1973,0.0
09,04,1973,0.0
09,05,1973,0.0
09,06,1973,0.0
09,07,1973,0.0
09,08,1973,0.0
09,09,1973,0.0
09,10,1973,0.0
09,11,1973,0.0
09,12,1973,0.0
09,13,1973,0.0
09,14,1973,0.0
09,15,1973,0.0
09,16,1973,0.0
09,17,1973,0.0
09,18,1973,0.0
09,19,1973,0.0
09,20,1973,5.0
09,21,1973,0.0
09,22,1973,0.0
09,23,1973,0.0
09,24,1973,0.0
09,25,1973,0.0
09,26,1973,0.0
09,27,1973,0.0
09,28,1973,0.0
09,29,1973,0.0
09,30,1973,0.0
10,01,1973,0.0
10,02,1973,0.0
10,03,1973,0.0
10,04,1973,0.0
10,05,1973,0.0
10,06,1973,0.0
10,07,1973,0.0
10,08,1973,0.0
10,09,1973,0.0
10,10,1973,0.0
10,11,1973,0.0
10,12,1973,0.0
10,13,1973,0.0
10,14,1973,0.0
10,15,1973,0.0
10,16,1973,0.0
10,17,1973,0.0
10,18,1973,0.0
10,19,1973,0.0
10,20,1973,0.0
10,21,1973,0.0
10,22,1973,0.0
10,23,1973,0.0
10,24,1973,0.0
10,25,1973,0.0
10,26,1973,0.0
10,27,1973,0.0
10,28,1973,0.0
10,29,1973,0.0
10,30,1973,0.0
10,31,1973,0.0
11,01,1973,0.0
11,02,1973,0.0
11,03,1973,0.0
11,04,1973,0.0
11,05,1973,0.0
11,06,1973,0.0
11,07,1973,0.0
11,08,1973,0.0
11,09,1973,0.0
11,10,1973,0.0
11,11,1973,0.0
11,12,1973,0.0
11,13,1973,0.0
11,14,1973,0.0
11,15,1973,0.0
11,16,1973,0.0
11,17,1973,7.5
11,18,1973,0.0
11,19,1973,0.0
11,20,1973,0.0
11,21,1973,0.0
11,22,1973,0.0
11,23,1973,0.0
11,24,1973,0.0
11,25,1973,2.5
11,26,1973,0.0
11,27,1973,0.0
11,28,1973,0.0
11,29,1973,0.0
11,30,1973,0.0
12,01,1973,0.0
12,02,1973,0.0
12,03,1973,0.0
12,04,1973,0.0
12,05,1973,0.0
12,06,1973,0.0
12,07,1973,0.0
12,08,1973,0.0
12,09,1973,0.0
12,10,1973,0.0
12,11,1973,0.0
12,12,1973,0.0
12,13,1973,0.0
12,14,1973,0.0
12,15,1973,0.0
12,16,1973,0.0
12,17,1973,0.0
12,18,1973,0.0
12,19,1973,0.0
12,20,1973,0.0
12,21,1973,0.0
12,22,1973,0.0
12,23,1973,0.0
12,24,1973,0.0
12,25,1973,0.0
12,26,1973,0.0
12,27,1973,0.0
12,28,1973,0.0
12,29,1973,0.0
12,30,1973,0.0
12,31,1973,0.0
01,01,1974,0.0
01,02,1974,3.0
01,03,1974,0.0
01,04,1974,1.0
01,05,1974,0.0
01,06,1974,0.0
01,07,1974,1.5
01,08,1974,13.0
01,09,1974,0.0
01,10,1974,0.0
01,11,1974,0.0
01,12,1974,0.0
01,13,1974,0.0
01,14,1974,0.0
01,15,1974,0.0
01,16,1974,0.0
01,17,1974,0.0
01,18,1974,0.0
01,19,1974,0.0
01,20,1974,0.0
01,21,1974,0.0
01,22,1974,0.0
01,23,1974,0.0
01,24,1974,0.0
01,25,1974,0.0
01,26,1974,1.0
01,27,1974,0.0
01,28,1974,0.0
01,29,1974,0.0
01,30,1974,0.0
01,31,1974,0.0
02,01,1974,0.0
02,02,1974,0.0
02,03,1974,0.0
02,04,1974,0.0
02,05,1974,0.0
02,06,1974,0.0
02,07,1974,0.0
02,08,1974,0.0
02,09,1974,0.0
02,10,1974,0.0
02,11,1974,0.0
02,12,1974,0.0
02,13,1974,0.0
02,14,1974,0.0
02,15,1974,0.0
02,16,1974,0.0
02,17,1974,0.0
02,18,1974,0.0
02,19,1974,0.0
02,20,1974,0.0
02,21,1974,0.0
02,22,1974,0.0
02,23,1974,0.0
02,24,1974,0.0
02,25,1974,0.0
02,26,1974,0.0
02,27,1974,0.0
02,28,1974,0.0
03,01,1974,0.0
03,02,1974,0.0
03,03,1974,0.0
03,04,1974,0.0
03,05,1974,0.0
03,06,1974,0.0
03,07,1974,0.0
03,08,1974,0.0
03,09,1974,0.0
03,10,1974,0.0
03,11,1974,0.0
03,12,1974,0.0
03,13,1974,0.0
03,14,1974,0.0
03,15,1974,0.0
03,16,1974,0.0
03,17,1974,0.0
03,18,1974,0.0
03,19,1974,0.0
03,20,1974,0.0
03,21,1974,0.0
03,22,1974,0.0
03,23,1974,0.0
03,24,1974,0.0
03,25,1974,0.0
03,26,1974,0.0
03,27,1974,0.0
03,28,1974,0.0
03,29,1974,0.0
03,30,1974,0.0
03,31,1974,0.0
04,01,1974,0.0
04,02,1974,0.0
04,03,1974,0.0
04,04,1974,0.0
04,05,1974,0.0
04,06,1974,0.0
04,07,1974,0.0
04,08,1974,0.0
04,09,1974,0.0
04,10,1974,0.0
04,11,1974,0.0
04,12,1974,0.0
04,13,1974,0.0
04,14,1974,0.0
04,15,1974,0.0
04,16,1974,0.0
04,17,1974,0.0
04,18,1974,0.0
04,19,1974,0.0
04,20,1974,0.0
04,21,1974,0.0
04,22,1974,0.0
04,23,1974,0.0
04,24,1974,0.0
04,25,1974,0.0
04,26,1974,0.0
04,27,1974,0.0
04,28,1974,0.0
04,29,1974,0.0
04,30,1974,0.0
05,01,1974,0.0
05,02,1974,0.0
05,03,1974,0.0
05,04,1974,0.0
05,05,1974,0.0
05,06,1974,0.0
05,07,1974,0.0
05,08,1974,1.5
05,09,1974,0.0
05,10,1974,0.0
05,11,1974,0.0
05,12,1974,0.0
05,13,1974,0.0
05,14,1974,0.0
05,15,1974,0.0
05,16,1974,0.0
05,17,1974,0.0
05,18,1974,0.0
05,19,1974,0.0
05,20,1974,0.0
05,21,1974,0.0
05,22,1974,0.0
05,23,1974,0.0
05,24,1974,0.0
05,25,1974,0.0
05,26,1974,0.0
05,27,1974,0.0
05,28,1974,0.0
05,29,1974,0.0
05,30,1974,0.0
05,31,1974,0.0
06,01,1974,0.0
06,02,1974,0.0
06,03,1974,0.0
06,04,1974,0.0
06,05,1974,0.0
06,06,1974,0.0
06,07,1974,0.0
06,08,1974,0.0
06,09,1974,0.0
06,10,1974,0.0
06,11,1974,0.0
06,12,1974,0.0
06,13,1974,0.0
06,14,1974,0.0
06,15,1974,0.0
06,16,1974,0.0
06,17,1974,0.0
06,18,1974,0.0
06,19,1974,0.0
06,20,1974,0.0
06,21,1974,0.0
06,22,1974,0.0
06,23,1974,0.0
06,24,1974,0.0
06,25,1974,0.0
06,26,1974,0.0
06,27,1974,0.0
06,28,1974,0.0
06,29,1974,0.0
06,30,1974,0.0
07,01,1974,15.5
07,02,1974,13.0
07,03,1974,0.0
07,04,1974,0.0
07,05,1974,0.0
07,06,1974,7.0
07,07,1974,27.0
07,08,1974,0.0
07,09,1974,0.0
07,10,1974,0.0
07,11,1974,0.0
07,12,1974,0.0
07,13,1974,4.0
07,14,1974,1.5
07,15,1974,0.0
07,16,1974,1.5
07,17,1974,1.0
07,18,1974,21.0
07,19,1974,26.0
07,20,1974,6.0
07,21,1974,1.0
07,22,1974,0.0
07,23,1974,0.0
07,24,1974,0.0
07,25,1974,0.0
07,26,1974,9.0
07,27,1974,1.0
07,28,1974,5.0
07,29,1974,7.0
07,30,1974,0.0
07,31,1974,0.0
08,01,1974,13.0
08,02,1974,23.0
08,03,1974,1.0
08,04,1974,24.0
08,05,1974,9.0
08,06,1974,0.0
08,07,1974,0.0
08,08,1974,0.0
08,09,1974,0.0
08,10,1974,0.0
08,11,1974,0.0
08,12,1974,0.0
08,13,1974,0.0
08,14,1974,0.0
08,15,1974,9.0
08,16,1974,0.0
08,17,1974,0.0
08,18,1974,2.0
08,19,1974,7.0
08,20,1974,0.0
08,21,1974,0.0
08,22,1974,2.0
08,23,1974,0.0
08,24,1974,8.0
08,25,1974,2.5
08,26,1974,0.0
08,27,1974,0.0
08,28,1974,0.0
08,29,1974,0.0
08,30,1974,0.0
08,31,1974,0.0
09,01,1974,0.0
09,02,1974,0.0
09,03,1974,3.0
09,04,1974,0.0
09,05,1974,0.0
09,06,1974,0.0
09,07,1974,0.0
09,08,1974,0.0
09,09,1974,0.0
09,10,1974,0.0
09,11,1974,0.0
09,12,1974,1.0
09,13,1974,1.0
09,14,1974,0.0
09,15,1974,0.0
09,16,1974,0.0
09,17,1974,0.0
09,18,1974,1.0
09,19,1974,0.0
09,20,1974,0.0
09,21,1974,8.0
09,22,1974,0.0
09,23,1974,8.0
09,24,1974,11.0
09,25,1974,0.0
09,26,1974,3.0
09,27,1974,0.0
09,28,1974,0.0
09,29,1974,0.0
09,30,1974,0.0
10,01,1974,0.0
10,02,1974,0.0
10,03,1974,0.0
10,04,1974,0.0
10,05,1974,0.0
10,06,1974,7.5
10,07,1974,11.0
10,08,1974,0.0
10,09,1974,0.0
10,10,1974,0.0
10,11,1974,6.0
10,12,1974,12.0
10,13,1974,0.0
10,14,1974,0.0
10,15,1974,0.0
10,16,1974,0.0
10,17,1974,0.0
10,18,1974,0.0
10,19,1974,0.0
10,20,1974,0.0
10,21,1974,6.0
10,22,1974,1.0
10,23,1974,0.0
10,24,1974,0.0
10,25,1974,0.0
10,26,1974,0.0
10,27,1974,0.0
10,28,1974,4.0
10,29,1974,15.0
10,30,1974,6.0
10,31,1974,0.0
11,01,1974,0.0
11,02,1974,0.0
11,03,1974,0.0
11,04,1974,0.0
11,05,1974,0.0
11,06,1974,0.0
11,07,1974,0.0
11,08,1974,1.0
11,09,1974,0.0
11,10,1974,0.0
11,11,1974,0.0
11,12,1974,0.0
11,13,1974,0.0
11,14,1974,0.0
11,15,1974,0.0
11,16,1974,0.0
11,17,1974,0.0
11,18,1974,0.0
11,19,1974,0.0
11,20,1974,0.0
11,21,1974,2.0
11,22,1974,0.0
11,23,1974,0.0
11,24,1974,0.0
11,25,1974,0.0
11,26,1974,0.0
11,27,1974,0.0
11,28,1974,0.0
11,29,1974,0.0
11,30,1974,0.0
12,01,1974,0.0
12,02,1974,0.0
12,03,1974,0.0
12,04,1974,0.0
12,05,1974,3.0
12,06,1974,0.0
12,07,1974,0.0
12,08,1974,0.0
12,09,1974,0.0
12,10,1974,0.0
12,11,1974,0.0
12,12,1974,0.0
12,13,1974,0.0
12,14,1974,0.0
12,15,1974,0.0
12,16,1974,0.0
12,17,1974,0.0
12,18,1974,0.0
12,19,1974,0.0
12,20,1974,0.0
12,21,1974,0.0
12,22,1974,0.0
12,23,1974,0.0
12,24,1974,0.0
12,25,1974,0.0
12,26,1974,0.0
12,27,1974,0.0
12,28,1974,1.0
12,29,1974,0.0
12,30,1974,0.0
12,31,1974,0.0
01,01,1975,1.0
01,02,1975,0.0
01,03,1975,0.0
01,04,1975,0.0
01,05,1975,0.0
01,06,1975,0.0
01,07,1975,0.0
01,08,1975,0.0
01,09,1975,0.0
01,10,1975,0.0
01,11,1975,0.0
01,12,1975,0.0
01,13,1975,0.0
01,14,1975,0.0
01,15,1975,0.0
01,16,1975,0.0
01,17,1975,0.0
01,18,1975,0.0
01,19,1975,0.0
01,20,1975,0.0
01,21,1975,0.0
01,22,1975,0.0
01,23,1975,0.0
01,24,1975,0.0
01,25,1975,0.0
01,26,1975,0.0
01,27,1975,0.0
01,28,1975,0.0
01,29,1975,16.0
01,30,1975,2.5
01,31,1975,2.0
02,01,1975,0.0
02,02,1975,0.0
02,03,1975,0.0
02,04,1975,0.0
02,05,1975,0.0
02,06,1975,0.0
02,07,1975,0.0
02,08,1975,0.0
02,09,1975,0.0
02,10,1975,0.0
02,11,1975,0.0
02,12,1975,0.0
02,13,1975,0.0
02,14,1975,0.0
02,15,1975,0.0
02,16,1975,0.0
02,17,1975,0.0
02,18,1975,0.0
02,19,1975,0.0
02,20,1975,0.0
02,21,1975,1.0
02,22,1975,0.0
02,23,1975,0.0
02,24,1975,0.0
02,25,1975,0.0
02,26,1975,0.0
02,27,1975,0.0
02,28,1975,0.0
03,01,1975,0.0
03,02,1975,0.0
03,03,1975,0.0
03,04,1975,0.0
03,05,1975,0.0
03,06,1975,0.0
03,07,1975,0.0
03,08,1975,0.0
03,09,1975,0.0
03,10,1975,1.0
03,11,1975,8.0
03,12,1975,6.0
03,13,1975,0.0
03,14,1975,0.0
03,15,1975,0.0
03,16,1975,0.0
03,17,1975,0.0
03,18,1975,0.0
03,19,1975,0.0
03,20,1975,0.0
03,21,1975,0.0
03,22,1975,0.0
03,23,1975,0.0
03,24,1975,0.0
03,25,1975,0.0
03,26,1975,2.0
03,27,1975,0.0
03,28,1975,3.0
03,29,1975,0.0
03,30,1975,0.0
03,31,1975,0.0
04,01,1975,0.0
04,02,1975,0.0
04,03,1975,0.0
04,04,1975,0.0
04,05,1975,0.0
04,06,1975,4.0
04,07,1975,1.0
04,08,1975,0.0
04,09,1975,3.0
04,10,1975,0.0
04,11,1975,0.0
04,12,1975,0.0
04,13,1975,0.0
04,14,1975,0.0
04,15,1975,0.0
04,16,1975,0.0
04,17,1975,0.0
04,18,1975,0.0
04,19,1975,0.0
04,20,1975,0.0
04,21,1975,0.0
04,22,1975,0.0
04,23,1975,0.0
04,24,1975,0.0
04,25,1975,0.0
04,26,1975,0.0
04,27,1975,0.0
04,28,1975,0.0
04,29,1975,0.0
04,30,1975,0.0
05,01,1975,0.0
05,02,1975,0.0
05,03,1975,0.0
05,04,1975,0.0
05,05,1975,0.0
05,06,1975,0.0
05,07,1975,0.0
05,08,1975,0.0
05,09,1975,0.0
05,10,1975,0.0
05,11,1975,0.0
05,12,1975,0.0
05,13,1975,0.0
05,14,1975,0.0
05,15,1975,0.0
05,16,1975,0.0
05,17,1975,0.0
05,18,1975,0.0
05,19,1975,0.0
05,20,1975,0.0
05,21,1975,0.0
05,22,1975,0.0
05,23,1975,0.0
05,24,1975,0.0
05,25,1975,0.0
05,26,1975,0.0
05,27,1975,0.0
05,28,1975,0.0
05,29,1975,0.0
05,30,1975,0.0
05,31,1975,0.0
06,01,1975,0.0
06,02,1975,0.0
06,03,1975,0.0
06,04,1975,0.0
06,05,1975,0.0
06,06,1975,1.0
06,07,1975,0.0
06,08,1975,0.0
06,09,1975,0.0
06,10,1975,0.0
06,11,1975,0.0
06,12,1975,0.0
06,13,1975,0.0
06,14,1975,0.0
06,15,1975,0.0
06,16,1975,0.0
06,17,1975,0.0
06,18,1975,0.0
06,19,1975,0.0
06,20,1975,0.0
06,21,1975,0.0
06,22,1975,0.0
06,23,1975,0.0
06,24,1975,0.0
06,25,1975,0.0
06,26,1975,0.0
06,27,1975,0.0
06,28,1975,0.0
06,29,1975,0.0
06,30,1975,0.0
07,01,1975,3.0
07,02,1975,1.0
07,03,1975,0.0
07,04,1975,0.0
07,05,1975,9.5
07,06,1975,0.0
07,07,1975,4.0
07,08,1975,0.0
07,09,1975,0.0
07,10,1975,0.0
07,11,1975,4.0
07,12,1975,8.0
07,13,1975,0.0
07,14,1975,0.0
07,15,1975,0.0
07,16,1975,0.0
07,17,1975,21.0
07,18,1975,34.0
07,19,1975,1.0
07,20,1975,0.0
07,21,1975,20.0
07,22,1975,6.0
07,23,1975,11.0
07,24,1975,7.0
07,25,1975,0.0
07,26,1975,0.0
07,27,1975,1.0
07,28,1975,0.0
07,29,1975,2.0
07,30,1975,0.0
07,31,1975,0.0
08,01,1975,0.0
08,02,1975,0.0
08,03,1975,0.0
08,04,1975,0.0
08,05,1975,0.0
08,06,1975,0.0
08,07,1975,0.0
08,08,1975,3.0
08,09,1975,1.0
08,10,1975,0.0
08,11,1975,13.0
08,12,1975,0.0
08,13,1975,0.0
08,14,1975,0.0
08,15,1975,0.0
08,16,1975,0.0
08,17,1975,0.0
08,18,1975,0.0
08,19,1975,4.0
08,20,1975,0.0
08,21,1975,0.0
08,22,1975,0.0
08,23,1975,0.0
08,24,1975,0.0
08,25,1975,0.0
08,26,1975,0.0
08,27,1975,0.0
08,28,1975,0.0
08,29,1975,0.0
08,30,1975,0.0
08,31,1975,0.0
09,01,1975,2.0
09,02,1975,0.0
09,03,1975,0.0
09,04,1975,10.0
09,05,1975,7.0
09,06,1975,9.0
09,07,1975,7.0
09,08,1975,1.0
09,09,1975,0.0
09,10,1975,0.0
09,11,1975,0.0
09,12,1975,24.0
09,13,1975,10.0
09,14,1975,0.0
09,15,1975,0.0
09,16,1975,0.0
09,17,1975,0.0
09,18,1975,0.0
09,19,1975,0.0
09,20,1975,0.0
09,21,1975,0.0
09,22,1975,0.0
09,23,1975,0.0
09,24,1975,0.0
09,25,1975,0.0
09,26,1975,0.0
09,27,1975,0.0
09,28,1975,0.0
09,29,1975,0.0
09,30,1975,1.5
10,01,1975,0.0
10,02,1975,0.0
10,03,1975,0.0
10,04,1975,0.0
10,05,1975,0.0
10,06,1975,0.0
10,07,1975,0.0
10,08,1975,0.0
10,09,1975,0.0
10,10,1975,0.0
10,11,1975,0.0
10,12,1975,0.0
10,13,1975,0.0
10,14,1975,0.0
10,15,1975,0.0
10,16,1975,0.0
10,17,1975,0.0
10,18,1975,0.0
10,19,1975,0.0
10,20,1975,1.0
10,21,1975,1.0
10,22,1975,0.0
10,23,1975,0.0
10,24,1975,0.0
10,25,1975,0.0
10,26,1975,0.0
10,27,1975,0.0
10,28,1975,0.0
10,29,1975,0.0
10,30,1975,0.0
10,31,1975,0.0
11,01,1975,0.0
11,02,1975,0.0
11,03,1975,0.0
11,04,1975,0.0
11,05,1975,0.0
11,06,1975,0.0
11,07,1975,0.0
11,08,1975,0.0
11,09,1975,0.0
11,10,1975,0.0
11,11,1975,0.0
11,12,1975,0.0
11,13,1975,0.0
11,14,1975,0.0
11,15,1975,0.0
11,16,1975,0.0
11,17,1975,0.0
11,18,1975,0.0
11,19,1975,0.0
11,20,1975,0.0
11,21,1975,0.0
11,22,1975,0.0
11,23,1975,0.0
11,24,1975,0.0
11,25,1975,0.0
11,26,1975,0.0
11,27,1975,4.0
11,28,1975,29.0
11,29,1975,0.0
11,30,1975,0.0
12,01,1975,0.0
12,02,1975,0.0
12,03,1975,0.0
12,04,1975,0.0
12,05,1975,0.0
12,06,1975,0.0
12,07,1975,0.0
12,08,1975,0.0
12,09,1975,0.0
12,10,1975,0.0
12,11,1975,0.0
12,12,1975,0.0
12,13,1975,2.0
12,14,1975,0.0
12,15,1975,0.0
12,16,1975,0.0
12,17,1975,0.0
12,18,1975,0.0
12,19,1975,0.0
12,20,1975,0.0
12,21,1975,2.0
12,22,1975,0.0
12,23,1975,0.0
12,24,1975,0.0
12,25,1975,0.0
12,26,1975,0.0
12,27,1975,0.0
12,28,1975,0.0
12,29,1975,0.0
12,30,1975,0.0
12,31,1975,0.0
01,01,1976,3.0
01,02,1976,0.0
01,03,1976,0.0
01,04,1976,0.0
01,05,1976,0.0
01,06,1976,0.0
01,07,1976,0.0
01,08,1976,0.0
01,09,1976,0.0
01,10,1976,0.0
01,11,1976,0.0
01,12,1976,0.0
01,13,1976,0.0
01,14,1976,0.0
01,15,1976,0.0
01,16,1976,0.0
01,17,1976,0.0
01,18,1976,0.0
01,19,1976,0.0
01,20,1976,0.0
01,21,1976,0.0
01,22,1976,4.0
01,23,1976,1.0
01,24,1976,3.0
01,25,1976,0.0
01,26,1976,0.0
01,27,1976,0.0
01,28,1976,0.0
01,29,1976,0.0
01,30,1976,0.0
01,31,1976,0.0
02,01,1976,0.0
02,02,1976,0.0
02,03,1976,0.0
02,04,1976,4.5
02,05,1976,9.0
02,06,1976,0.0
02,07,1976,0.0
02,08,1976,7.0
02,09,1976,6.0
02,10,1976,0.0
02,11,1976,0.0
02,12,1976,0.0
02,13,1976,0.0
02,14,1976,0.0
02,15,1976,0.0
02,16,1976,0.0
02,17,1976,0.0
02,18,1976,0.0
02,19,1976,0.0
02,20,1976,0.0
02,21,1976,0.0
02,22,1976,0.0
02,23,1976,0.0
02,24,1976,0.0
02,25,1976,0.0
02,26,1976,0.0
02,27,1976,0.0
02,28,1976,0.0
02,29,1976,0.0
03,01,1976,0.0
03,02,1976,0.0
03,03,1976,8.0
03,04,1976,0.0
03,05,1976,0.0
03,06,1976,0.0
03,07,1976,0.0
03,08,1976,0.0
03,09,1976,0.0
03,10,1976,0.0
03,11,1976,0.0
03,12,1976,0.0
03,13,1976,0.0
03,14,1976,0.0
03,15,1976,0.0
03,16,1976,0.0
03,17,1976,0.0
03,18,1976,0.0
03,19,1976,0.0
03,20,1976,0.0
03,21,1976,0.0
03,22,1976,0.0
03,23,1976,0.0
03,24,1976,0.0
03,25,1976,0.0
03,26,1976,0.0
03,27,1976,0.0
03,28,1976,0.0
03,29,1976,0.0
03,30,1976,0.0
03,31,1976,0.0
04,01,1976,0.0
04,02,1976,0.0
04,03,1976,0.0
04,04,1976,0.0
04,05,1976,0.0
04,06,1976,0.0
04,07,1976,0.0
04,08,1976,0.0
04,09,1976,0.0
04,10,1976,0.0
04,11,1976,0.0
04,12,1976,0.0
04,13,1976,0.0
04,14,1976,3.0
04,15,1976,0.0
04,16,1976,7.0
04,17,1976,0.0
04,18,1976,0.0
04,19,1976,0.0
04,20,1976,0.0
04,21,1976,0.0
04,22,1976,0.0
04,23,1976,0.0
04,24,1976,0.0
04,25,1976,0.0
04,26,1976,0.0
04,27,1976,0.0
04,28,1976,0.0
04,29,1976,0.0
04,30,1976,0.0
05,01,1976,0.0
05,02,1976,0.0
05,03,1976,0.0
05,04,1976,0.0
05,05,1976,0.0
05,06,1976,0.0
05,07,1976,0.0
05,08,1976,0.0
05,09,1976,0.0
05,10,1976,0.0
05,11,1976,0.0
05,12,1976,0.0
05,13,1976,0.0
05,14,1976,0.0
05,15,1976,0.0
05,16,1976,0.0
05,17,1976,2.0
05,18,1976,4.0
05,19,1976,0.0
05,20,1976,0.0
05,21,1976,0.0
05,22,1976,0.0
05,23,1976,0.0
05,24,1976,0.0
05,25,1976,0.0
05,26,1976,0.0
05,27,1976,0.0
05,28,1976,0.0
05,29,1976,0.0
05,30,1976,0.0
05,31,1976,0.0
06,01,1976,0.0
06,02,1976,0.0
06,03,1976,0.0
06,04,1976,0.0
06,05,1976,0.0
06,06,1976,0.0
06,07,1976,0.0
06,08,1976,0.0
06,09,1976,0.0
06,10,1976,0.0
06,11,1976,0.0
06,12,1976,0.0
06,13,1976,0.0
06,14,1976,0.0
06,15,1976,0.0
06,16,1976,0.0
06,17,1976,0.0
06,18,1976,0.0
06,19,1976,0.0
06,20,1976,0.0
06,21,1976,0.0
06,22,1976,0.0
06,23,1976,0.0
06,24,1976,0.0
06,25,1976,0.0
06,26,1976,0.0
06,27,1976,0.0
06,28,1976,2.0
06,29,1976,47.0
06,30,1976,0.0
07,01,1976,0.0
07,02,1976,0.0
07,03,1976,0.0
07,04,1976,0.0
07,05,1976,0.0
07,06,1976,0.0
07,07,1976,0.0
07,08,1976,0.0
07,09,1976,0.0
07,10,1976,15.0
07,11,1976,0.0
07,12,1976,0.0
07,13,1976,0.0
07,14,1976,0.0
07,15,1976,15.0
07,16,1976,1.0
07,17,1976,4.0
07,18,1976,0.0
07,19,1976,3.0
07,20,1976,16.0
07,21,1976,28.0
07,22,1976,1.0
07,23,1976,6.0
07,24,1976,1.0
07,25,1976,12.0
07,26,1976,4.0
07,27,1976,6.0
07,28,1976,2.0
07,29,1976,0.0
07,30,1976,0.0
07,31,1976,0.0
08,01,1976,0.0
08,02,1976,0.0
08,03,1976,0.0
08,04,1976,0.0
08,05,1976,0.0
08,06,1976,0.0
08,07,1976,0.0
08,08,1976,0.0
08,09,1976,0.0
08,10,1976,0.0
08,11,1976,0.0
08,12,1976,5.0
08,13,1976,0.0
08,14,1976,0.0
08,15,1976,0.0
08,16,1976,2.0
08,17,1976,4.0
08,18,1976,0.0
08,19,1976,0.0
08,20,1976,0.0
08,21,1976,0.0
08,22,1976,5.0
08,23,1976,0.0
08,24,1976,22.0
08,25,1976,0.0
08,26,1976,0.0
08,27,1976,19.0
08,28,1976,0.0
08,29,1976,0.0
08,30,1976,0.0
08,31,1976,0.0
09,01,1976,0.0
09,02,1976,1.0
09,03,1976,2.0
09,04,1976,2.0
09,05,1976,7.0
09,06,1976,5.0
09,07,1976,0.0
09,08,1976,5.0
09,09,1976,0.0
09,10,1976,0.0
09,11,1976,0.0
09,12,1976,0.0
09,13,1976,0.0
09,14,1976,0.0
09,15,1976,0.0
09,16,1976,0.0
09,17,1976,0.0
09,18,1976,0.0
09,19,1976,0.0
09,20,1976,0.0
09,21,1976,0.0
09,22,1976,0.0
09,23,1976,3.0
09,24,1976,18.0
09,25,1976,0.0
09,26,1976,1.0
09,27,1976,0.0
09,28,1976,0.0
09,29,1976,0.0
09,30,1976,1.0
10,01,1976,7.0
10,02,1976,0.0
10,03,1976,0.0
10,04,1976,0.0
10,05,1976,0.0
10,06,1976,0.0
10,07,1976,0.0
10,08,1976,0.0
10,09,1976,0.0
10,10,1976,0.0
10,11,1976,0.0
10,12,1976,0.0
10,13,1976,2.0
10,14,1976,1.0
10,15,1976,0.0
10,16,1976,0.0
10,17,1976,0.0
10,18,1976,0.0
10,19,1976,0.0
10,20,1976,0.0
10,21,1976,7.0
10,22,1976,0.0
10,23,1976,0.0
10,24,1976,0.0
10,25,1976,0.0
10,26,1976,1.0
10,27,1976,4.0
10,28,1976,0.0
10,29,1976,0.0
10,30,1976,0.0
10,31,1976,0.0
11,01,1976,0.0
11,02,1976,0.0
11,03,1976,0.0
11,04,1976,0.0
11,05,1976,0.0
11,06,1976,0.0
11,07,1976,0.0
11,08,1976,0.0
11,09,1976,0.0
11,10,1976,0.0
11,11,1976,0.0
11,12,1976,7.0
11,13,1976,20.0
11,14,1976,3.0
11,15,1976,0.0
11,16,1976,0.0
11,17,1976,0.0
11,18,1976,0.0
11,19,1976,0.0
11,20,1976,0.0
11,21,1976,0.0
11,22,1976,0.0
11,23,1976,0.0
11,24,1976,0.0
11,25,1976,0.0
11,26,1976,0.0
11,27,1976,1.0
11,28,1976,0.0
11,29,1976,0.0
11,30,1976,0.0
12,01,1976,0.0
12,02,1976,0.0
12,03,1976,0.0
12,04,1976,0.0
12,05,1976,0.0
12,06,1976,0.0
12,07,1976,0.0
12,08,1976,0.0
12,09,1976,0.0
12,10,1976,0.0
12,11,1976,0.0
12,12,1976,0.0
12,13,1976,0.0
12,14,1976,0.0
12,15,1976,0.0
12,16,1976,0.0
12,17,1976,0.0
12,18,1976,0.0
12,19,1976,1.0
12,20,1976,0.0
12,21,1976,0.0
12,22,1976,0.0
12,23,1976,0.0
12,24,1976,0.0
12,25,1976,0.0
12,26,1976,0.0
12,27,1976,0.0
12,28,1976,3.0
12,29,1976,6.8
12,30,1976,0.0
12,31,1976,0.0
01,01,1977,2.0
01,02,1977,0.0
01,03,1977,0.0
01,04,1977,0.0
01,05,1977,0.0
01,06,1977,0.0
01,07,1977,0.0
01,08,1977,0.0
01,09,1977,0.0
01,10,1977,0.0
01,11,1977,0.0
01,12,1977,0.0
01,13,1977,0.0
01,14,1977,0.0
01,15,1977,0.0
01,16,1977,0.0
01,17,1977,0.0
01,18,1977,0.0
01,19,1977,0.0
01,20,1977,12.0
01,21,1977,4.0
01,22,1977,6.0
01,23,1977,0.0
01,24,1977,0.0
01,25,1977,0.0
01,26,1977,0.0
01,27,1977,0.0
01,28,1977,0.0
01,29,1977,6.0
01,30,1977,1.0
01,31,1977,0.0
02,01,1977,0.0
02,02,1977,0.0
02,03,1977,0.0
02,04,1977,0.0
02,05,1977,0.0
02,06,1977,0.0
02,07,1977,0.0
02,08,1977,0.0
02,09,1977,0.0
02,10,1977,0.0
02,11,1977,0.0
02,12,1977,0.0
02,13,1977,0.0
02,14,1977,0.0
02,15,1977,0.0
02,16,1977,0.0
02,17,1977,0.0
02,18,1977,0.0
02,19,1977,0.0
02,20,1977,0.0
02,21,1977,0.0
02,22,1977,0.0
02,23,1977,0.0
02,24,1977,0.0
02,25,1977,0.0
02,26,1977,0.0
02,27,1977,0.0
02,28,1977,0.0
03,01,1977,0.0
03,02,1977,0.0
03,03,1977,0.0
03,04,1977,0.0
03,05,1977,0.0
03,06,1977,0.0
03,07,1977,0.0
03,08,1977,0.0
03,09,1977,0.0
03,10,1977,0.0
03,11,1977,0.0
03,12,1977,0.0
03,13,1977,0.0
03,14,1977,0.0
03,15,1977,0.0
03,16,1977,0.0
03,17,1977,0.0
03,18,1977,0.0
03,19,1977,0.0
03,20,1977,0.0
03,21,1977,0.0
03,22,1977,0.0
03,23,1977,0.0
03,24,1977,0.0
03,25,1977,1.0
03,26,1977,5.0
03,27,1977,2.0
03,28,1977,0.0
03,29,1977,0.0
03,30,1977,0.0
03,31,1977,0.0
04,01,1977,0.0
04,02,1977,2.0
04,03,1977,0.0
04,04,1977,0.0
04,05,1977,0.0
04,06,1977,0.0
04,07,1977,0.0
04,08,1977,0.0
04,09,1977,0.0
04,10,1977,0.0
04,11,1977,0.0
04,12,1977,0.0
04,13,1977,0.0
04,14,1977,1.0
04,15,1977,0.0
04,16,1977,0.0
04,17,1977,0.0
04,18,1977,0.0
04,19,1977,0.0
04,20,1977,0.0
04,21,1977,0.0
04,22,1977,0.0
04,23,1977,0.0
04,24,1977,0.0
04,25,1977,0.0
04,26,1977,0.0
04,27,1977,0.0
04,28,1977,0.0
04,29,1977,0.0
04,30,1977,0.0
05,01,1977,0.0
05,02,1977,0.0
05,03,1977,0.0
05,04,1977,0.0
05,05,1977,0.0
05,06,1977,0.0
05,07,1977,0.0
05,08,1977,0.0
05,09,1977,0.0
05,10,1977,0.0
05,11,1977,0.0
05,12,1977,0.0
05,13,1977,0.0
05,14,1977,0.0
05,15,1977,0.0
05,16,1977,0.0
05,17,1977,0.0
05,18,1977,0.0
05,19,1977,0.0
05,20,1977,0.0
05,21,1977,0.0
05,22,1977,0.0
05,23,1977,0.0
05,24,1977,0.0
05,25,1977,0.0
05,26,1977,0.0
05,27,1977,0.0
05,28,1977,0.0
05,29,1977,0.0
05,30,1977,0.0
05,31,1977,0.0
06,01,1977,0.0
06,02,1977,0.0
06,03,1977,0.0
06,04,1977,0.0
06,05,1977,0.0
06,06,1977,0.0
06,07,1977,0.0
06,08,1977,0.0
06,09,1977,0.0
06,10,1977,0.0
06,11,1977,0.0
06,12,1977,0.0
06,13,1977,0.0
06,14,1977,0.0
06,15,1977,0.0
06,16,1977,0.0
06,17,1977,0.0
06,18,1977,0.0
06,19,1977,0.0
06,20,1977,0.0
06,21,1977,2.0
06,22,1977,14.0
06,23,1977,0.0
06,24,1977,0.0
06,25,1977,0.0
06,26,1977,0.0
06,27,1977,0.0
06,28,1977,0.0
06,29,1977,0.0
06,30,1977,0.0
07,01,1977,8.0
07,02,1977,2.0
07,03,1977,18.0
07,04,1977,2.0
07,05,1977,0.0
07,06,1977,0.0
07,07,1977,0.0
07,08,1977,2.0
07,09,1977,0.0
07,10,1977,3.0
07,11,1977,1.0
07,12,1977,2.0
07,13,1977,0.0
07,14,1977,12.0
07,15,1977,0.0
07,16,1977,0.0
07,17,1977,1.0
07,18,1977,0.0
07,19,1977,1.0
07,20,1977,1.0
07,21,1977,10.0
07,22,1977,10.0
07,23,1977,6.0
07,24,1977,0.0
07,25,1977,9.0
07,26,1977,0.0
07,27,1977,0.0
07,28,1977,0.0
07,29,1977,1.0
07,30,1977,2.0
07,31,1977,0.0
08,01,1977,1.0
08,02,1977,0.0
08,03,1977,0.0
08,04,1977,0.0
08,05,1977,3.0
08,06,1977,0.0
08,07,1977,0.0
08,08,1977,3.0
08,09,1977,3.0
08,10,1977,0.0
08,11,1977,20.0
08,12,1977,0.0
08,13,1977,4.0
08,14,1977,7.0
08,15,1977,20.0
08,16,1977,0.0
08,17,1977,0.0
08,18,1977,15.0
08,19,1977,0.0
08,20,1977,26.0
08,21,1977,0.0
08,22,1977,0.0
08,23,1977,2.0
08,24,1977,0.0
08,25,1977,0.0
08,26,1977,0.0
08,27,1977,0.0
08,28,1977,0.0
08,29,1977,0.0
08,30,1977,0.0
08,31,1977,3.0
09,01,1977,1.0
09,02,1977,5.0
09,03,1977,0.0
09,04,1977,6.0
09,05,1977,5.0
09,06,1977,0.0
09,07,1977,0.0
09,08,1977,0.0
09,09,1977,0.0
09,10,1977,0.0
09,11,1977,7.0
09,12,1977,0.0
09,13,1977,0.0
09,14,1977,0.0
09,15,1977,0.0
09,16,1977,0.0
09,17,1977,0.0
09,18,1977,0.0
09,19,1977,0.0
09,20,1977,0.0
09,21,1977,0.0
09,22,1977,0.0
09,23,1977,0.0
09,24,1977,0.0
09,25,1977,0.0
09,26,1977,8.0
09,27,1977,0.0
09,28,1977,0.0
09,29,1977,0.0
09,30,1977,0.0
10,01,1977,0.0
10,02,1977,0.0
10,03,1977,0.0
10,04,1977,2.0
10,05,1977,0.0
10,06,1977,17.0
10,07,1977,64.0
10,08,1977,40.0
10,09,1977,25.0
10,10,1977,0.0
10,11,1977,0.0
10,12,1977,0.0
10,13,1977,0.0
10,14,1977,0.0
10,15,1977,0.0
10,16,1977,0.0
10,17,1977,0.0
10,18,1977,0.0
10,19,1977,0.0
10,20,1977,0.0
10,21,1977,0.0
10,22,1977,0.0
10,23,1977,0.0
10,24,1977,0.0
10,25,1977,0.0
10,26,1977,0.0
10,27,1977,0.0
10,28,1977,0.0
10,29,1977,3.0
10,30,1977,0.0
10,31,1977,0.0
11,01,1977,0.0
11,02,1977,0.0
11,03,1977,0.0
11,04,1977,0.0
11,05,1977,0.0
11,06,1977,1.0
11,07,1977,4.0
11,08,1977,0.0
11,09,1977,0.0
11,10,1977,0.0
11,11,1977,0.0
11,12,1977,0.0
11,13,1977,0.0
11,14,1977,0.0
11,15,1977,0.0
11,16,1977,0.0
11,17,1977,0.0
11,18,1977,0.0
11,19,1977,0.0
11,20,1977,0.0
11,21,1977,0.0
11,22,1977,0.0
11,23,1977,0.0
11,24,1977,0.0
11,25,1977,0.0
11,26,1977,0.0
11,27,1977,0.0
11,28,1977,0.0
11,29,1977,0.0
11,30,1977,0.0
12,01,1977,0.0
12,02,1977,0.0
12,03,1977,0.0
12,04,1977,0.0
12,05,1977,0.0
12,06,1977,0.0
12,07,1977,0.0
12,08,1977,0.0
12,09,1977,0.0
12,10,1977,0.0
12,11,1977,0.0
12,12,1977,0.0
12,13,1977,0.0
12,14,1977,0.0
12,15,1977,0.0
12,16,1977,0.0
12,17,1977,0.0
12,18,1977,0.0
12,19,1977,0.0
12,20,1977,0.0
12,21,1977,0.0
12,22,1977,0.0
12,23,1977,4.0
12,24,1977,0.0
12,25,1977,4.0
12,26,1977,4.0
12,27,1977,5.0
12,28,1977,5.0
12,29,1977,1.0
12,30,1977,0.0
12,31,1977,0.0
01,01,1978,0.0
01,02,1978,0.0
01,03,1978,0.0
01,04,1978,0.0
01,05,1978,0.0
01,06,1978,0.0
01,07,1978,0.0
01,08,1978,0.0
01,09,1978,0.0
01,10,1978,7.5
01,11,1978,0.0
01,12,1978,0.0
01,13,1978,0.0
01,14,1978,1.0
01,15,1978,9.0
01,16,1978,0.0
01,17,1978,6.0
01,18,1978,0.0
01,19,1978,5.0
01,20,1978,3.0
01,21,1978,0.0
01,22,1978,0.0
01,23,1978,6.0
01,24,1978,0.0
01,25,1978,0.0
01,26,1978,0.0
01,27,1978,0.0
01,28,1978,0.0
01,29,1978,0.0
01,30,1978,0.0
01,31,1978,0.0
02,01,1978,0.0
02,02,1978,0.0
02,03,1978,0.0
02,04,1978,0.0
02,05,1978,4.0
02,06,1978,11.0
02,07,1978,0.0
02,08,1978,0.0
02,09,1978,0.0
02,10,1978,15.0
02,11,1978,0.0
02,12,1978,0.0
02,13,1978,3.0
02,14,1978,0.0
02,15,1978,0.0
02,16,1978,0.0
02,17,1978,0.0
02,18,1978,0.0
02,19,1978,0.0
02,20,1978,0.0
02,21,1978,0.0
02,22,1978,0.0
02,23,1978,0.0
02,24,1978,0.0
02,25,1978,0.0
02,26,1978,2.0
02,27,1978,2.0
02,28,1978,5.0
03,01,1978,8.0
03,02,1978,0.0
03,03,1978,0.0
03,04,1978,0.0
03,05,1978,6.0
03,06,1978,0.0
03,07,1978,0.0
03,08,1978,0.0
03,09,1978,0.0
03,10,1978,0.0
03,11,1978,0.0
03,12,1978,15.0
03,13,1978,0.0
03,14,1978,0.0
03,15,1978,0.0
03,16,1978,0.0
03,17,1978,0.0
03,18,1978,0.0
03,19,1978,0.0
03,20,1978,0.0
03,21,1978,0.0
03,22,1978,0.0
03,23,1978,0.0
03,24,1978,0.0
03,25,1978,0.0
03,26,1978,0.0
03,27,1978,0.0
03,28,1978,0.0
03,29,1978,0.0
03,30,1978,0.0
03,31,1978,0.0
04,01,1978,0.0
04,02,1978,0.0
04,03,1978,0.0
04,04,1978,0.0
04,05,1978,0.0
04,06,1978,0.0
04,07,1978,0.0
04,08,1978,0.0
04,09,1978,0.0
04,10,1978,0.0
04,11,1978,0.0
04,12,1978,0.0
04,13,1978,0.0
04,14,1978,0.0
04,15,1978,0.0
04,16,1978,0.0
04,17,1978,0.0
04,18,1978,0.0
04,19,1978,0.0
04,20,1978,0.0
04,21,1978,0.0
04,22,1978,0.0
04,23,1978,0.0
04,24,1978,0.0
04,25,1978,0.0
04,26,1978,0.0
04,27,1978,0.0
04,28,1978,0.0
04,29,1978,0.0
04,30,1978,0.0
05,01,1978,4.0
05,02,1978,4.0
05,03,1978,0.0
05,04,1978,0.0
05,05,1978,0.0
05,06,1978,2.0
05,07,1978,0.0
05,08,1978,0.0
05,09,1978,0.0
05,10,1978,0.0
05,11,1978,0.0
05,12,1978,0.0
05,13,1978,0.0
05,14,1978,0.0
05,15,1978,0.0
05,16,1978,0.0
05,17,1978,0.0
05,18,1978,0.0
05,19,1978,0.0
05,20,1978,0.0
05,21,1978,0.0
05,22,1978,0.0
05,23,1978,0.0
05,24,1978,0.0
05,25,1978,0.0
05,26,1978,0.0
05,27,1978,0.0
05,28,1978,0.0
05,29,1978,0.0
05,30,1978,0.0
05,31,1978,0.0
06,01,1978,0.0
06,02,1978,0.0
06,03,1978,0.0
06,04,1978,0.0
06,05,1978,0.0
06,06,1978,0.0
06,07,1978,0.0
06,08,1978,0.0
06,09,1978,0.0
06,10,1978,0.0
06,11,1978,0.0
06,12,1978,0.0
06,13,1978,0.0
06,14,1978,0.0
06,15,1978,0.0
06,16,1978,0.0
06,17,1978,0.0
06,18,1978,0.0
06,19,1978,0.0
06,20,1978,0.0
06,21,1978,0.0
06,22,1978,0.0
06,23,1978,0.0
06,24,1978,0.0
06,25,1978,0.0
06,26,1978,2.0
06,27,1978,1.0
06,28,1978,0.0
06,29,1978,0.0
06,30,1978,0.0
07,01,1978,0.0
07,02,1978,0.0
07,03,1978,0.0
07,04,1978,0.0
07,05,1978,0.0
07,06,1978,0.0
07,07,1978,0.0
07,08,1978,0.0
07,09,1978,0.0
07,10,1978,7.0
07,11,1978,5.0
07,12,1978,0.0
07,13,1978,6.0
07,14,1978,0.0
07,15,1978,3.0
07,16,1978,2.0
07,17,1978,0.0
07,18,1978,0.0
07,19,1978,0.0
07,20,1978,3.0
07,21,1978,14.0
07,22,1978,8.0
07,23,1978,0.0
07,24,1978,0.0
07,25,1978,0.0
07,26,1978,12.0
07,27,1978,0.0
07,28,1978,0.0
07,29,1978,1.0
07,30,1978,1.0
07,31,1978,0.0
08,01,1978,1.0
08,02,1978,4.0
08,03,1978,5.0
08,04,1978,0.0
08,05,1978,0.0
08,06,1978,0.0
08,07,1978,0.0
08,08,1978,0.0
08,09,1978,0.0
08,10,1978,0.0
08,11,1978,0.0
08,12,1978,0.0
08,13,1978,0.0
08,14,1978,0.0
08,15,1978,0.0
08,16,1978,0.0
08,17,1978,0.0
08,18,1978,0.0
08,19,1978,0.0
08,20,1978,0.0
08,21,1978,1.0
08,22,1978,0.0
08,23,1978,20.0
08,24,1978,0.0
08,25,1978,2.0
08,26,1978,0.0
08,27,1978,0.0
08,28,1978,4.0
08,29,1978,0.0
08,30,1978,0.0
08,31,1978,0.0
09,01,1978,0.0
09,02,1978,0.0
09,03,1978,0.0
09,04,1978,0.0
09,05,1978,0.0
09,06,1978,0.0
09,07,1978,0.0
09,08,1978,0.0
09,09,1978,0.0
09,10,1978,0.0
09,11,1978,0.0
09,12,1978,0.0
09,13,1978,1.0
09,14,1978,0.0
09,15,1978,0.0
09,16,1978,0.0
09,17,1978,0.0
09,18,1978,0.0
09,19,1978,0.0
09,20,1978,0.0
09,21,1978,2.0
09,22,1978,0.0
09,23,1978,0.0
09,24,1978,0.0
09,25,1978,0.0
09,26,1978,0.0
09,27,1978,0.0
09,28,1978,0.0
09,29,1978,0.0
09,30,1978,0.0
10,01,1978,0.0
10,02,1978,0.0
10,03,1978,0.0
10,04,1978,1.0
10,05,1978,0.0
10,06,1978,0.0
10,07,1978,0.0
10,08,1978,0.0
10,09,1978,0.0
10,10,1978,0.0
10,11,1978,0.0
10,12,1978,0.0
10,13,1978,0.0
10,14,1978,0.0
10,15,1978,0.0
10,16,1978,0.0
10,17,1978,0.0
10,18,1978,0.0
10,19,1978,0.0
10,20,1978,13.0
10,21,1978,12.0
10,22,1978,0.0
10,23,1978,22.0
10,24,1978,0.0
10,25,1978,0.0
10,26,1978,0.0
10,27,1978,0.0
10,28,1978,0.0
10,29,1978,0.0
10,30,1978,0.0
10,31,1978,0.0
11,01,1978,0.0
11,02,1978,0.0
11,03,1978,0.0
11,04,1978,0.0
11,05,1978,0.0
11,06,1978,0.0
11,07,1978,0.0
11,08,1978,0.0
11,09,1978,0.0
11,10,1978,1.0
11,11,1978,0.0
11,12,1978,0.0
11,13,1978,0.0
11,14,1978,0.0
11,15,1978,3.0
11,16,1978,0.0
11,17,1978,0.0
11,18,1978,0.0
11,19,1978,0.0
11,20,1978,0.0
11,21,1978,0.0
11,22,1978,8.0
11,23,1978,36.0
11,24,1978,21.0
11,25,1978,0.0
11,26,1978,0.0
11,27,1978,0.0
11,28,1978,0.0
11,29,1978,0.0
11,30,1978,0.0
12,01,1978,0.0
12,02,1978,1.0
12,03,1978,0.0
12,04,1978,0.0
12,05,1978,0.0
12,06,1978,8.0
12,07,1978,30.0
12,08,1978,16.0
12,09,1978,6.0
12,10,1978,0.0
12,11,1978,5.0
12,12,1978,0.0
12,13,1978,0.0
12,14,1978,0.0
12,15,1978,0.0
12,16,1978,1.0
12,17,1978,18.0
12,18,1978,40.0
12,19,1978,0.0
12,20,1978,0.0
12,21,1978,0.0
12,22,1978,0.0
12,23,1978,0.0
12,24,1978,0.0
12,25,1978,0.0
12,26,1978,0.0
12,27,1978,0.0
12,28,1978,0.0
12,29,1978,12.0
12,30,1978,10.0
12,31,1978,0.0
01,01,1979,0.0
01,02,1979,0.0
01,03,1979,0.0
01,04,1979,0.0
01,05,1979,8.0
01,06,1979,0.0
01,07,1979,0.0
01,08,1979,0.0
01,09,1979,1.0
01,10,1979,0.0
01,11,1979,0.0
01,12,1979,0.0
01,13,1979,0.0
01,14,1979,0.0
01,15,1979,0.0
01,16,1979,5.0
01,17,1979,52.0
01,18,1979,0.0
01,19,1979,0.0
01,20,1979,0.0
01,21,1979,0.0
01,22,1979,0.0
01,23,1979,0.0
01,24,1979,16.0
01,25,1979,1.0
01,26,1979,0.0
01,27,1979,0.0
01,28,1979,0.0
01,29,1979,0.0
01,30,1979,0.0
01,31,1979,0.0
02,01,1979,1.0
02,02,1979,0.0
02,03,1979,0.0
02,04,1979,9.0
02,05,1979,0.0
02,06,1979,0.0
02,07,1979,0.0
02,08,1979,0.0
02,09,1979,0.0
02,10,1979,0.0
02,11,1979,0.0
02,12,1979,0.0
02,13,1979,0.0
02,14,1979,0.0
02,15,1979,0.0
02,16,1979,0.0
02,17,1979,0.0
02,18,1979,0.0
02,19,1979,0.0
02,20,1979,0.0
02,21,1979,0.0
02,22,1979,0.0
02,23,1979,0.0
02,24,1979,0.0
02,25,1979,0.0
02,26,1979,0.0
02,27,1979,0.0
02,28,1979,0.0
03,01,1979,8.0
03,02,1979,0.0
03,03,1979,0.0
03,04,1979,0.0
03,05,1979,0.0
03,06,1979,0.0
03,07,1979,0.0
03,08,1979,0.0
03,09,1979,0.0
03,10,1979,0.0
03,11,1979,0.0
03,12,1979,0.0
03,13,1979,0.0
03,14,1979,0.0
03,15,1979,0.0
03,16,1979,0.0
03,17,1979,0.0
03,18,1979,0.0
03,19,1979,0.0
03,20,1979,11.0
03,21,1979,0.0
03,22,1979,0.0
03,23,1979,0.0
03,24,1979,0.0
03,25,1979,0.0
03,26,1979,0.0
03,27,1979,0.0
03,28,1979,0.0
03,29,1979,0.0
03,30,1979,0.0
03,31,1979,0.0
04,01,1979,null
04,02,1979,null
04,03,1979,null
04,04,1979,null
04,05,1979,null
04,06,1979,null
04,07,1979,null
04,08,1979,null
04,09,1979,null
04,10,1979,null
04,11,1979,null
04,12,1979,null
04,13,1979,null
04,14,1979,null
04,15,1979,null
04,16,1979,0.0
04,17,1979,0.0
04,18,1979,0.0
04,19,1979,0.0
04,20,1979,0.0
04,21,1979,0.0
04,22,1979,0.0
04,23,1979,0.0
04,24,1979,0.0
04,25,1979,0.0
04,26,1979,0.0
04,27,1979,0.0
04,28,1979,0.0
04,29,1979,0.0
04,30,1979,0.0
05,01,1979,null
05,02,1979,null
05,03,1979,null
05,04,1979,0.0
05,05,1979,0.0
05,06,1979,0.0
05,07,1979,0.0
05,08,1979,0.0
05,09,1979,0.0
05,10,1979,0.0
05,11,1979,0.0
05,12,1979,0.0
05,13,1979,0.0
05,14,1979,0.0
05,15,1979,0.0
05,16,1979,0.0
05,17,1979,0.0
05,18,1979,8.0
05,19,1979,2.0
05,20,1979,1.0
05,21,1979,0.0
05,22,1979,0.0
05,23,1979,0.0
05,24,1979,1.0
05,25,1979,0.0
05,26,1979,2.0
05,27,1979,0.0
05,28,1979,0.0
05,29,1979,0.0
05,30,1979,0.0
05,31,1979,0.0
06,01,1979,0.0
06,02,1979,0.0
06,03,1979,11.0
06,04,1979,0.0
06,05,1979,14.0
06,06,1979,0.0
06,07,1979,0.0
06,08,1979,0.0
06,09,1979,0.0
06,10,1979,0.0
06,11,1979,0.0
06,12,1979,0.0
06,13,1979,0.0
06,14,1979,0.0
06,15,1979,0.0
06,16,1979,0.0
06,17,1979,0.0
06,18,1979,0.0
06,19,1979,0.0
06,20,1979,0.0
06,21,1979,0.0
06,22,1979,0.0
06,23,1979,0.0
06,24,1979,0.0
06,25,1979,0.0
06,26,1979,0.0
06,27,1979,0.0
06,28,1979,0.0
06,29,1979,0.0
06,30,1979,0.0
07,01,1979,2.0
07,02,1979,0.0
07,03,1979,0.0
07,04,1979,0.0
07,05,1979,0.0
07,06,1979,0.0
07,07,1979,0.0
07,08,1979,0.0
07,09,1979,0.0
07,10,1979,0.0
07,11,1979,0.0
07,12,1979,0.0
07,13,1979,0.0
07,14,1979,1.5
07,15,1979,0.0
07,16,1979,0.0
07,17,1979,3.0
07,18,1979,15.0
07,19,1979,9.0
07,20,1979,0.0
07,21,1979,1.0
07,22,1979,0.0
07,23,1979,0.0
07,24,1979,0.0
07,25,1979,0.0
07,26,1979,6.0
07,27,1979,2.0
07,28,1979,0.0
07,29,1979,0.0
07,30,1979,0.0
07,31,1979,13.0
08,01,1979,0.0
08,02,1979,0.0
08,03,1979,2.0
08,04,1979,2.0
08,05,1979,2.0
08,06,1979,0.0
08,07,1979,3.0
08,08,1979,4.0
08,09,1979,0.0
08,10,1979,0.0
08,11,1979,1.0
08,12,1979,2.0
08,13,1979,0.0
08,14,1979,0.0
08,15,1979,6.0
08,16,1979,0.0
08,17,1979,0.0
08,18,1979,5.0
08,19,1979,0.0
08,20,1979,0.0
08,21,1979,0.0
08,22,1979,0.0
08,23,1979,0.0
08,24,1979,0.0
08,25,1979,0.0
08,26,1979,0.0
08,27,1979,0.0
08,28,1979,0.0
08,29,1979,0.0
08,30,1979,0.0
08,31,1979,0.0
09,01,1979,0.0
09,02,1979,0.0
09,03,1979,0.0
09,04,1979,0.0
09,05,1979,0.0
09,06,1979,0.0
09,07,1979,0.0
09,08,1979,0.0
09,09,1979,0.0
09,10,1979,0.0
09,11,1979,0.0
09,12,1979,0.0
09,13,1979,0.0
09,14,1979,0.0
09,15,1979,4.0
09,16,1979,0.0
09,17,1979,0.0
09,18,1979,0.0
09,19,1979,0.0
09,20,1979,0.0
09,21,1979,0.0
09,22,1979,0.0
09,23,1979,0.0
09,24,1979,0.0
09,25,1979,0.0
09,26,1979,0.0
09,27,1979,0.0
09,28,1979,0.0
09,29,1979,0.0
09,30,1979,0.0
10,01,1979,0.0
10,02,1979,0.0
10,03,1979,0.0
10,04,1979,0.0
10,05,1979,0.0
10,06,1979,0.0
10,07,1979,0.0
10,08,1979,0.0
10,09,1979,0.0
10,10,1979,0.0
10,11,1979,0.0
10,12,1979,0.0
10,13,1979,0.0
10,14,1979,0.0
10,15,1979,0.0
10,16,1979,0.0
10,17,1979,0.0
10,18,1979,0.0
10,19,1979,0.0
10,20,1979,0.0
10,21,1979,0.0
10,22,1979,0.0
10,23,1979,0.0
10,24,1979,0.0
10,25,1979,0.0
10,26,1979,0.0
10,27,1979,0.0
10,28,1979,0.0
10,29,1979,0.0
10,30,1979,0.0
10,31,1979,0.0
11,01,1979,0.0
11,02,1979,0.0
11,03,1979,0.0
11,04,1979,0.0
11,05,1979,0.0
11,06,1979,0.0
11,07,1979,0.0
11,08,1979,12.0
11,09,1979,0.0
11,10,1979,0.0
11,11,1979,0.0
11,12,1979,0.0
11,13,1979,0.0
11,14,1979,0.0
11,15,1979,0.0
11,16,1979,0.0
11,17,1979,0.0
11,18,1979,0.0
11,19,1979,0.0
11,20,1979,0.0
11,21,1979,0.0
11,22,1979,0.0
11,23,1979,0.0
11,24,1979,0.0
11,25,1979,0.0
11,26,1979,0.0
11,27,1979,0.0
11,28,1979,0.0
11,29,1979,0.0
11,30,1979,0.0
12,01,1979,0.0
12,02,1979,0.0
12,03,1979,0.0
12,04,1979,0.0
12,05,1979,0.0
12,06,1979,0.0
12,07,1979,0.0
12,08,1979,0.0
12,09,1979,0.0
12,10,1979,0.0
12,11,1979,0.0
12,12,1979,2.0
12,13,1979,0.0
12,14,1979,0.0
12,15,1979,0.0
12,16,1979,0.0
12,17,1979,0.0
12,18,1979,0.0
12,19,1979,0.0
12,20,1979,0.0
12,21,1979,0.0
12,22,1979,0.0
12,23,1979,0.0
12,24,1979,0.0
12,25,1979,2.0
12,26,1979,0.0
12,27,1979,0.0
12,28,1979,0.0
12,29,1979,0.0
12,30,1979,0.0
12,31,1979,0.0
01,01,1980,0.0
01,02,1980,0.0
01,03,1980,0.0
01,04,1980,0.0
01,05,1980,0.0
01,06,1980,0.0
01,07,1980,0.0
01,08,1980,0.0
01,09,1980,0.0
01,10,1980,0.0
01,11,1980,0.0
01,12,1980,0.0
01,13,1980,0.0
01,14,1980,3.0
01,15,1980,0.0
01,16,1980,0.0
01,17,1980,0.0
01,18,1980,0.0
01,19,1980,0.0
01,20,1980,3.0
01,21,1980,0.0
01,22,1980,0.0
01,23,1980,0.0
01,24,1980,0.0
01,25,1980,0.0
01,26,1980,0.0
01,27,1980,0.0
01,28,1980,0.0
01,29,1980,0.0
01,30,1980,9.0
01,31,1980,2.0
02,01,1980,0.0
02,02,1980,0.0
02,03,1980,0.0
02,04,1980,0.0
02,05,1980,0.0
02,06,1980,0.0
02,07,1980,1.0
02,08,1980,5.0
02,09,1980,0.0
02,10,1980,0.0
02,11,1980,0.0
02,12,1980,0.0
02,13,1980,15.0
02,14,1980,4.0
02,15,1980,2.0
02,16,1980,2.0
02,17,1980,0.0
02,18,1980,0.0
02,19,1980,1.0
02,20,1980,0.0
02,21,1980,0.0
02,22,1980,0.0
02,23,1980,0.0
02,24,1980,0.0
02,25,1980,0.0
02,26,1980,0.0
02,27,1980,0.0
02,28,1980,0.0
02,29,1980,0.0
03,01,1980,0.0
03,02,1980,0.0
03,03,1980,0.0
03,04,1980,0.0
03,05,1980,0.0
03,06,1980,0.0
03,07,1980,0.0
03,08,1980,0.0
03,09,1980,0.0
03,10,1980,6.0
03,11,1980,0.0
03,12,1980,0.0
03,13,1980,0.0
03,14,1980,0.0
03,15,1980,0.0
03,16,1980,0.0
03,17,1980,0.0
03,18,1980,0.0
03,19,1980,0.0
03,20,1980,0.0
03,21,1980,0.0
03,22,1980,0.0
03,23,1980,0.0
03,24,1980,0.0
03,25,1980,0.0
03,26,1980,2.0
03,27,1980,0.0
03,28,1980,0.0
03,29,1980,0.0
03,30,1980,0.0
03,31,1980,0.0
04,01,1980,0.0
04,02,1980,0.0
04,03,1980,0.0
04,04,1980,0.0
04,05,1980,0.0
04,06,1980,0.0
04,07,1980,0.0
04,08,1980,0.0
04,09,1980,0.0
04,10,1980,0.0
04,11,1980,0.0
04,12,1980,0.0
04,13,1980,0.0
04,14,1980,0.0
04,15,1980,0.0
04,16,1980,0.0
04,17,1980,0.0
04,18,1980,0.0
04,19,1980,1.0
04,20,1980,0.0
04,21,1980,0.0
04,22,1980,0.0
04,23,1980,1.0
04,24,1980,0.0
04,25,1980,0.0
04,26,1980,0.0
04,27,1980,0.0
04,28,1980,0.0
04,29,1980,0.0
04,30,1980,0.0
05,01,1980,0.0
05,02,1980,0.0
05,03,1980,0.0
05,04,1980,0.0
05,05,1980,0.0
05,06,1980,0.0
05,07,1980,0.0
05,08,1980,0.0
05,09,1980,0.0
05,10,1980,0.0
05,11,1980,0.0
05,12,1980,0.0
05,13,1980,0.0
05,14,1980,0.0
05,15,1980,0.0
05,16,1980,0.0
05,17,1980,0.0
05,18,1980,0.0
05,19,1980,0.0
05,20,1980,0.0
05,21,1980,0.0
05,22,1980,0.0
05,23,1980,0.0
05,24,1980,0.0
05,25,1980,0.0
05,26,1980,0.0
05,27,1980,0.0
05,28,1980,0.0
05,29,1980,0.0
05,30,1980,0.0
05,31,1980,0.0
06,01,1980,0.0
06,02,1980,0.0
06,03,1980,0.0
06,04,1980,0.0
06,05,1980,0.0
06,06,1980,0.0
06,07,1980,0.0
06,08,1980,0.0
06,09,1980,0.0
06,10,1980,0.0
06,11,1980,0.0
06,12,1980,0.0
06,13,1980,0.0
06,14,1980,0.0
06,15,1980,0.0
06,16,1980,0.0
06,17,1980,0.0
06,18,1980,0.0
06,19,1980,0.0
06,20,1980,1.0
06,21,1980,0.0
06,22,1980,0.0
06,23,1980,0.0
06,24,1980,0.0
06,25,1980,0.0
06,26,1980,0.0
06,27,1980,0.0
06,28,1980,0.0
06,29,1980,0.0
06,30,1980,3.0
07,01,1980,0.0
07,02,1980,0.0
07,03,1980,0.0
07,04,1980,1.0
07,05,1980,0.0
07,06,1980,0.0
07,07,1980,0.0
07,08,1980,0.0
07,09,1980,0.0
07,10,1980,1.0
07,11,1980,0.0
07,12,1980,6.0
07,13,1980,14.0
07,14,1980,0.0
07,15,1980,0.0
07,16,1980,0.0
07,17,1980,0.0
07,18,1980,0.0
07,19,1980,0.0
07,20,1980,0.0
07,21,1980,0.0
07,22,1980,0.0
07,23,1980,0.0
07,24,1980,0.0
07,25,1980,0.0
07,26,1980,0.0
07,27,1980,0.0
07,28,1980,0.0
07,29,1980,0.0
07,30,1980,0.0
07,31,1980,0.0
08,01,1980,0.0
08,02,1980,6.0
08,03,1980,0.0
08,04,1980,0.0
08,05,1980,11.0
08,06,1980,0.0
08,07,1980,0.0
08,08,1980,7.0
08,09,1980,0.0
08,10,1980,0.0
08,11,1980,0.0
08,12,1980,0.0
08,13,1980,19.0
08,14,1980,0.0
08,15,1980,0.0
08,16,1980,0.0
08,17,1980,0.0
08,18,1980,0.0
08,19,1980,0.0
08,20,1980,0.0
08,21,1980,0.0
08,22,1980,2.0
08,23,1980,3.0
08,24,1980,1.0
08,25,1980,0.0
08,26,1980,0.0
08,27,1980,0.0
08,28,1980,0.0
08,29,1980,0.0
08,30,1980,0.0
08,31,1980,0.0
09,01,1980,0.0
09,02,1980,0.0
09,03,1980,0.0
09,04,1980,0.0
09,05,1980,0.0
09,06,1980,4.0
09,07,1980,0.0
09,08,1980,0.0
09,09,1980,0.0
09,10,1980,0.0
09,11,1980,0.0
09,12,1980,0.0
09,13,1980,0.0
09,14,1980,0.0
09,15,1980,0.0
09,16,1980,0.0
09,17,1980,0.0
09,18,1980,0.0
09,19,1980,0.0
09,20,1980,0.0
09,21,1980,0.0
09,22,1980,0.0
09,23,1980,0.0
09,24,1980,0.0
09,25,1980,0.0
09,26,1980,0.0
09,27,1980,0.0
09,28,1980,0.0
09,29,1980,0.0
09,30,1980,0.0
10,01,1980,0.0
10,02,1980,0.0
10,03,1980,0.0
10,04,1980,0.0
10,05,1980,0.0
10,06,1980,0.0
10,07,1980,0.0
10,08,1980,0.0
10,09,1980,0.0
10,10,1980,0.0
10,11,1980,0.0
10,12,1980,0.0
10,13,1980,0.0
10,14,1980,0.0
10,15,1980,1.0
10,16,1980,0.0
10,17,1980,0.0
10,18,1980,0.0
10,19,1980,0.0
10,20,1980,0.0
10,21,1980,0.0
10,22,1980,0.0
10,23,1980,0.0
10,24,1980,0.0
10,25,1980,0.0
10,26,1980,0.0
10,27,1980,0.0
10,28,1980,0.0
10,29,1980,0.0
10,30,1980,0.0
10,31,1980,0.0
11,01,1980,0.0
11,02,1980,0.0
11,03,1980,0.0
11,04,1980,0.0
11,05,1980,0.0
11,06,1980,0.0
11,07,1980,0.0
11,08,1980,0.0
11,09,1980,0.0
11,10,1980,0.0
11,11,1980,0.0
11,12,1980,0.0
11,13,1980,0.0
11,14,1980,0.0
11,15,1980,0.0
11,16,1980,0.0
11,17,1980,0.0
11,18,1980,0.0
11,19,1980,0.0
11,20,1980,0.0
11,21,1980,0.0
11,22,1980,0.0
11,23,1980,0.0
11,24,1980,0.0
11,25,1980,0.0
11,26,1980,0.0
11,27,1980,0.0
11,28,1980,0.0
11,29,1980,0.0
11,30,1980,0.0
12,01,1980,0.0
12,02,1980,0.0
12,03,1980,0.0
12,04,1980,0.0
12,05,1980,0.0
12,06,1980,0.0
12,07,1980,0.0
12,08,1980,0.0
12,09,1980,0.0
12,10,1980,0.0
12,11,1980,0.0
12,12,1980,0.0
12,13,1980,0.0
12,14,1980,0.0
12,15,1980,0.0
12,16,1980,0.0
12,17,1980,0.0
12,18,1980,0.0
12,19,1980,0.0
12,20,1980,0.0
12,21,1980,0.0
12,22,1980,0.0
12,23,1980,0.0
12,24,1980,0.0
12,25,1980,0.0
12,26,1980,0.0
12,27,1980,0.0
12,28,1980,0.0
12,29,1980,0.0
12,30,1980,0.0
12,31,1980,0.0
01,01,1981,0.0
01,02,1981,0.0
01,03,1981,0.0
01,04,1981,0.0
01,05,1981,0.0
01,06,1981,0.0
01,07,1981,3.0
01,08,1981,0.0
01,09,1981,0.0
01,10,1981,2.0
01,11,1981,0.0
01,12,1981,0.0
01,13,1981,0.0
01,14,1981,0.0
01,15,1981,4.0
01,16,1981,0.0
01,17,1981,0.0
01,18,1981,0.0
01,19,1981,0.0
01,20,1981,0.0
01,21,1981,0.0
01,22,1981,0.0
01,23,1981,0.0
01,24,1981,0.0
01,25,1981,0.0
01,26,1981,0.0
01,27,1981,0.0
01,28,1981,0.0
01,29,1981,0.0
01,30,1981,0.0
01,31,1981,0.0
02,01,1981,0.0
02,02,1981,0.0
02,03,1981,0.0
02,04,1981,0.0
02,05,1981,0.0
02,06,1981,0.0
02,07,1981,0.0
02,08,1981,3.0
02,09,1981,9.0
02,10,1981,0.0
02,11,1981,0.0
02,12,1981,0.0
02,13,1981,0.0
02,14,1981,0.0
02,15,1981,0.0
02,16,1981,0.0
02,17,1981,0.0
02,18,1981,0.0
02,19,1981,0.0
02,20,1981,0.0
02,21,1981,0.0
02,22,1981,0.0
02,23,1981,0.0
02,24,1981,0.0
02,25,1981,0.0
02,26,1981,0.0
02,27,1981,3.0
02,28,1981,0.0
03,01,1981,0.0
03,02,1981,16.0
03,03,1981,3.0
03,04,1981,0.0
03,05,1981,0.0
03,06,1981,6.0
03,07,1981,0.0
03,08,1981,0.0
03,09,1981,0.0
03,10,1981,0.0
03,11,1981,0.0
03,12,1981,0.0
03,13,1981,0.0
03,14,1981,0.0
03,15,1981,0.0
03,16,1981,0.0
03,17,1981,0.0
03,18,1981,0.0
03,19,1981,0.0
03,20,1981,0.0
03,21,1981,0.0
03,22,1981,0.0
03,23,1981,0.0
03,24,1981,0.0
03,25,1981,0.0
03,26,1981,0.0
03,27,1981,0.0
03,28,1981,0.0
03,29,1981,0.0
03,30,1981,0.0
03,31,1981,0.0
04,01,1981,0.0
04,02,1981,0.0
04,03,1981,0.0
04,04,1981,0.0
04,05,1981,0.0
04,06,1981,0.0
04,07,1981,0.0
04,08,1981,0.0
04,09,1981,0.0
04,10,1981,0.0
04,11,1981,0.0
04,12,1981,0.0
04,13,1981,0.0
04,14,1981,0.0
04,15,1981,0.0
04,16,1981,0.0
04,17,1981,0.0
04,18,1981,0.0
04,19,1981,0.0
04,20,1981,0.0
04,21,1981,0.0
04,22,1981,0.0
04,23,1981,0.0
04,24,1981,0.0
04,25,1981,0.0
04,26,1981,0.0
04,27,1981,0.0
04,28,1981,0.0
04,29,1981,0.0
04,30,1981,0.0
05,01,1981,1.0
05,02,1981,0.0
05,03,1981,0.0
05,04,1981,0.0
05,05,1981,0.0
05,06,1981,0.0
05,07,1981,0.0
05,08,1981,0.0
05,09,1981,0.0
05,10,1981,0.0
05,11,1981,0.0
05,12,1981,0.0
05,13,1981,0.0
05,14,1981,0.0
05,15,1981,0.0
05,16,1981,0.0
05,17,1981,0.0
05,18,1981,0.0
05,19,1981,0.0
05,20,1981,0.0
05,21,1981,0.0
05,22,1981,0.0
05,23,1981,0.0
05,24,1981,0.0
05,25,1981,0.0
05,26,1981,0.0
05,27,1981,0.0
05,28,1981,0.0
05,29,1981,0.0
05,30,1981,0.0
05,31,1981,0.0
06,01,1981,0.0
06,02,1981,0.0
06,03,1981,0.0
06,04,1981,0.0
06,05,1981,0.0
06,06,1981,0.0
06,07,1981,0.0
06,08,1981,0.0
06,09,1981,0.0
06,10,1981,0.0
06,11,1981,0.0
06,12,1981,0.0
06,13,1981,0.0
06,14,1981,0.0
06,15,1981,0.0
06,16,1981,0.0
06,17,1981,0.0
06,18,1981,0.0
06,19,1981,0.0
06,20,1981,0.0
06,21,1981,0.0
06,22,1981,18.0
06,23,1981,0.0
06,24,1981,0.0
06,25,1981,5.0
06,26,1981,0.0
06,27,1981,0.0
06,28,1981,0.0
06,29,1981,22.0
06,30,1981,0.0
07,01,1981,0.0
07,02,1981,0.0
07,03,1981,0.0
07,04,1981,0.0
07,05,1981,0.0
07,06,1981,12.0
07,07,1981,0.0
07,08,1981,0.0
07,09,1981,2.0
07,10,1981,0.0
07,11,1981,0.0
07,12,1981,15.0
07,13,1981,0.0
07,14,1981,0.0
07,15,1981,8.0
07,16,1981,4.0
07,17,1981,0.0
07,18,1981,5.0
07,19,1981,7.0
07,20,1981,3.0
07,21,1981,3.0
07,22,1981,0.0
07,23,1981,29.0
07,24,1981,0.0
07,25,1981,1.0
07,26,1981,0.0
07,27,1981,0.0
07,28,1981,2.0
07,29,1981,13.0
07,30,1981,5.0
07,31,1981,0.0
08,01,1981,0.0
08,02,1981,0.0
08,03,1981,0.0
08,04,1981,0.0
08,05,1981,0.0
08,06,1981,0.0
08,07,1981,0.0
08,08,1981,0.0
08,09,1981,0.0
08,10,1981,5.0
08,11,1981,0.0
08,12,1981,0.0
08,13,1981,0.0
08,14,1981,0.0
08,15,1981,0.0
08,16,1981,0.0
08,17,1981,0.0
08,18,1981,0.0
08,19,1981,0.0
08,20,1981,0.0
08,21,1981,0.0
08,22,1981,0.0
08,23,1981,0.0
08,24,1981,0.0
08,25,1981,0.0
08,26,1981,0.0
08,27,1981,0.0
08,28,1981,0.0
08,29,1981,0.0
08,30,1981,0.0
08,31,1981,5.0
09,01,1981,0.0
09,02,1981,0.0
09,03,1981,2.0
09,04,1981,0.0
09,05,1981,0.0
09,06,1981,0.0
09,07,1981,0.0
09,08,1981,0.0
09,09,1981,0.0
09,10,1981,0.0
09,11,1981,0.0
09,12,1981,0.0
09,13,1981,0.0
09,14,1981,0.0
09,15,1981,0.0
09,16,1981,0.0
09,17,1981,0.0
09,18,1981,2.0
09,19,1981,0.0
09,20,1981,0.0
09,21,1981,0.0
09,22,1981,0.0
09,23,1981,0.0
09,24,1981,0.0
09,25,1981,0.0
09,26,1981,0.0
09,27,1981,0.0
09,28,1981,2.0
09,29,1981,0.0
09,30,1981,8.0
10,01,1981,5.0
10,02,1981,0.0
10,03,1981,0.0
10,04,1981,0.0
10,05,1981,0.0
10,06,1981,0.0
10,07,1981,0.0
10,08,1981,0.0
10,09,1981,0.0
10,10,1981,0.0
10,11,1981,0.0
10,12,1981,0.0
10,13,1981,0.0
10,14,1981,0.0
10,15,1981,0.0
10,16,1981,0.0
10,17,1981,0.0
10,18,1981,0.0
10,19,1981,0.0
10,20,1981,9.0
10,21,1981,5.0
10,22,1981,0.0
10,23,1981,0.0
10,24,1981,0.0
10,25,1981,0.0
10,26,1981,0.0
10,27,1981,0.0
10,28,1981,0.0
10,29,1981,0.0
10,30,1981,0.0
10,31,1981,0.0
11,01,1981,0.0
11,02,1981,0.0
11,03,1981,0.0
11,04,1981,0.0
11,05,1981,0.0
11,06,1981,0.0
11,07,1981,0.0
11,08,1981,0.0
11,09,1981,0.0
11,10,1981,0.0
11,11,1981,0.0
11,12,1981,0.0
11,13,1981,0.0
11,14,1981,0.0
11,15,1981,0.0
11,16,1981,0.0
11,17,1981,0.0
11,18,1981,0.0
11,19,1981,0.0
11,20,1981,0.0
11,21,1981,0.0
11,22,1981,0.0
11,23,1981,0.0
11,24,1981,0.0
11,25,1981,0.0
11,26,1981,1.0
11,27,1981,13.0
11,28,1981,0.0
11,29,1981,10.0
11,30,1981,0.0
12,01,1981,0.0
12,02,1981,0.0
12,03,1981,0.0
12,04,1981,0.0
12,05,1981,0.0
12,06,1981,0.0
12,07,1981,0.0
12,08,1981,0.0
12,09,1981,0.0
12,10,1981,0.0
12,11,1981,0.0
12,12,1981,0.0
12,13,1981,0.0
12,14,1981,0.0
12,15,1981,0.0
12,16,1981,0.0
12,17,1981,0.0
12,18,1981,0.0
12,19,1981,0.0
12,20,1981,0.0
12,21,1981,0.0
12,22,1981,0.0
12,23,1981,0.0
12,24,1981,0.0
12,25,1981,0.0
12,26,1981,0.0
12,27,1981,0.0
12,28,1981,0.0
12,29,1981,0.0
12,30,1981,0.0
12,31,1981,0.0
01,01,1982,0.0
01,02,1982,6.0
01,03,1982,0.0
01,04,1982,0.0
01,05,1982,0.0
01,06,1982,0.0
01,07,1982,0.0
01,08,1982,0.0
01,09,1982,0.0
01,10,1982,3.0
01,11,1982,0.0
01,12,1982,8.0
01,13,1982,0.0
01,14,1982,0.0
01,15,1982,0.0
01,16,1982,0.0
01,17,1982,0.0
01,18,1982,0.0
01,19,1982,1.0
01,20,1982,0.0
01,21,1982,2.0
01,22,1982,0.0
01,23,1982,0.0
01,24,1982,0.0
01,25,1982,0.0
01,26,1982,0.0
01,27,1982,0.0
01,28,1982,0.0
01,29,1982,7.0
01,30,1982,0.0
01,31,1982,0.0
02,01,1982,0.0
02,02,1982,0.0
02,03,1982,0.0
02,04,1982,0.0
02,05,1982,0.0
02,06,1982,0.0
02,07,1982,0.0
02,08,1982,0.0
02,09,1982,0.0
02,10,1982,1.0
02,11,1982,0.0
02,12,1982,0.0
02,13,1982,0.0
02,14,1982,0.0
02,15,1982,0.0
02,16,1982,0.0
02,17,1982,0.0
02,18,1982,0.0
02,19,1982,0.0
02,20,1982,0.0
02,21,1982,0.0
02,22,1982,0.0
02,23,1982,0.0
02,24,1982,1.0
02,25,1982,0.0
02,26,1982,0.0
02,27,1982,0.0
02,28,1982,0.0
03,01,1982,0.0
03,02,1982,0.0
03,03,1982,0.0
03,04,1982,0.0
03,05,1982,0.0
03,06,1982,0.0
03,07,1982,0.0
03,08,1982,0.0
03,09,1982,0.0
03,10,1982,0.0
03,11,1982,0.0
03,12,1982,13.0
03,13,1982,1.0
03,14,1982,0.0
03,15,1982,0.0
03,16,1982,0.0
03,17,1982,0.0
03,18,1982,0.0
03,19,1982,0.0
03,20,1982,0.0
03,21,1982,0.0
03,22,1982,0.0
03,23,1982,0.0
03,24,1982,0.0
03,25,1982,0.0
03,26,1982,0.0
03,27,1982,0.0
03,28,1982,0.0
03,29,1982,0.0
03,30,1982,0.0
03,31,1982,0.0
04,01,1982,0.0
04,02,1982,0.0
04,03,1982,0.0
04,04,1982,0.0
04,05,1982,0.0
04,06,1982,0.0
04,07,1982,0.0
04,08,1982,0.0
04,09,1982,0.0
04,10,1982,0.0
04,11,1982,0.0
04,12,1982,0.0
04,13,1982,0.0
04,14,1982,0.0
04,15,1982,0.0
04,16,1982,0.0
04,17,1982,0.0
04,18,1982,0.0
04,19,1982,0.0
04,20,1982,0.0
04,21,1982,0.0
04,22,1982,0.0
04,23,1982,0.0
04,24,1982,0.0
04,25,1982,0.0
04,26,1982,0.0
04,27,1982,0.0
04,28,1982,0.0
04,29,1982,0.0
04,30,1982,0.0
05,01,1982,9.0
05,02,1982,11.0
05,03,1982,5.0
05,04,1982,0.0
05,05,1982,0.0
05,06,1982,0.0
05,07,1982,0.0
05,08,1982,0.0
05,09,1982,0.0
05,10,1982,0.0
05,11,1982,0.0
05,12,1982,0.0
05,13,1982,0.0
05,14,1982,0.0
05,15,1982,0.0
05,16,1982,0.0
05,17,1982,0.0
05,18,1982,0.0
05,19,1982,0.0
05,20,1982,0.0
05,21,1982,0.0
05,22,1982,0.0
05,23,1982,0.0
05,24,1982,0.0
05,25,1982,0.0
05,26,1982,0.0
05,27,1982,7.0
05,28,1982,0.0
05,29,1982,0.0
05,30,1982,0.0
05,31,1982,0.0
06,01,1982,0.0
06,02,1982,0.0
06,03,1982,0.0
06,04,1982,0.0
06,05,1982,0.0
06,06,1982,0.0
06,07,1982,0.0
06,08,1982,0.0
06,09,1982,0.0
06,10,1982,0.0
06,11,1982,0.0
06,12,1982,0.0
06,13,1982,0.0
06,14,1982,0.0
06,15,1982,0.0
06,16,1982,0.0
06,17,1982,0.0
06,18,1982,0.0
06,19,1982,0.0
06,20,1982,0.0
06,21,1982,0.0
06,22,1982,0.0
06,23,1982,0.0
06,24,1982,0.0
06,25,1982,0.0
06,26,1982,0.0
06,27,1982,0.0
06,28,1982,0.0
06,29,1982,0.0
06,30,1982,0.0
07,01,1982,0.0
07,02,1982,0.0
07,03,1982,0.0
07,04,1982,0.0
07,05,1982,0.0
07,06,1982,9.0
07,07,1982,0.0
07,08,1982,0.0
07,09,1982,0.0
07,10,1982,0.0
07,11,1982,0.0
07,12,1982,0.0
07,13,1982,0.0
07,14,1982,0.0
07,15,1982,0.0
07,16,1982,0.0
07,17,1982,3.0
07,18,1982,0.0
07,19,1982,4.0
07,20,1982,1.0
07,21,1982,3.0
07,22,1982,3.0
07,23,1982,2.0
07,24,1982,7.0
07,25,1982,0.0
07,26,1982,0.0
07,27,1982,13.0
07,28,1982,0.0
07,29,1982,17.0
07,30,1982,0.0
07,31,1982,4.0
08,01,1982,0.0
08,02,1982,0.0
08,03,1982,0.0
08,04,1982,0.0
08,05,1982,36.0
08,06,1982,10.0
08,07,1982,0.0
08,08,1982,7.0
08,09,1982,0.0
08,10,1982,0.0
08,11,1982,2.0
08,12,1982,4.0
08,13,1982,14.0
08,14,1982,0.0
08,15,1982,0.0
08,16,1982,3.0
08,17,1982,0.0
08,18,1982,0.0
08,19,1982,0.0
08,20,1982,6.0
08,21,1982,0.0
08,22,1982,0.0
08,23,1982,0.0
08,24,1982,0.0
08,25,1982,0.0
08,26,1982,0.0
08,27,1982,7.0
08,28,1982,0.0
08,29,1982,3.0
08,30,1982,1.0
08,31,1982,0.0
09,01,1982,0.0
09,02,1982,0.0
09,03,1982,0.0
09,04,1982,0.0
09,05,1982,0.0
09,06,1982,0.0
09,07,1982,5.0
09,08,1982,0.0
09,09,1982,15.0
09,10,1982,8.0
09,11,1982,11.0
09,12,1982,0.0
09,13,1982,0.0
09,14,1982,0.0
09,15,1982,0.0
09,16,1982,0.0
09,17,1982,0.0
09,18,1982,0.0
09,19,1982,0.0
09,20,1982,0.0
09,21,1982,0.0
09,22,1982,0.0
09,23,1982,0.0
09,24,1982,0.0
09,25,1982,0.0
09,26,1982,0.0
09,27,1982,0.0
09,28,1982,0.0
09,29,1982,0.0
09,30,1982,0.0
10,01,1982,0.0
10,02,1982,0.0
10,03,1982,0.0
10,04,1982,0.0
10,05,1982,0.0
10,06,1982,0.0
10,07,1982,0.0
10,08,1982,0.0
10,09,1982,0.0
10,10,1982,0.0
10,11,1982,0.0
10,12,1982,0.0
10,13,1982,0.0
10,14,1982,0.0
10,15,1982,0.0
10,16,1982,0.0
10,17,1982,0.0
10,18,1982,0.0
10,19,1982,0.0
10,20,1982,0.0
10,21,1982,0.0
10,22,1982,0.0
10,23,1982,0.0
10,24,1982,0.0
10,25,1982,0.0
10,26,1982,0.0
10,27,1982,0.0
10,28,1982,0.0
10,29,1982,0.0
10,30,1982,0.0
10,31,1982,0.0
11,01,1982,0.0
11,02,1982,0.0
11,03,1982,0.0
11,04,1982,0.0
11,05,1982,0.0
11,06,1982,0.0
11,07,1982,0.0
11,08,1982,23.0
11,09,1982,0.0
11,10,1982,2.0
11,11,1982,0.0
11,12,1982,0.0
11,13,1982,0.0
11,14,1982,0.0
11,15,1982,0.0
11,16,1982,0.0
11,17,1982,0.0
11,18,1982,0.0
11,19,1982,0.0
11,20,1982,0.0
11,21,1982,0.0
11,22,1982,0.0
11,23,1982,0.0
11,24,1982,0.0
11,25,1982,0.0
11,26,1982,2.0
11,27,1982,5.0
11,28,1982,0.0
11,29,1982,0.0
11,30,1982,23.0
12,01,1982,9.0
12,02,1982,5.0
12,03,1982,2.0
12,04,1982,0.0
12,05,1982,2.0
12,06,1982,0.0
12,07,1982,0.0
12,08,1982,14.0
12,09,1982,30.0
12,10,1982,2.0
12,11,1982,0.0
12,12,1982,0.0
12,13,1982,0.0
12,14,1982,0.0
12,15,1982,0.0
12,16,1982,0.0
12,17,1982,0.0
12,18,1982,0.0
12,19,1982,0.0
12,20,1982,0.0
12,21,1982,0.0
12,22,1982,0.0
12,23,1982,14.0
12,24,1982,2.0
12,25,1982,20.0
12,26,1982,0.0
12,27,1982,0.0
12,28,1982,0.0
12,29,1982,0.0
12,30,1982,40.0
12,31,1982,0.0
01,01,1983,0.0
01,02,1983,0.0
01,03,1983,13.0
01,04,1983,0.0
01,05,1983,0.0
01,06,1983,0.0
01,07,1983,0.0
01,08,1983,0.0
01,09,1983,0.0
01,10,1983,0.0
01,11,1983,0.0
01,12,1983,0.0
01,13,1983,0.0
01,14,1983,0.0
01,15,1983,0.0
01,16,1983,0.0
01,17,1983,0.0
01,18,1983,0.0
01,19,1983,3.0
01,20,1983,0.0
01,21,1983,0.0
01,22,1983,0.0
01,23,1983,0.0
01,24,1983,0.0
01,25,1983,0.0
01,26,1983,0.0
01,27,1983,4.0
01,28,1983,0.0
01,29,1983,0.0
01,30,1983,0.0
01,31,1983,1.0
02,01,1983,0.0
02,02,1983,6.0
02,03,1983,16.0
02,04,1983,0.0
02,05,1983,0.0
02,06,1983,0.0
02,07,1983,0.0
02,08,1983,0.0
02,09,1983,0.0
02,10,1983,0.0
02,11,1983,0.0
02,12,1983,0.0
02,13,1983,0.0
02,14,1983,0.0
02,15,1983,0.0
02,16,1983,0.0
02,17,1983,0.0
02,18,1983,0.0
02,19,1983,0.0
02,20,1983,0.0
02,21,1983,0.0
02,22,1983,0.0
02,23,1983,0.0
02,24,1983,0.0
02,25,1983,0.0
02,26,1983,0.0
02,27,1983,0.0
02,28,1983,0.0
03,01,1983,0.0
03,02,1983,6.0
03,03,1983,0.0
03,04,1983,0.0
03,05,1983,0.0
03,06,1983,0.0
03,07,1983,0.0
03,08,1983,0.0
03,09,1983,0.0
03,10,1983,0.0
03,11,1983,0.0
03,12,1983,0.0
03,13,1983,0.0
03,14,1983,0.0
03,15,1983,0.0
03,16,1983,0.0
03,17,1983,0.0
03,18,1983,7.0
03,19,1983,8.0
03,20,1983,0.0
03,21,1983,0.0
03,22,1983,0.0
03,23,1983,0.0
03,24,1983,0.0
03,25,1983,6.0
03,26,1983,0.0
03,27,1983,0.0
03,28,1983,0.0
03,29,1983,0.0
03,30,1983,0.0
03,31,1983,0.0
04,01,1983,0.0
04,02,1983,0.0
04,03,1983,0.0
04,04,1983,0.0
04,05,1983,2.0
04,06,1983,0.0
04,07,1983,0.0
04,08,1983,0.0
04,09,1983,0.0
04,10,1983,0.0
04,11,1983,0.0
04,12,1983,2.0
04,13,1983,0.0
04,14,1983,0.0
04,15,1983,0.0
04,16,1983,0.0
04,17,1983,0.0
04,18,1983,0.0
04,19,1983,0.0
04,20,1983,0.0
04,21,1983,0.0
04,22,1983,0.0
04,23,1983,0.0
04,24,1983,0.0
04,25,1983,0.0
04,26,1983,0.0
04,27,1983,0.0
04,28,1983,0.0
04,29,1983,0.0
04,30,1983,0.0
05,01,1983,0.0
05,02,1983,0.0
05,03,1983,0.0
05,04,1983,0.0
05,05,1983,0.0
05,06,1983,0.0
05,07,1983,0.0
05,08,1983,0.0
05,09,1983,0.0
05,10,1983,0.0
05,11,1983,0.0
05,12,1983,0.0
05,13,1983,0.0
05,14,1983,0.0
05,15,1983,0.0
05,16,1983,0.0
05,17,1983,0.0
05,18,1983,0.0
05,19,1983,0.0
05,20,1983,0.0
05,21,1983,0.0
05,22,1983,0.0
05,23,1983,0.0
05,24,1983,0.0
05,25,1983,0.0
05,26,1983,0.0
05,27,1983,0.0
05,28,1983,0.0
05,29,1983,0.0
05,30,1983,0.0
05,31,1983,0.0
06,01,1983,0.0
06,02,1983,0.0
06,03,1983,0.0
06,04,1983,0.0
06,05,1983,0.0
06,06,1983,0.0
06,07,1983,0.0
06,08,1983,0.0
06,09,1983,0.0
06,10,1983,0.0
06,11,1983,0.0
06,12,1983,0.0
06,13,1983,0.0
06,14,1983,0.0
06,15,1983,0.0
06,16,1983,0.0
06,17,1983,0.0
06,18,1983,0.0
06,19,1983,0.0
06,20,1983,0.0
06,21,1983,0.0
06,22,1983,0.0
06,23,1983,0.0
06,24,1983,0.0
06,25,1983,0.0
06,26,1983,0.0
06,27,1983,0.0
06,28,1983,0.0
06,29,1983,0.0
06,30,1983,0.0
07,01,1983,0.0
07,02,1983,0.0
07,03,1983,0.0
07,04,1983,0.0
07,05,1983,1.0
07,06,1983,2.0
07,07,1983,0.0
07,08,1983,10.0
07,09,1983,0.0
07,10,1983,0.0
07,11,1983,0.0
07,12,1983,0.0
07,13,1983,2.0
07,14,1983,2.0
07,15,1983,0.0
07,16,1983,0.0
07,17,1983,1.0
07,18,1983,0.0
07,19,1983,0.0
07,20,1983,3.0
07,21,1983,0.0
07,22,1983,0.0
07,23,1983,0.0
07,24,1983,0.0
07,25,1983,0.0
07,26,1983,2.0
07,27,1983,0.0
07,28,1983,7.0
07,29,1983,5.0
07,30,1983,0.0
07,31,1983,4.0
08,01,1983,0.0
08,02,1983,0.0
08,03,1983,0.0
08,04,1983,0.0
08,05,1983,0.0
08,06,1983,0.0
08,07,1983,0.0
08,08,1983,0.0
08,09,1983,22.0
08,10,1983,0.0
08,11,1983,0.0
08,12,1983,0.0
08,13,1983,0.0
08,14,1983,0.0
08,15,1983,12.0
08,16,1983,2.0
08,17,1983,0.0
08,18,1983,3.0
08,19,1983,0.0
08,20,1983,0.0
08,21,1983,0.0
08,22,1983,0.0
08,23,1983,0.0
08,24,1983,0.0
08,25,1983,5.0
08,26,1983,6.0
08,27,1983,0.0
08,28,1983,1.0
08,29,1983,9.0
08,30,1983,0.0
08,31,1983,0.0
09,01,1983,1.0
09,02,1983,0.0
09,03,1983,0.0
09,04,1983,4.0
09,05,1983,0.0
09,06,1983,3.0
09,07,1983,0.0
09,08,1983,0.0
09,09,1983,2.0
09,10,1983,21.0
09,11,1983,0.0
09,12,1983,6.0
09,13,1983,0.0
09,14,1983,1.0
09,15,1983,4.0
09,16,1983,1.0
09,17,1983,0.0
09,18,1983,0.0
09,19,1983,0.0
09,20,1983,0.0
09,21,1983,0.0
09,22,1983,3.8
09,23,1983,9.1
09,24,1983,18.0
09,25,1983,0.0
09,26,1983,0.0
09,27,1983,21.8
09,28,1983,26.7
09,29,1983,10.1
09,30,1983,22.0
10,01,1983,4.0
10,02,1983,20.0
10,03,1983,9.0
10,04,1983,2.0
10,05,1983,0.0
10,06,1983,0.0
10,07,1983,0.0
10,08,1983,0.0
10,09,1983,0.0
10,10,1983,0.0
10,11,1983,0.0
10,12,1983,0.0
10,13,1983,0.0
10,14,1983,0.0
10,15,1983,0.0
10,16,1983,0.0
10,17,1983,0.0
10,18,1983,0.0
10,19,1983,1.0
10,20,1983,0.0
10,21,1983,0.0
10,22,1983,0.0
10,23,1983,0.0
10,24,1983,0.0
10,25,1983,3.0
10,26,1983,3.0
10,27,1983,0.0
10,28,1983,0.0
10,29,1983,0.0
10,30,1983,0.0
10,31,1983,0.0
11,01,1983,0.0
11,02,1983,10.0
11,03,1983,4.0
11,04,1983,1.0
11,05,1983,0.0
11,06,1983,0.0
11,07,1983,0.0
11,08,1983,0.0
11,09,1983,0.0
11,10,1983,0.0
11,11,1983,0.0
11,12,1983,0.0
11,13,1983,0.0
11,14,1983,0.0
11,15,1983,0.0
11,16,1983,0.0
11,17,1983,0.0
11,18,1983,0.0
11,19,1983,0.0
11,20,1983,0.0
11,21,1983,0.0
11,22,1983,0.0
11,23,1983,0.0
11,24,1983,0.0
11,25,1983,11.0
11,26,1983,0.0
11,27,1983,0.0
11,28,1983,0.0
11,29,1983,0.0
11,30,1983,0.0
12,01,1983,8.0
12,02,1983,2.0
12,03,1983,0.0
12,04,1983,2.0
12,05,1983,0.0
12,06,1983,0.0
12,07,1983,0.0
12,08,1983,0.0
12,09,1983,0.0
12,10,1983,0.0
12,11,1983,0.0
12,12,1983,0.0
12,13,1983,0.0
12,14,1983,0.0
12,15,1983,0.0
12,16,1983,0.0
12,17,1983,0.0
12,18,1983,0.0
12,19,1983,0.0
12,20,1983,0.0
12,21,1983,0.0
12,22,1983,0.0
12,23,1983,0.0
12,24,1983,0.0
12,25,1983,0.0
12,26,1983,0.0
12,27,1983,0.0
12,28,1983,1.0
12,29,1983,0.0
12,30,1983,1.0
12,31,1983,0.0
01,01,1984,5.0
01,02,1984,10.0
01,03,1984,0.0
01,04,1984,0.0
01,05,1984,16.0
01,06,1984,16.0
01,07,1984,8.0
01,08,1984,0.0
01,09,1984,0.0
01,10,1984,0.0
01,11,1984,0.0
01,12,1984,0.0
01,13,1984,0.0
01,14,1984,0.0
01,15,1984,0.0
01,16,1984,0.0
01,17,1984,0.0
01,18,1984,0.0
01,19,1984,0.0
01,20,1984,0.0
01,21,1984,0.0
01,22,1984,0.0
01,23,1984,0.0
01,24,1984,0.0
01,25,1984,0.0
01,26,1984,0.0
01,27,1984,0.0
01,28,1984,0.0
01,29,1984,0.0
01,30,1984,0.0
01,31,1984,0.0
02,01,1984,0.0
02,02,1984,0.0
02,03,1984,0.0
02,04,1984,0.0
02,05,1984,0.0
02,06,1984,0.0
02,07,1984,0.0
02,08,1984,0.0
02,09,1984,0.0
02,10,1984,0.0
02,11,1984,0.0
02,12,1984,0.0
02,13,1984,0.0
02,14,1984,0.0
02,15,1984,0.0
02,16,1984,0.0
02,17,1984,0.0
02,18,1984,0.0
02,19,1984,0.0
02,20,1984,0.0
02,21,1984,0.0
02,22,1984,0.0
02,23,1984,0.0
02,24,1984,0.0
02,25,1984,0.0
02,26,1984,0.0
02,27,1984,0.0
02,28,1984,0.0
02,29,1984,0.0
03,01,1984,0.0
03,02,1984,0.0
03,03,1984,0.0
03,04,1984,0.0
03,05,1984,0.0
03,06,1984,0.0
03,07,1984,0.0
03,08,1984,0.0
03,09,1984,0.0
03,10,1984,0.0
03,11,1984,0.0
03,12,1984,0.0
03,13,1984,0.0
03,14,1984,0.0
03,15,1984,0.0
03,16,1984,0.0
03,17,1984,0.0
03,18,1984,0.0
03,19,1984,0.0
03,20,1984,0.0
03,21,1984,0.0
03,22,1984,0.0
03,23,1984,0.0
03,24,1984,0.0
03,25,1984,0.0
03,26,1984,0.0
03,27,1984,0.0
03,28,1984,0.0
03,29,1984,0.0
03,30,1984,0.0
03,31,1984,0.0
04,01,1984,0.0
04,02,1984,0.0
04,03,1984,0.0
04,04,1984,0.0
04,05,1984,0.0
04,06,1984,0.0
04,07,1984,0.0
04,08,1984,0.0
04,09,1984,0.0
04,10,1984,0.0
04,11,1984,0.0
04,12,1984,0.0
04,13,1984,0.0
04,14,1984,0.0
04,15,1984,0.0
04,16,1984,0.0
04,17,1984,0.0
04,18,1984,0.0
04,19,1984,0.0
04,20,1984,0.0
04,21,1984,0.0
04,22,1984,0.0
04,23,1984,0.0
04,24,1984,0.0
04,25,1984,0.0
04,26,1984,0.0
04,27,1984,0.0
04,28,1984,0.0
04,29,1984,0.0
04,30,1984,0.0
05,01,1984,0.0
05,02,1984,0.0
05,03,1984,0.0
05,04,1984,0.0
05,05,1984,0.0
05,06,1984,0.0
05,07,1984,0.0
05,08,1984,0.0
05,09,1984,0.0
05,10,1984,0.0
05,11,1984,0.0
05,12,1984,0.0
05,13,1984,0.0
05,14,1984,3.0
05,15,1984,0.0
05,16,1984,0.0
05,17,1984,0.0
05,18,1984,0.0
05,19,1984,0.0
05,20,1984,0.0
05,21,1984,0.0
05,22,1984,0.0
05,23,1984,0.0
05,24,1984,0.0
05,25,1984,0.0
05,26,1984,0.0
05,27,1984,0.0
05,28,1984,0.0
05,29,1984,1.0
05,30,1984,0.0
05,31,1984,0.0
06,01,1984,0.0
06,02,1984,0.0
06,03,1984,0.0
06,04,1984,0.0
06,05,1984,0.0
06,06,1984,0.0
06,07,1984,0.0
06,08,1984,0.0
06,09,1984,0.0
06,10,1984,0.0
06,11,1984,0.0
06,12,1984,0.0
06,13,1984,0.0
06,14,1984,0.0
06,15,1984,0.0
06,16,1984,0.0
06,17,1984,0.0
06,18,1984,0.0
06,19,1984,0.0
06,20,1984,0.0
06,21,1984,0.0
06,22,1984,0.0
06,23,1984,0.0
06,24,1984,0.0
06,25,1984,0.0
06,26,1984,0.0
06,27,1984,7.0
06,28,1984,1.0
06,29,1984,0.0
06,30,1984,1.0
07,01,1984,0.0
07,02,1984,0.0
07,03,1984,31.0
07,04,1984,0.0
07,05,1984,0.0
07,06,1984,0.0
07,07,1984,0.0
07,08,1984,0.0
07,09,1984,0.0
07,10,1984,0.0
07,11,1984,0.0
07,12,1984,0.0
07,13,1984,7.0
07,14,1984,0.0
07,15,1984,7.0
07,16,1984,0.0
07,17,1984,9.0
07,18,1984,1.0
07,19,1984,0.0
07,20,1984,2.0
07,21,1984,0.0
07,22,1984,0.0
07,23,1984,0.0
07,24,1984,1.0
07,25,1984,0.0
07,26,1984,0.0
07,27,1984,22.0
07,28,1984,0.0
07,29,1984,2.0
07,30,1984,0.0
07,31,1984,2.0
08,01,1984,2.0
08,02,1984,1.0
08,03,1984,0.0
08,04,1984,16.0
08,05,1984,0.0
08,06,1984,17.0
08,07,1984,17.0
08,08,1984,14.0
08,09,1984,38.0
08,10,1984,38.0
08,11,1984,0.0
08,12,1984,13.0
08,13,1984,18.0
08,14,1984,0.0
08,15,1984,2.0
08,16,1984,0.0
08,17,1984,5.0
08,18,1984,0.0
08,19,1984,0.0
08,20,1984,11.0
08,21,1984,0.0
08,22,1984,0.0
08,23,1984,0.0
08,24,1984,0.0
08,25,1984,10.0
08,26,1984,0.0
08,27,1984,1.0
08,28,1984,0.0
08,29,1984,0.0
08,30,1984,0.0
08,31,1984,0.0
09,01,1984,1.0
09,02,1984,0.0
09,03,1984,0.0
09,04,1984,0.0
09,05,1984,0.0
09,06,1984,0.0
09,07,1984,0.0
09,08,1984,0.0
09,09,1984,0.0
09,10,1984,4.0
09,11,1984,6.0
09,12,1984,0.0
09,13,1984,0.0
09,14,1984,0.0
09,15,1984,0.0
09,16,1984,0.0
09,17,1984,0.0
09,18,1984,0.0
09,19,1984,0.0
09,20,1984,0.0
09,21,1984,0.0
09,22,1984,2.0
09,23,1984,0.0
09,24,1984,0.0
09,25,1984,0.0
09,26,1984,0.0
09,27,1984,0.0
09,28,1984,0.0
09,29,1984,0.0
09,30,1984,0.0
10,01,1984,0.0
10,02,1984,0.0
10,03,1984,18.0
10,04,1984,0.0
10,05,1984,0.0
10,06,1984,0.0
10,07,1984,0.0
10,08,1984,0.0
10,09,1984,0.0
10,10,1984,0.0
10,11,1984,0.0
10,12,1984,0.0
10,13,1984,0.0
10,14,1984,0.0
10,15,1984,0.0
10,16,1984,0.0
10,17,1984,0.0
10,18,1984,0.0
10,19,1984,0.0
10,20,1984,0.0
10,21,1984,0.0
10,22,1984,0.0
10,23,1984,9.0
10,24,1984,7.0
10,25,1984,0.0
10,26,1984,6.0
10,27,1984,0.0
10,28,1984,0.0
10,29,1984,0.0
10,30,1984,0.0
10,31,1984,0.0
11,01,1984,0.0
11,02,1984,0.0
11,03,1984,0.0
11,04,1984,0.0
11,05,1984,0.0
11,06,1984,0.0
11,07,1984,0.0
11,08,1984,0.0
11,09,1984,0.0
11,10,1984,0.0
11,11,1984,0.0
11,12,1984,0.0
11,13,1984,0.0
11,14,1984,0.0
11,15,1984,0.0
11,16,1984,1.0
11,17,1984,0.0
11,18,1984,0.0
11,19,1984,0.0
11,20,1984,0.0
11,21,1984,0.0
11,22,1984,6.0
11,23,1984,17.0
11,24,1984,0.0
11,25,1984,6.0
11,26,1984,0.0
11,27,1984,0.0
11,28,1984,0.0
11,29,1984,0.0
11,30,1984,0.0
12,01,1984,0.0
12,02,1984,0.0
12,03,1984,11.0
12,04,1984,6.0
12,05,1984,0.0
12,06,1984,0.0
12,07,1984,0.0
12,08,1984,1.0
12,09,1984,0.0
12,10,1984,21.0
12,11,1984,2.0
12,12,1984,8.0
12,13,1984,6.0
12,14,1984,1.0
12,15,1984,0.0
12,16,1984,0.0
12,17,1984,0.0
12,18,1984,1.0
12,19,1984,16.0
12,20,1984,0.0
12,21,1984,0.0
12,22,1984,0.0
12,23,1984,0.0
12,24,1984,0.0
12,25,1984,0.0
12,26,1984,0.0
12,27,1984,26.0
12,28,1984,0.0
12,29,1984,0.0
12,30,1984,0.0
12,31,1984,0.0
01,01,1985,0.0
01,02,1985,0.0
01,03,1985,0.0
01,04,1985,0.0
01,05,1985,0.0
01,06,1985,0.0
01,07,1985,0.0
01,08,1985,0.0
01,09,1985,0.0
01,10,1985,0.0
01,11,1985,0.0
01,12,1985,0.0
01,13,1985,0.0
01,14,1985,0.0
01,15,1985,1.0
01,16,1985,0.0
01,17,1985,0.0
01,18,1985,0.0
01,19,1985,0.0
01,20,1985,0.0
01,21,1985,0.0
01,22,1985,0.0
01,23,1985,0.0
01,24,1985,16.0
01,25,1985,8.0
01,26,1985,0.0
01,27,1985,0.0
01,28,1985,0.0
01,29,1985,0.0
01,30,1985,0.0
01,31,1985,0.0
02,01,1985,0.0
02,02,1985,0.0
02,03,1985,0.0
02,04,1985,0.0
02,05,1985,0.0
02,06,1985,0.0
02,07,1985,3.0
02,08,1985,0.0
02,09,1985,0.0
02,10,1985,0.0
02,11,1985,0.0
02,12,1985,0.0
02,13,1985,0.0
02,14,1985,0.0
02,15,1985,0.0
02,16,1985,0.0
02,17,1985,0.0
02,18,1985,0.0
02,19,1985,0.0
02,20,1985,0.0
02,21,1985,7.0
02,22,1985,0.0
02,23,1985,0.0
02,24,1985,0.0
02,25,1985,0.0
02,26,1985,0.0
02,27,1985,3.0
02,28,1985,0.0
03,01,1985,0.0
03,02,1985,0.0
03,03,1985,0.0
03,04,1985,0.0
03,05,1985,0.0
03,06,1985,0.0
03,07,1985,0.0
03,08,1985,0.0
03,09,1985,0.0
03,10,1985,0.0
03,11,1985,0.0
03,12,1985,0.0
03,13,1985,0.0
03,14,1985,0.0
03,15,1985,0.0
03,16,1985,0.0
03,17,1985,0.0
03,18,1985,0.0
03,19,1985,0.0
03,20,1985,0.0
03,21,1985,0.0
03,22,1985,0.0
03,23,1985,0.0
03,24,1985,0.0
03,25,1985,0.0
03,26,1985,0.0
03,27,1985,0.0
03,28,1985,0.0
03,29,1985,0.0
03,30,1985,0.0
03,31,1985,0.0
04,01,1985,0.0
04,02,1985,0.0
04,03,1985,0.0
04,04,1985,0.0
04,05,1985,0.0
04,06,1985,0.0
04,07,1985,0.0
04,08,1985,0.0
04,09,1985,0.0
04,10,1985,0.0
04,11,1985,0.0
04,12,1985,0.0
04,13,1985,0.0
04,14,1985,0.0
04,15,1985,0.0
04,16,1985,0.0
04,17,1985,0.0
04,18,1985,0.0
04,19,1985,0.0
04,20,1985,0.0
04,21,1985,0.0
04,22,1985,0.0
04,23,1985,0.0
04,24,1985,0.0
04,25,1985,0.0
04,26,1985,19.0
04,27,1985,18.0
04,28,1985,0.0
04,29,1985,0.0
04,30,1985,0.0
05,01,1985,0.0
05,02,1985,0.0
05,03,1985,0.0
05,04,1985,0.0
05,05,1985,0.0
05,06,1985,0.0
05,07,1985,0.0
05,08,1985,0.0
05,09,1985,0.0
05,10,1985,0.0
05,11,1985,0.0
05,12,1985,0.0
05,13,1985,0.0
05,14,1985,0.0
05,15,1985,0.0
05,16,1985,0.0
05,17,1985,0.0
05,18,1985,0.0
05,19,1985,0.0
05,20,1985,0.0
05,21,1985,0.0
05,22,1985,0.0
05,23,1985,0.0
05,24,1985,0.0
05,25,1985,0.0
05,26,1985,0.0
05,27,1985,0.0
05,28,1985,0.0
05,29,1985,0.0
05,30,1985,0.0
05,31,1985,0.0
06,01,1985,0.0
06,02,1985,0.0
06,03,1985,0.0
06,04,1985,0.0
06,05,1985,0.0
06,06,1985,0.0
06,07,1985,0.0
06,08,1985,0.0
06,09,1985,0.0
06,10,1985,0.0
06,11,1985,0.0
06,12,1985,0.0
06,13,1985,0.0
06,14,1985,0.0
06,15,1985,0.0
06,16,1985,0.0
06,17,1985,0.0
06,18,1985,0.0
06,19,1985,0.0
06,20,1985,0.0
06,21,1985,0.0
06,22,1985,0.0
06,23,1985,0.0
06,24,1985,0.0
06,25,1985,0.0
06,26,1985,0.0
06,27,1985,0.0
06,28,1985,0.0
06,29,1985,0.0
06,30,1985,0.0
07,01,1985,0.0
07,02,1985,0.0
07,03,1985,0.0
07,04,1985,0.0
07,05,1985,3.0
07,06,1985,2.0
07,07,1985,0.0
07,08,1985,0.0
07,09,1985,0.0
07,10,1985,0.0
07,11,1985,4.0
07,12,1985,0.0
07,13,1985,1.0
07,14,1985,2.0
07,15,1985,2.0
07,16,1985,0.0
07,17,1985,19.0
07,18,1985,9.0
07,19,1985,0.0
07,20,1985,1.0
07,21,1985,0.0
07,22,1985,0.0
07,23,1985,0.0
07,24,1985,3.0
07,25,1985,0.0
07,26,1985,3.0
07,27,1985,12.0
07,28,1985,0.0
07,29,1985,0.0
07,30,1985,0.0
07,31,1985,0.0
08,01,1985,2.0
08,02,1985,36.0
08,03,1985,0.0
08,04,1985,0.0
08,05,1985,0.0
08,06,1985,0.0
08,07,1985,0.0
08,08,1985,0.0
08,09,1985,4.9
08,10,1985,2.2
08,11,1985,0.0
08,12,1985,0.0
08,13,1985,0.0
08,14,1985,0.0
08,15,1985,0.0
08,16,1985,0.0
08,17,1985,0.0
08,18,1985,0.9
08,19,1985,0.0
08,20,1985,0.0
08,21,1985,0.0
08,22,1985,0.0
08,23,1985,0.0
08,24,1985,0.0
08,25,1985,0.0
08,26,1985,0.0
08,27,1985,4.0
08,28,1985,0.0
08,29,1985,0.0
08,30,1985,0.0
08,31,1985,0.0
09,01,1985,0.0
09,02,1985,0.0
09,03,1985,0.0
09,04,1985,0.0
09,05,1985,0.0
09,06,1985,0.0
09,07,1985,0.0
09,08,1985,0.0
09,09,1985,0.0
09,10,1985,0.0
09,11,1985,11.0
09,12,1985,0.0
09,13,1985,0.0
09,14,1985,0.0
09,15,1985,0.0
09,16,1985,0.0
09,17,1985,5.0
09,18,1985,23.9
09,19,1985,7.1
09,20,1985,0.0
09,21,1985,0.0
09,22,1985,0.0
09,23,1985,0.0
09,24,1985,0.0
09,25,1985,0.0
09,26,1985,0.0
09,27,1985,9.0
09,28,1985,0.0
09,29,1985,0.0
09,30,1985,0.0
10,01,1985,36.0
10,02,1985,0.0
10,03,1985,0.0
10,04,1985,0.0
10,05,1985,0.0
10,06,1985,0.0
10,07,1985,20.0
10,08,1985,2.1
10,09,1985,3.3
10,10,1985,0.0
10,11,1985,0.0
10,12,1985,0.0
10,13,1985,0.0
10,14,1985,0.0
10,15,1985,19.9
10,16,1985,36.0
10,17,1985,1.1
10,18,1985,0.0
10,19,1985,0.0
10,20,1985,0.0
10,21,1985,0.0
10,22,1985,0.0
10,23,1985,0.0
10,24,1985,0.0
10,25,1985,0.0
10,26,1985,0.0
10,27,1985,0.0
10,28,1985,0.0
10,29,1985,0.0
10,30,1985,0.0
10,31,1985,0.0
11,01,1985,0.0
11,02,1985,0.0
11,03,1985,0.0
11,04,1985,0.0
11,05,1985,0.0
11,06,1985,0.0
11,07,1985,0.0
11,08,1985,0.0
11,09,1985,0.0
11,10,1985,0.0
11,11,1985,0.0
11,12,1985,0.0
11,13,1985,0.0
11,14,1985,0.0
11,15,1985,0.0
11,16,1985,0.0
11,17,1985,0.0
11,18,1985,0.0
11,19,1985,0.0
11,20,1985,0.0
11,21,1985,0.0
11,22,1985,0.0
11,23,1985,0.0
11,24,1985,6.0
11,25,1985,8.0
11,26,1985,1.0
11,27,1985,0.0
11,28,1985,0.0
11,29,1985,1.0
11,30,1985,3.0
12,01,1985,3.0
12,02,1985,0.0
12,03,1985,0.0
12,04,1985,0.0
12,05,1985,0.0
12,06,1985,0.0
12,07,1985,0.0
12,08,1985,0.0
12,09,1985,0.0
12,10,1985,0.0
12,11,1985,0.0
12,12,1985,0.0
12,13,1985,0.0
12,14,1985,0.0
12,15,1985,0.0
12,16,1985,0.0
12,17,1985,0.0
12,18,1985,0.0
12,19,1985,0.0
12,20,1985,0.0
12,21,1985,0.0
12,22,1985,0.0
12,23,1985,0.0
12,24,1985,0.0
12,25,1985,0.0
12,26,1985,0.0
12,27,1985,0.0
12,28,1985,0.0
12,29,1985,0.0
12,30,1985,0.0
12,31,1985,0.0
01,01,1986,0.0
01,02,1986,0.0
01,03,1986,0.0
01,04,1986,0.0
01,05,1986,0.0
01,06,1986,0.0
01,07,1986,0.0
01,08,1986,0.0
01,09,1986,0.0
01,10,1986,0.0
01,11,1986,0.0
01,12,1986,0.0
01,13,1986,0.0
01,14,1986,0.0
01,15,1986,0.0
01,16,1986,0.0
01,17,1986,0.0
01,18,1986,0.0
01,19,1986,0.0
01,20,1986,0.0
01,21,1986,0.0
01,22,1986,0.0
01,23,1986,0.0
01,24,1986,0.0
01,25,1986,0.0
01,26,1986,0.0
01,27,1986,0.0
01,28,1986,0.0
01,29,1986,0.0
01,30,1986,3.0
01,31,1986,0.0
02,01,1986,2.0
02,02,1986,1.0
02,03,1986,0.0
02,04,1986,5.0
02,05,1986,0.0
02,06,1986,0.0
02,07,1986,0.0
02,08,1986,11.0
02,09,1986,0.0
02,10,1986,0.0
02,11,1986,0.0
02,12,1986,0.0
02,13,1986,0.0
02,14,1986,0.0
02,15,1986,0.0
02,16,1986,0.0
02,17,1986,0.0
02,18,1986,0.0
02,19,1986,0.0
02,20,1986,0.0
02,21,1986,0.0
02,22,1986,0.0
02,23,1986,0.0
02,24,1986,0.0
02,25,1986,0.0
02,26,1986,0.0
02,27,1986,0.0
02,28,1986,0.0
03,01,1986,0.0
03,02,1986,0.0
03,03,1986,0.0
03,04,1986,0.0
03,05,1986,0.0
03,06,1986,0.0
03,07,1986,0.0
03,08,1986,0.0
03,09,1986,0.0
03,10,1986,6.0
03,11,1986,0.0
03,12,1986,0.0
03,13,1986,3.0
03,14,1986,0.0
03,15,1986,0.0
03,16,1986,4.0
03,17,1986,8.0
03,18,1986,1.0
03,19,1986,0.0
03,20,1986,0.0
03,21,1986,0.0
03,22,1986,0.0
03,23,1986,0.0
03,24,1986,0.0
03,25,1986,0.0
03,26,1986,0.0
03,27,1986,0.0
03,28,1986,0.0
03,29,1986,0.0
03,30,1986,0.0
03,31,1986,0.0
04,01,1986,0.0
04,02,1986,0.0
04,03,1986,0.0
04,04,1986,0.0
04,05,1986,0.0
04,06,1986,0.0
04,07,1986,0.0
04,08,1986,0.0
04,09,1986,0.0
04,10,1986,0.0
04,11,1986,0.0
04,12,1986,0.0
04,13,1986,0.0
04,14,1986,0.0
04,15,1986,0.0
04,16,1986,0.0
04,17,1986,0.0
04,18,1986,0.0
04,19,1986,0.0
04,20,1986,0.0
04,21,1986,0.0
04,22,1986,0.0
04,23,1986,0.0
04,24,1986,0.0
04,25,1986,0.0
04,26,1986,0.0
04,27,1986,0.0
04,28,1986,0.0
04,29,1986,0.0
04,30,1986,0.0
05,01,1986,0.0
05,02,1986,0.0
05,03,1986,0.0
05,04,1986,0.0
05,05,1986,0.0
05,06,1986,0.0
05,07,1986,0.0
05,08,1986,0.0
05,09,1986,0.0
05,10,1986,0.0
05,11,1986,0.0
05,12,1986,0.0
05,13,1986,0.0
05,14,1986,0.0
05,15,1986,0.0
05,16,1986,0.0
05,17,1986,0.0
05,18,1986,0.0
05,19,1986,0.0
05,20,1986,0.0
05,21,1986,0.0
05,22,1986,0.0
05,23,1986,0.0
05,24,1986,0.0
05,25,1986,0.0
05,26,1986,0.0
05,27,1986,0.0
05,28,1986,0.0
05,29,1986,0.0
05,30,1986,5.0
05,31,1986,3.0
06,01,1986,3.0
06,02,1986,0.0
06,03,1986,0.0
06,04,1986,0.0
06,05,1986,0.0
06,06,1986,0.0
06,07,1986,0.0
06,08,1986,0.0
06,09,1986,0.0
06,10,1986,0.0
06,11,1986,0.0
06,12,1986,0.0
06,13,1986,0.0
06,14,1986,0.0
06,15,1986,0.0
06,16,1986,0.0
06,17,1986,0.0
06,18,1986,0.0
06,19,1986,0.0
06,20,1986,0.0
06,21,1986,0.0
06,22,1986,0.0
06,23,1986,0.0
06,24,1986,0.0
06,25,1986,0.0
06,26,1986,1.0
06,27,1986,1.0
06,28,1986,0.0
06,29,1986,0.0
06,30,1986,0.0
07,01,1986,7.0
07,02,1986,5.0
07,03,1986,8.0
07,04,1986,1.0
07,05,1986,0.0
07,06,1986,0.0
07,07,1986,1.0
07,08,1986,0.0
07,09,1986,22.0
07,10,1986,0.0
07,11,1986,2.0
07,12,1986,0.0
07,13,1986,7.0
07,14,1986,0.0
07,15,1986,25.0
07,16,1986,8.0
07,17,1986,8.0
07,18,1986,0.0
07,19,1986,0.0
07,20,1986,0.0
07,21,1986,0.0
07,22,1986,5.0
07,23,1986,0.0
07,24,1986,0.0
07,25,1986,0.0
07,26,1986,0.0
07,27,1986,0.0
07,28,1986,0.0
07,29,1986,0.0
07,30,1986,0.0
07,31,1986,0.0
08,01,1986,0.0
08,02,1986,0.0
08,03,1986,0.0
08,04,1986,0.0
08,05,1986,12.0
08,06,1986,0.0
08,07,1986,7.0
08,08,1986,1.0
08,09,1986,5.0
08,10,1986,20.0
08,11,1986,1.0
08,12,1986,1.0
08,13,1986,12.0
08,14,1986,1.0
08,15,1986,10.0
08,16,1986,1.0
08,17,1986,42.0
08,18,1986,0.0
08,19,1986,0.0
08,20,1986,0.0
08,21,1986,1.0
08,22,1986,0.0
08,23,1986,0.0
08,24,1986,5.0
08,25,1986,0.0
08,26,1986,35.0
08,27,1986,1.0
08,28,1986,10.0
08,29,1986,11.0
08,30,1986,4.0
08,31,1986,0.0
09,01,1986,0.0
09,02,1986,0.0
09,03,1986,0.0
09,04,1986,0.0
09,05,1986,0.0
09,06,1986,0.0
09,07,1986,0.0
09,08,1986,0.0
09,09,1986,22.0
09,10,1986,0.0
09,11,1986,0.0
09,12,1986,0.0
09,13,1986,0.0
09,14,1986,0.0
09,15,1986,0.0
09,16,1986,0.0
09,17,1986,0.0
09,18,1986,0.0
09,19,1986,0.0
09,20,1986,0.0
09,21,1986,0.0
09,22,1986,5.0
09,23,1986,5.0
09,24,1986,0.0
09,25,1986,0.0
09,26,1986,0.0
09,27,1986,0.0
09,28,1986,0.0
09,29,1986,0.0
09,30,1986,0.0
10,01,1986,0.0
10,02,1986,0.0
10,03,1986,0.0
10,04,1986,0.0
10,05,1986,0.0
10,06,1986,0.0
10,07,1986,0.0
10,08,1986,2.5
10,09,1986,3.0
10,10,1986,0.0
10,11,1986,0.0
10,12,1986,0.0
10,13,1986,0.0
10,14,1986,0.0
10,15,1986,0.0
10,16,1986,0.0
10,17,1986,0.0
10,18,1986,0.0
10,19,1986,0.0
10,20,1986,0.0
10,21,1986,0.0
10,22,1986,0.0
10,23,1986,0.0
10,24,1986,0.0
10,25,1986,0.0
10,26,1986,0.0
10,27,1986,0.0
10,28,1986,0.0
10,29,1986,0.0
10,30,1986,0.0
10,31,1986,0.0
11,01,1986,0.0
11,02,1986,0.0
11,03,1986,3.0
11,04,1986,0.0
11,05,1986,0.0
11,06,1986,0.0
11,07,1986,0.0
11,08,1986,0.0
11,09,1986,0.0
11,10,1986,0.0
11,11,1986,0.0
11,12,1986,0.0
11,13,1986,0.0
11,14,1986,0.0
11,15,1986,0.0
11,16,1986,0.0
11,17,1986,1.0
11,18,1986,3.0
11,19,1986,0.0
11,20,1986,0.0
11,21,1986,0.0
11,22,1986,0.0
11,23,1986,0.0
11,24,1986,0.0
11,25,1986,0.0
11,26,1986,0.0
11,27,1986,0.0
11,28,1986,0.0
11,29,1986,0.0
11,30,1986,0.0
12,01,1986,0.0
12,02,1986,0.0
12,03,1986,0.0
12,04,1986,0.0
12,05,1986,0.0
12,06,1986,2.0
12,07,1986,4.0
12,08,1986,0.0
12,09,1986,0.0
12,10,1986,0.0
12,11,1986,0.0
12,12,1986,0.0
12,13,1986,0.0
12,14,1986,0.0
12,15,1986,14.0
12,16,1986,26.0
12,17,1986,9.0
12,18,1986,0.0
12,19,1986,0.0
12,20,1986,0.0
12,21,1986,0.0
12,22,1986,0.0
12,23,1986,0.0
12,24,1986,0.0
12,25,1986,0.0
12,26,1986,0.0
12,27,1986,0.0
12,28,1986,0.0
12,29,1986,0.0
12,30,1986,0.0
12,31,1986,0.0
01,01,1987,0.0
01,02,1987,0.0
01,03,1987,0.0
01,04,1987,0.0
01,05,1987,4.0
01,06,1987,0.0
01,07,1987,0.0
01,08,1987,0.0
01,09,1987,0.0
01,10,1987,0.0
01,11,1987,0.0
01,12,1987,0.0
01,13,1987,0.0
01,14,1987,0.0
01,15,1987,0.0
01,16,1987,0.0
01,17,1987,0.0
01,18,1987,0.0
01,19,1987,10.0
01,20,1987,0.0
01,21,1987,0.0
01,22,1987,0.0
01,23,1987,0.0
01,24,1987,0.0
01,25,1987,0.0
01,26,1987,0.0
01,27,1987,0.0
01,28,1987,0.0
01,29,1987,0.0
01,30,1987,2.0
01,31,1987,0.0
02,01,1987,0.0
02,02,1987,0.0
02,03,1987,0.0
02,04,1987,0.0
02,05,1987,0.0
02,06,1987,0.0
02,07,1987,0.0
02,08,1987,0.0
02,09,1987,0.0
02,10,1987,0.0
02,11,1987,0.0
02,12,1987,0.0
02,13,1987,0.0
02,14,1987,0.0
02,15,1987,0.0
02,16,1987,0.0
02,17,1987,0.0
02,18,1987,0.0
02,19,1987,0.0
02,20,1987,0.0
02,21,1987,14.0
02,22,1987,0.0
02,23,1987,0.0
02,24,1987,0.0
02,25,1987,20.0
02,26,1987,0.0
02,27,1987,10.0
02,28,1987,0.0
03,01,1987,0.0
03,02,1987,0.0
03,03,1987,0.0
03,04,1987,0.0
03,05,1987,0.0
03,06,1987,0.0
03,07,1987,0.0
03,08,1987,0.0
03,09,1987,0.0
03,10,1987,0.0
03,11,1987,0.0
03,12,1987,0.0
03,13,1987,0.0
03,14,1987,0.0
03,15,1987,4.0
03,16,1987,0.0
03,17,1987,0.0
03,18,1987,0.0
03,19,1987,0.0
03,20,1987,0.0
03,21,1987,0.0
03,22,1987,4.0
03,23,1987,0.0
03,24,1987,0.0
03,25,1987,0.0
03,26,1987,0.0
03,27,1987,0.0
03,28,1987,0.0
03,29,1987,0.0
03,30,1987,0.0
03,31,1987,0.0
04,01,1987,0.0
04,02,1987,0.0
04,03,1987,0.0
04,04,1987,0.0
04,05,1987,0.0
04,06,1987,0.0
04,07,1987,0.0
04,08,1987,0.0
04,09,1987,0.0
04,10,1987,0.0
04,11,1987,0.0
04,12,1987,0.0
04,13,1987,0.0
04,14,1987,0.0
04,15,1987,0.0
04,16,1987,0.0
04,17,1987,0.0
04,18,1987,0.0
04,19,1987,0.0
04,20,1987,0.0
04,21,1987,0.0
04,22,1987,0.0
04,23,1987,0.0
04,24,1987,0.0
04,25,1987,25.0
04,26,1987,0.0
04,27,1987,20.0
04,28,1987,0.0
04,29,1987,1.0
04,30,1987,0.0
05,01,1987,0.0
05,02,1987,0.0
05,03,1987,0.0
05,04,1987,0.0
05,05,1987,0.0
05,06,1987,0.0
05,07,1987,0.0
05,08,1987,0.0
05,09,1987,0.0
05,10,1987,5.0
05,11,1987,0.0
05,12,1987,0.0
05,13,1987,0.0
05,14,1987,0.0
05,15,1987,0.0
05,16,1987,0.0
05,17,1987,0.0
05,18,1987,0.0
05,19,1987,0.0
05,20,1987,2.0
05,21,1987,0.0
05,22,1987,0.0
05,23,1987,0.0
05,24,1987,0.0
05,25,1987,0.0
05,26,1987,0.0
05,27,1987,0.0
05,28,1987,0.0
05,29,1987,0.0
05,30,1987,0.0
05,31,1987,0.0
06,01,1987,0.0
06,02,1987,0.0
06,03,1987,0.0
06,04,1987,0.0
06,05,1987,0.0
06,06,1987,0.0
06,07,1987,2.0
06,08,1987,0.0
06,09,1987,0.0
06,10,1987,0.0
06,11,1987,0.0
06,12,1987,0.0
06,13,1987,0.0
06,14,1987,0.0
06,15,1987,0.0
06,16,1987,0.0
06,17,1987,0.0
06,18,1987,0.0
06,19,1987,0.0
06,20,1987,0.0
06,21,1987,0.0
06,22,1987,0.0
06,23,1987,0.0
06,24,1987,15.0
06,25,1987,0.0
06,26,1987,0.0
06,27,1987,0.0
06,28,1987,0.0
06,29,1987,0.0
06,30,1987,0.0
07,01,1987,0.0
07,02,1987,0.0
07,03,1987,0.0
07,04,1987,0.0
07,05,1987,0.0
07,06,1987,0.0
07,07,1987,0.0
07,08,1987,0.0
07,09,1987,0.0
07,10,1987,0.0
07,11,1987,0.0
07,12,1987,0.0
07,13,1987,0.0
07,14,1987,0.0
07,15,1987,0.0
07,16,1987,0.0
07,17,1987,0.0
07,18,1987,0.0
07,19,1987,0.0
07,20,1987,0.0
07,21,1987,0.0
07,22,1987,0.0
07,23,1987,0.0
07,24,1987,4.0
07,25,1987,2.0
07,26,1987,0.0
07,27,1987,11.0
07,28,1987,0.0
07,29,1987,25.0
07,30,1987,1.0
07,31,1987,5.0
08,01,1987,0.0
08,02,1987,10.0
08,03,1987,19.0
08,04,1987,42.0
08,05,1987,0.0
08,06,1987,1.0
08,07,1987,0.0
08,08,1987,11.0
08,09,1987,1.0
08,10,1987,8.0
08,11,1987,0.0
08,12,1987,1.0
08,13,1987,0.0
08,14,1987,0.0
08,15,1987,0.0
08,16,1987,0.0
08,17,1987,0.0
08,18,1987,0.0
08,19,1987,2.0
08,20,1987,0.0
08,21,1987,9.0
08,22,1987,0.0
08,23,1987,0.0
08,24,1987,0.0
08,25,1987,10.0
08,26,1987,1.0
08,27,1987,1.0
08,28,1987,0.0
08,29,1987,0.0
08,30,1987,0.0
08,31,1987,0.0
09,01,1987,0.0
09,02,1987,0.0
09,03,1987,5.0
09,04,1987,25.0
09,05,1987,6.0
09,06,1987,0.0
09,07,1987,0.0
09,08,1987,0.0
09,09,1987,0.0
09,10,1987,0.0
09,11,1987,0.0
09,12,1987,0.0
09,13,1987,0.0
09,14,1987,0.0
09,15,1987,0.0
09,16,1987,0.0
09,17,1987,1.0
09,18,1987,0.0
09,19,1987,0.0
09,20,1987,0.0
09,21,1987,1.0
09,22,1987,45.0
09,23,1987,3.0
09,24,1987,0.0
09,25,1987,0.0
09,26,1987,0.0
09,27,1987,0.0
09,28,1987,0.0
09,29,1987,0.0
09,30,1987,0.0
10,01,1987,0.0
10,02,1987,0.0
10,03,1987,0.0
10,04,1987,0.0
10,05,1987,0.0
10,06,1987,0.0
10,07,1987,0.0
10,08,1987,0.0
10,09,1987,0.0
10,10,1987,0.0
10,11,1987,0.0
10,12,1987,0.0
10,13,1987,2.0
10,14,1987,8.0
10,15,1987,0.0
10,16,1987,0.0
10,17,1987,0.0
10,18,1987,0.0
10,19,1987,0.0
10,20,1987,0.0
10,21,1987,1.0
10,22,1987,5.0
10,23,1987,0.0
10,24,1987,0.0
10,25,1987,0.0
10,26,1987,0.0
10,27,1987,0.0
10,28,1987,0.0
10,29,1987,0.0
10,30,1987,0.0
10,31,1987,1.0
11,01,1987,1.0
11,02,1987,1.0
11,03,1987,0.0
11,04,1987,0.0
11,05,1987,0.0
11,06,1987,0.0
11,07,1987,0.0
11,08,1987,0.0
11,09,1987,0.0
11,10,1987,0.0
11,11,1987,0.0
11,12,1987,0.0
11,13,1987,0.0
11,14,1987,0.0
11,15,1987,0.0
11,16,1987,0.0
11,17,1987,0.0
11,18,1987,0.0
11,19,1987,0.0
11,20,1987,0.0
11,21,1987,0.0
11,22,1987,0.0
11,23,1987,0.0
11,24,1987,0.0
11,25,1987,0.0
11,26,1987,0.0
11,27,1987,0.0
11,28,1987,0.0
11,29,1987,0.0
11,30,1987,0.0
12,01,1987,0.0
12,02,1987,0.0
12,03,1987,0.0
12,04,1987,0.0
12,05,1987,0.0
12,06,1987,0.0
12,07,1987,0.0
12,08,1987,0.0
12,09,1987,0.0
12,10,1987,0.0
12,11,1987,0.0
12,12,1987,7.0
12,13,1987,0.0
12,14,1987,0.0
12,15,1987,0.0
12,16,1987,1.0
12,17,1987,55.0
12,18,1987,3.0
12,19,1987,1.0
12,20,1987,1.0
12,21,1987,0.0
12,22,1987,1.0
12,23,1987,0.0
12,24,1987,2.0
12,25,1987,0.0
12,26,1987,0.0
12,27,1987,0.0
12,28,1987,4.0
12,29,1987,4.0
12,30,1987,0.0
12,31,1987,0.0
01,01,1988,0.0
01,02,1988,0.0
01,03,1988,0.0
01,04,1988,3.0
01,05,1988,0.0
01,06,1988,0.0
01,07,1988,0.0
01,08,1988,0.0
01,09,1988,0.0
01,10,1988,0.0
01,11,1988,0.0
01,12,1988,0.0
01,13,1988,0.0
01,14,1988,0.0
01,15,1988,0.0
01,16,1988,0.0
01,17,1988,10.0
01,18,1988,0.0
01,19,1988,0.0
01,20,1988,0.0
01,21,1988,2.0
01,22,1988,2.0
01,23,1988,0.0
01,24,1988,0.0
01,25,1988,0.0
01,26,1988,0.0
01,27,1988,0.0
01,28,1988,0.0
01,29,1988,0.0
01,30,1988,0.0
01,31,1988,0.0
02,01,1988,0.0
02,02,1988,0.0
02,03,1988,0.0
02,04,1988,2.0
02,05,1988,0.0
02,06,1988,0.0
02,07,1988,0.0
02,08,1988,0.0
02,09,1988,0.0
02,10,1988,0.0
02,11,1988,0.0
02,12,1988,0.0
02,13,1988,0.0
02,14,1988,0.0
02,15,1988,0.0
02,16,1988,0.0
02,17,1988,0.0
02,18,1988,0.0
02,19,1988,2.0
02,20,1988,0.0
02,21,1988,0.0
02,22,1988,0.0
02,23,1988,0.0
02,24,1988,0.0
02,25,1988,0.0
02,26,1988,0.0
02,27,1988,0.0
02,28,1988,0.0
02,29,1988,0.0
03,01,1988,0.0
03,02,1988,6.0
03,03,1988,0.0
03,04,1988,0.0
03,05,1988,0.0
03,06,1988,0.0
03,07,1988,0.0
03,08,1988,0.0
03,09,1988,0.0
03,10,1988,0.0
03,11,1988,0.0
03,12,1988,0.0
03,13,1988,0.0
03,14,1988,0.0
03,15,1988,0.0
03,16,1988,0.0
03,17,1988,0.0
03,18,1988,0.0
03,19,1988,0.0
03,20,1988,0.0
03,21,1988,0.0
03,22,1988,0.0
03,23,1988,0.0
03,24,1988,0.0
03,25,1988,0.0
03,26,1988,0.0
03,27,1988,0.0
03,28,1988,0.0
03,29,1988,0.0
03,30,1988,0.0
03,31,1988,0.0
04,01,1988,0.0
04,02,1988,0.0
04,03,1988,0.0
04,04,1988,0.0
04,05,1988,0.0
04,06,1988,0.0
04,07,1988,0.0
04,08,1988,0.0
04,09,1988,0.0
04,10,1988,0.0
04,11,1988,0.0
04,12,1988,0.0
04,13,1988,26.0
04,14,1988,0.0
04,15,1988,4.0
04,16,1988,0.0
04,17,1988,0.0
04,18,1988,0.0
04,19,1988,0.0
04,20,1988,0.0
04,21,1988,2.0
04,22,1988,0.0
04,23,1988,0.0
04,24,1988,0.0
04,25,1988,0.0
04,26,1988,0.0
04,27,1988,0.0
04,28,1988,2.0
04,29,1988,0.0
04,30,1988,0.0
05,01,1988,0.0
05,02,1988,0.0
05,03,1988,0.0
05,04,1988,0.0
05,05,1988,0.0
05,06,1988,0.0
05,07,1988,0.0
05,08,1988,0.0
05,09,1988,0.0
05,10,1988,0.0
05,11,1988,0.0
05,12,1988,0.0
05,13,1988,0.0
05,14,1988,0.0
05,15,1988,0.0
05,16,1988,0.0
05,17,1988,0.0
05,18,1988,0.0
05,19,1988,0.0
05,20,1988,0.0
05,21,1988,0.0
05,22,1988,0.0
05,23,1988,0.0
05,24,1988,0.0
05,25,1988,0.0
05,26,1988,0.0
05,27,1988,0.0
05,28,1988,0.0
05,29,1988,0.0
05,30,1988,0.0
05,31,1988,0.0
06,01,1988,0.0
06,02,1988,0.0
06,03,1988,0.0
06,04,1988,0.0
06,05,1988,0.0
06,06,1988,0.0
06,07,1988,0.0
06,08,1988,0.0
06,09,1988,0.0
06,10,1988,0.0
06,11,1988,0.0
06,12,1988,0.0
06,13,1988,0.0
06,14,1988,0.0
06,15,1988,0.0
06,16,1988,0.0
06,17,1988,1.0
06,18,1988,6.0
06,19,1988,0.0
06,20,1988,0.0
06,21,1988,0.0
06,22,1988,0.0
06,23,1988,0.0
06,24,1988,0.0
06,25,1988,0.0
06,26,1988,0.0
06,27,1988,4.0
06,28,1988,0.0
06,29,1988,0.0
06,30,1988,0.0
07,01,1988,0.0
07,02,1988,0.0
07,03,1988,0.0
07,04,1988,0.0
07,05,1988,0.0
07,06,1988,9.0
07,07,1988,2.0
07,08,1988,3.0
07,09,1988,19.0
07,10,1988,11.0
07,11,1988,0.0
07,12,1988,1.0
07,13,1988,0.0
07,14,1988,0.0
07,15,1988,0.0
07,16,1988,0.0
07,17,1988,0.0
07,18,1988,23.0
07,19,1988,1.0
07,20,1988,0.0
07,21,1988,0.0
07,22,1988,0.0
07,23,1988,0.0
07,24,1988,29.0
07,25,1988,7.0
07,26,1988,0.0
07,27,1988,0.0
07,28,1988,21.0
07,29,1988,6.0
07,30,1988,4.0
07,31,1988,0.0
08,01,1988,14.0
08,02,1988,0.0
08,03,1988,40.0
08,04,1988,10.0
08,05,1988,0.0
08,06,1988,1.0
08,07,1988,2.0
08,08,1988,0.0
08,09,1988,0.0
08,10,1988,0.0
08,11,1988,0.0
08,12,1988,0.0
08,13,1988,0.0
08,14,1988,0.0
08,15,1988,5.0
08,16,1988,0.0
08,17,1988,1.5
08,18,1988,12.0
08,19,1988,1.0
08,20,1988,2.0
08,21,1988,4.0
08,22,1988,14.0
08,23,1988,18.0
08,24,1988,11.0
08,25,1988,0.0
08,26,1988,0.0
08,27,1988,0.0
08,28,1988,0.0
08,29,1988,0.0
08,30,1988,0.0
08,31,1988,0.0
09,01,1988,0.0
09,02,1988,3.0
09,03,1988,0.0
09,04,1988,0.0
09,05,1988,0.0
09,06,1988,0.0
09,07,1988,0.0
09,08,1988,0.0
09,09,1988,0.0
09,10,1988,27.0
09,11,1988,7.0
09,12,1988,0.0
09,13,1988,0.0
09,14,1988,0.0
09,15,1988,0.0
09,16,1988,0.0
09,17,1988,0.0
09,18,1988,0.0
09,19,1988,0.0
09,20,1988,20.0
09,21,1988,0.0
09,22,1988,0.0
09,23,1988,0.0
09,24,1988,0.0
09,25,1988,0.0
09,26,1988,0.0
09,27,1988,0.0
09,28,1988,0.0
09,29,1988,0.0
09,30,1988,0.0
10,01,1988,0.0
10,02,1988,0.0
10,03,1988,0.0
10,04,1988,0.0
10,05,1988,0.0
10,06,1988,0.0
10,07,1988,0.0
10,08,1988,0.0
10,09,1988,0.0
10,10,1988,2.0
10,11,1988,0.0
10,12,1988,0.0
10,13,1988,0.0
10,14,1988,40.0
10,15,1988,2.0
10,16,1988,3.0
10,17,1988,0.0
10,18,1988,1.0
10,19,1988,9.0
10,20,1988,6.0
10,21,1988,12.0
10,22,1988,0.0
10,23,1988,0.0
10,24,1988,0.0
10,25,1988,0.0
10,26,1988,0.0
10,27,1988,0.0
10,28,1988,0.0
10,29,1988,0.0
10,30,1988,0.0
10,31,1988,0.0
11,01,1988,0.0
11,02,1988,0.0
11,03,1988,0.0
11,04,1988,0.0
11,05,1988,0.0
11,06,1988,0.0
11,07,1988,0.0
11,08,1988,0.0
11,09,1988,0.0
11,10,1988,0.0
11,11,1988,0.0
11,12,1988,0.0
11,13,1988,0.0
11,14,1988,0.0
11,15,1988,0.0
11,16,1988,0.0
11,17,1988,0.0
11,18,1988,0.0
11,19,1988,0.0
11,20,1988,0.0
11,21,1988,0.0
11,22,1988,0.0
11,23,1988,0.0
11,24,1988,4.0
11,25,1988,0.0
11,26,1988,0.0
11,27,1988,0.0
11,28,1988,0.0
11,29,1988,0.0
11,30,1988,0.0
12,01,1988,0.0
12,02,1988,0.0
12,03,1988,0.0
12,04,1988,0.0
12,05,1988,0.0
12,06,1988,0.0
12,07,1988,4.0
12,08,1988,1.0
12,09,1988,1.0
12,10,1988,0.0
12,11,1988,0.0
12,12,1988,0.0
12,13,1988,0.0
12,14,1988,0.0
12,15,1988,0.0
12,16,1988,0.0
12,17,1988,0.0
12,18,1988,0.0
12,19,1988,0.0
12,20,1988,0.0
12,21,1988,0.0
12,22,1988,0.0
12,23,1988,0.0
12,24,1988,0.0
12,25,1988,0.0
12,26,1988,0.0
12,27,1988,0.0
12,28,1988,0.0
12,29,1988,0.0
12,30,1988,0.0
12,31,1988,0.0
01,01,1989,0.0
01,02,1989,1.0
01,03,1989,45.0
01,04,1989,0.0
01,05,1989,0.0
01,06,1989,1.0
01,07,1989,0.0
01,08,1989,0.0
01,09,1989,0.0
01,10,1989,0.0
01,11,1989,0.0
01,12,1989,0.0
01,13,1989,0.0
01,14,1989,0.0
01,15,1989,0.0
01,16,1989,0.0
01,17,1989,0.0
01,18,1989,0.0
01,19,1989,0.0
01,20,1989,0.0
01,21,1989,0.0
01,22,1989,0.0
01,23,1989,0.0
01,24,1989,0.0
01,25,1989,0.0
01,26,1989,0.0
01,27,1989,0.0
01,28,1989,0.0
01,29,1989,0.0
01,30,1989,0.0
01,31,1989,0.0
02,01,1989,0.0
02,02,1989,0.0
02,03,1989,0.0
02,04,1989,0.0
02,05,1989,1.0
02,06,1989,0.0
02,07,1989,0.0
02,08,1989,0.0
02,09,1989,0.0
02,10,1989,0.0
02,11,1989,0.0
02,12,1989,0.0
02,13,1989,0.0
02,14,1989,0.0
02,15,1989,0.0
02,16,1989,0.0
02,17,1989,0.0
02,18,1989,0.0
02,19,1989,0.0
02,20,1989,0.0
02,21,1989,0.0
02,22,1989,0.0
02,23,1989,0.0
02,24,1989,0.0
02,25,1989,0.0
02,26,1989,0.0
02,27,1989,0.0
02,28,1989,0.0
03,01,1989,0.0
03,02,1989,0.0
03,03,1989,0.0
03,04,1989,0.0
03,05,1989,0.0
03,06,1989,0.0
03,07,1989,0.0
03,08,1989,0.0
03,09,1989,0.0
03,10,1989,0.0
03,11,1989,0.0
03,12,1989,0.0
03,13,1989,0.0
03,14,1989,0.0
03,15,1989,0.0
03,16,1989,0.0
03,17,1989,0.0
03,18,1989,0.0
03,19,1989,0.0
03,20,1989,0.0
03,21,1989,0.0
03,22,1989,0.0
03,23,1989,0.0
03,24,1989,0.0
03,25,1989,0.0
03,26,1989,5.0
03,27,1989,0.0
03,28,1989,0.0
03,29,1989,0.0
03,30,1989,0.0
03,31,1989,0.0
04,01,1989,0.0
04,02,1989,0.0
04,03,1989,0.0
04,04,1989,0.0
04,05,1989,0.0
04,06,1989,0.0
04,07,1989,0.0
04,08,1989,0.0
04,09,1989,0.0
04,10,1989,0.0
04,11,1989,0.0
04,12,1989,0.0
04,13,1989,0.0
04,14,1989,0.0
04,15,1989,0.0
04,16,1989,0.0
04,17,1989,0.0
04,18,1989,0.0
04,19,1989,0.0
04,20,1989,0.0
04,21,1989,0.0
04,22,1989,0.0
04,23,1989,0.0
04,24,1989,0.0
04,25,1989,0.0
04,26,1989,0.0
04,27,1989,0.0
04,28,1989,0.0
04,29,1989,0.0
04,30,1989,0.0
05,01,1989,0.0
05,02,1989,0.0
05,03,1989,0.0
05,04,1989,0.0
05,05,1989,0.0
05,06,1989,0.0
05,07,1989,0.0
05,08,1989,0.0
05,09,1989,0.0
05,10,1989,0.0
05,11,1989,0.0
05,12,1989,0.0
05,13,1989,0.0
05,14,1989,0.0
05,15,1989,1.0
05,16,1989,2.0
05,17,1989,0.0
05,18,1989,0.0
05,19,1989,0.0
05,20,1989,0.0
05,21,1989,0.0
05,22,1989,0.0
05,23,1989,0.0
05,24,1989,0.0
05,25,1989,0.0
05,26,1989,0.0
05,27,1989,0.0
05,28,1989,0.0
05,29,1989,0.0
05,30,1989,0.0
05,31,1989,0.0
06,01,1989,0.0
06,02,1989,0.0
06,03,1989,0.0
06,04,1989,0.0
06,05,1989,0.0
06,06,1989,0.0
06,07,1989,0.0
06,08,1989,0.0
06,09,1989,0.0
06,10,1989,0.0
06,11,1989,0.0
06,12,1989,0.0
06,13,1989,0.0
06,14,1989,0.0
06,15,1989,0.0
06,16,1989,0.0
06,17,1989,0.0
06,18,1989,0.0
06,19,1989,0.0
06,20,1989,0.0
06,21,1989,0.0
06,22,1989,0.0
06,23,1989,0.0
06,24,1989,0.0
06,25,1989,0.0
06,26,1989,0.0
06,27,1989,0.0
06,28,1989,0.0
06,29,1989,0.0
06,30,1989,0.0
07,01,1989,0.0
07,02,1989,0.0
07,03,1989,0.0
07,04,1989,1.0
07,05,1989,0.0
07,06,1989,0.0
07,07,1989,0.0
07,08,1989,1.0
07,09,1989,0.0
07,10,1989,0.0
07,11,1989,0.0
07,12,1989,0.0
07,13,1989,0.0
07,14,1989,1.0
07,15,1989,2.0
07,16,1989,0.0
07,17,1989,0.0
07,18,1989,0.0
07,19,1989,12.0
07,20,1989,0.0
07,21,1989,1.0
07,22,1989,0.0
07,23,1989,8.0
07,24,1989,35.0
07,25,1989,41.0
07,26,1989,0.0
07,27,1989,7.0
07,28,1989,0.0
07,29,1989,0.0
07,30,1989,0.0
07,31,1989,7.0
08,01,1989,0.0
08,02,1989,0.0
08,03,1989,11.0
08,04,1989,16.0
08,05,1989,15.0
08,06,1989,0.0
08,07,1989,0.0
08,08,1989,0.0
08,09,1989,0.0
08,10,1989,6.0
08,11,1989,0.0
08,12,1989,0.0
08,13,1989,2.0
08,14,1989,27.0
08,15,1989,0.0
08,16,1989,0.0
08,17,1989,0.0
08,18,1989,0.0
08,19,1989,1.0
08,20,1989,0.0
08,21,1989,0.0
08,22,1989,0.0
08,23,1989,0.0
08,24,1989,0.0
08,25,1989,0.0
08,26,1989,0.0
08,27,1989,0.0
08,28,1989,0.0
08,29,1989,0.0
08,30,1989,2.0
08,31,1989,4.0
09,01,1989,2.0
09,02,1989,0.0
09,03,1989,0.0
09,04,1989,0.0
09,05,1989,0.0
09,06,1989,0.0
09,07,1989,0.0
09,08,1989,0.0
09,09,1989,0.0
09,10,1989,0.0
09,11,1989,0.0
09,12,1989,0.0
09,13,1989,0.0
09,14,1989,0.0
09,15,1989,0.0
09,16,1989,0.0
09,17,1989,0.0
09,18,1989,0.0
09,19,1989,0.0
09,20,1989,0.0
09,21,1989,0.0
09,22,1989,0.0
09,23,1989,0.0
09,24,1989,0.0
09,25,1989,0.0
09,26,1989,0.0
09,27,1989,0.0
09,28,1989,0.0
09,29,1989,0.0
09,30,1989,0.0
10,01,1989,0.0
10,02,1989,0.0
10,03,1989,2.0
10,04,1989,12.0
10,05,1989,0.0
10,06,1989,0.0
10,07,1989,0.0
10,08,1989,0.0
10,09,1989,0.0
10,10,1989,0.0
10,11,1989,0.0
10,12,1989,0.0
10,13,1989,0.0
10,14,1989,0.0
10,15,1989,0.0
10,16,1989,0.0
10,17,1989,0.0
10,18,1989,0.0
10,19,1989,3.0
10,20,1989,2.0
10,21,1989,1.0
10,22,1989,0.0
10,23,1989,0.0
10,24,1989,0.0
10,25,1989,0.0
10,26,1989,0.0
10,27,1989,0.0
10,28,1989,0.0
10,29,1989,0.0
10,30,1989,0.0
10,31,1989,0.0
11,01,1989,0.0
11,02,1989,0.0
11,03,1989,0.0
11,04,1989,0.0
11,05,1989,0.0
11,06,1989,0.0
11,07,1989,0.0
11,08,1989,0.0
11,09,1989,0.0
11,10,1989,0.0
11,11,1989,0.0
11,12,1989,0.0
11,13,1989,0.0
11,14,1989,0.0
11,15,1989,0.0
11,16,1989,0.0
11,17,1989,0.0
11,18,1989,0.0
11,19,1989,0.0
11,20,1989,0.0
11,21,1989,1.0
11,22,1989,0.0
11,23,1989,0.0
11,24,1989,0.0
11,25,1989,0.0
11,26,1989,0.0
11,27,1989,0.0
11,28,1989,0.0
11,29,1989,0.0
11,30,1989,0.0
12,01,1989,0.0
12,02,1989,0.0
12,03,1989,0.0
12,04,1989,0.0
12,05,1989,0.0
12,06,1989,0.0
12,07,1989,0.0
12,08,1989,0.0
12,09,1989,0.0
12,10,1989,0.0
12,11,1989,0.0
12,12,1989,0.0
12,13,1989,0.0
12,14,1989,0.0
12,15,1989,0.0
12,16,1989,0.0
12,17,1989,0.0
12,18,1989,0.0
12,19,1989,0.0
12,20,1989,0.0
12,21,1989,0.0
12,22,1989,0.0
12,23,1989,0.0
12,24,1989,0.0
12,25,1989,0.0
12,26,1989,0.0
12,27,1989,0.0
12,28,1989,0.0
12,29,1989,0.0
12,30,1989,0.0
12,31,1989,0.0
01,01,1990,1.0
01,02,1990,0.0
01,03,1990,0.0
01,04,1990,0.0
01,05,1990,8.0
01,06,1990,0.0
01,07,1990,0.0
01,08,1990,0.0
01,09,1990,0.0
01,10,1990,0.0
01,11,1990,0.0
01,12,1990,0.0
01,13,1990,0.0
01,14,1990,0.0
01,15,1990,0.0
01,16,1990,0.0
01,17,1990,6.0
01,18,1990,0.0
01,19,1990,0.0
01,20,1990,0.0
01,21,1990,0.0
01,22,1990,6.0
01,23,1990,0.0
01,24,1990,0.0
01,25,1990,0.0
01,26,1990,0.0
01,27,1990,0.0
01,28,1990,0.0
01,29,1990,0.0
01,30,1990,0.0
01,31,1990,8.0
02,01,1990,0.0
02,02,1990,0.0
02,03,1990,0.0
02,04,1990,0.0
02,05,1990,0.0
02,06,1990,0.0
02,07,1990,0.0
02,08,1990,2.0
02,09,1990,0.0
02,10,1990,0.0
02,11,1990,0.0
02,12,1990,0.0
02,13,1990,0.0
02,14,1990,0.0
02,15,1990,5.0
02,16,1990,0.0
02,17,1990,0.0
02,18,1990,0.0
02,19,1990,0.0
02,20,1990,0.0
02,21,1990,0.0
02,22,1990,0.0
02,23,1990,0.0
02,24,1990,0.0
02,25,1990,0.0
02,26,1990,0.0
02,27,1990,0.0
02,28,1990,0.0
03,01,1990,0.0
03,02,1990,0.0
03,03,1990,0.0
03,04,1990,0.0
03,05,1990,0.0
03,06,1990,0.0
03,07,1990,0.0
03,08,1990,0.0
03,09,1990,0.0
03,10,1990,7.0
03,11,1990,0.0
03,12,1990,0.0
03,13,1990,0.0
03,14,1990,0.0
03,15,1990,0.0
03,16,1990,0.0
03,17,1990,0.0
03,18,1990,0.0
03,19,1990,0.0
03,20,1990,0.0
03,21,1990,0.0
03,22,1990,0.0
03,23,1990,0.0
03,24,1990,0.0
03,25,1990,0.0
03,26,1990,0.0
03,27,1990,0.0
03,28,1990,0.0
03,29,1990,2.0
03,30,1990,0.0
03,31,1990,0.0
04,01,1990,0.0
04,02,1990,0.0
04,03,1990,0.0
04,04,1990,0.0
04,05,1990,0.0
04,06,1990,0.0
04,07,1990,0.0
04,08,1990,0.0
04,09,1990,0.0
04,10,1990,0.0
04,11,1990,0.0
04,12,1990,0.0
04,13,1990,0.0
04,14,1990,0.0
04,15,1990,0.0
04,16,1990,0.0
04,17,1990,0.0
04,18,1990,0.0
04,19,1990,0.0
04,20,1990,0.0
04,21,1990,0.0
04,22,1990,0.0
04,23,1990,0.0
04,24,1990,0.0
04,25,1990,0.0
04,26,1990,0.0
04,27,1990,0.0
04,28,1990,0.0
04,29,1990,0.0
04,30,1990,0.0
05,01,1990,4.0
05,02,1990,7.0
05,03,1990,0.0
05,04,1990,0.0
05,05,1990,0.0
05,06,1990,0.0
05,07,1990,0.0
05,08,1990,0.0
05,09,1990,0.0
05,10,1990,0.0
05,11,1990,0.0
05,12,1990,0.0
05,13,1990,0.0
05,14,1990,0.0
05,15,1990,0.0
05,16,1990,0.0
05,17,1990,0.0
05,18,1990,0.0
05,19,1990,0.0
05,20,1990,0.0
05,21,1990,0.0
05,22,1990,0.0
05,23,1990,0.0
05,24,1990,0.0
05,25,1990,0.0
05,26,1990,0.0
05,27,1990,0.0
05,28,1990,0.0
05,29,1990,0.0
05,30,1990,0.0
05,31,1990,0.0
06,01,1990,0.0
06,02,1990,0.0
06,03,1990,0.0
06,04,1990,0.0
06,05,1990,0.0
06,06,1990,0.0
06,07,1990,0.0
06,08,1990,0.0
06,09,1990,4.0
06,10,1990,0.0
06,11,1990,0.0
06,12,1990,0.0
06,13,1990,0.0
06,14,1990,0.0
06,15,1990,0.0
06,16,1990,0.0
06,17,1990,0.0
06,18,1990,0.0
06,19,1990,0.0
06,20,1990,0.0
06,21,1990,0.0
06,22,1990,0.0
06,23,1990,0.0
06,24,1990,0.0
06,25,1990,0.0
06,26,1990,0.0
06,27,1990,0.0
06,28,1990,0.0
06,29,1990,0.0
06,30,1990,0.0
07,01,1990,0.0
07,02,1990,11.0
07,03,1990,3.0
07,04,1990,0.0
07,05,1990,25.0
07,06,1990,20.0
07,07,1990,0.0
07,08,1990,22.0
07,09,1990,10.0
07,10,1990,0.0
07,11,1990,5.0
07,12,1990,0.0
07,13,1990,0.0
07,14,1990,44.0
07,15,1990,18.0
07,16,1990,0.0
07,17,1990,0.0
07,18,1990,4.0
07,19,1990,6.0
07,20,1990,37.0
07,21,1990,2.0
07,22,1990,9.0
07,23,1990,0.0
07,24,1990,0.0
07,25,1990,0.0
07,26,1990,0.0
07,27,1990,0.0
07,28,1990,0.0
07,29,1990,0.0
07,30,1990,0.0
07,31,1990,6.0
08,01,1990,null
08,02,1990,null
08,03,1990,null
08,04,1990,null
08,05,1990,null
08,06,1990,null
08,07,1990,null
08,08,1990,null
08,09,1990,null
08,10,1990,null
08,11,1990,null
08,12,1990,null
08,13,1990,null
08,14,1990,null
08,15,1990,null
08,16,1990,null
08,17,1990,null
08,18,1990,null
08,19,1990,null
08,20,1990,null
08,21,1990,null
08,22,1990,null
08,23,1990,null
08,24,1990,null
08,25,1990,null
08,26,1990,null
08,27,1990,null
08,28,1990,null
08,29,1990,null
08,30,1990,null
08,31,1990,null
09,01,1990,null
09,02,1990,null
09,03,1990,null
09,04,1990,null
09,05,1990,null
09,06,1990,null
09,07,1990,null
09,08,1990,null
09,09,1990,null
09,10,1990,null
09,11,1990,null
09,12,1990,null
09,13,1990,null
09,14,1990,null
09,15,1990,null
09,16,1990,null
09,17,1990,null
09,18,1990,null
09,19,1990,null
09,20,1990,null
09,21,1990,null
09,22,1990,null
09,23,1990,null
09,24,1990,null
09,25,1990,null
09,26,1990,null
09,27,1990,null
09,28,1990,null
09,29,1990,null
09,30,1990,null
10,01,1990,null
10,02,1990,null
10,03,1990,null
10,04,1990,null
10,05,1990,null
10,06,1990,null
10,07,1990,null
10,08,1990,null
10,09,1990,null
10,10,1990,null
10,11,1990,null
10,12,1990,null
10,13,1990,null
10,14,1990,null
10,15,1990,null
10,16,1990,null
10,17,1990,null
10,18,1990,null
10,19,1990,null
10,20,1990,null
10,21,1990,null
10,22,1990,null
10,23,1990,null
10,24,1990,null
10,25,1990,null
10,26,1990,null
10,27,1990,null
10,28,1990,null
10,29,1990,null
10,30,1990,null
10,31,1990,null
11,01,1990,null
11,02,1990,null
11,03,1990,null
11,04,1990,null
11,05,1990,null
11,06,1990,null
11,07,1990,null
11,08,1990,null
11,09,1990,null
11,10,1990,null
11,11,1990,null
11,12,1990,null
11,13,1990,null
11,14,1990,null
11,15,1990,null
11,16,1990,null
11,17,1990,null
11,18,1990,null
11,19,1990,null
11,20,1990,null
11,21,1990,null
11,22,1990,null
11,23,1990,null
11,24,1990,null
11,25,1990,null
11,26,1990,null
11,27,1990,null
11,28,1990,null
11,29,1990,null
11,30,1990,null
12,01,1990,null
12,02,1990,null
12,03,1990,null
12,04,1990,null
12,05,1990,null
12,06,1990,null
12,07,1990,null
12,08,1990,null
12,09,1990,null
12,10,1990,null
12,11,1990,null
12,12,1990,null
12,13,1990,null
12,14,1990,null
12,15,1990,null
12,16,1990,null
12,17,1990,null
12,18,1990,null
12,19,1990,null
12,20,1990,null
12,21,1990,null
12,22,1990,null
12,23,1990,null
12,24,1990,null
12,25,1990,null
12,26,1990,null
12,27,1990,null
12,28,1990,null
12,29,1990,null
12,30,1990,null
12,31,1990,null
01,01,1991,null
01,02,1991,null
01,03,1991,null
01,04,1991,null
01,05,1991,null
01,06,1991,null
01,07,1991,null
01,08,1991,null
01,09,1991,null
01,10,1991,null
01,11,1991,null
01,12,1991,null
01,13,1991,null
01,14,1991,null
01,15,1991,null
01,16,1991,null
01,17,1991,null
01,18,1991,null
01,19,1991,null
01,20,1991,null
01,21,1991,null
01,22,1991,null
01,23,1991,null
01,24,1991,null
01,25,1991,null
01,26,1991,null
01,27,1991,null
01,28,1991,null
01,29,1991,null
01,30,1991,null
01,31,1991,null
02,01,1991,null
02,02,1991,null
02,03,1991,null
02,04,1991,null
02,05,1991,null
02,06,1991,null
02,07,1991,null
02,08,1991,null
02,09,1991,null
02,10,1991,null
02,11,1991,null
02,12,1991,null
02,13,1991,null
02,14,1991,null
02,15,1991,null
02,16,1991,null
02,17,1991,null
02,18,1991,null
02,19,1991,null
02,20,1991,null
02,21,1991,null
02,22,1991,null
02,23,1991,null
02,24,1991,null
02,25,1991,null
02,26,1991,null
02,27,1991,null
02,28,1991,null
03,01,1991,null
03,02,1991,null
03,03,1991,null
03,04,1991,null
03,05,1991,null
03,06,1991,null
03,07,1991,null
03,08,1991,null
03,09,1991,null
03,10,1991,null
03,11,1991,null
03,12,1991,null
03,13,1991,null
03,14,1991,null
03,15,1991,null
03,16,1991,null
03,17,1991,null
03,18,1991,null
03,19,1991,null
03,20,1991,null
03,21,1991,null
03,22,1991,null
03,23,1991,null
03,24,1991,null
03,25,1991,null
03,26,1991,null
03,27,1991,null
03,28,1991,null
03,29,1991,null
03,30,1991,null
03,31,1991,null
04,01,1991,null
04,02,1991,null
04,03,1991,null
04,04,1991,null
04,05,1991,null
04,06,1991,null
04,07,1991,null
04,08,1991,null
04,09,1991,null
04,10,1991,null
04,11,1991,null
04,12,1991,null
04,13,1991,null
04,14,1991,null
04,15,1991,null
04,16,1991,null
04,17,1991,null
04,18,1991,null
04,19,1991,null
04,20,1991,null
04,21,1991,null
04,22,1991,null
04,23,1991,null
04,24,1991,null
04,25,1991,null
04,26,1991,null
04,27,1991,null
04,28,1991,null
04,29,1991,null
04,30,1991,null
05,01,1991,0.0
05,02,1991,0.0
05,03,1991,0.0
05,04,1991,0.0
05,05,1991,0.0
05,06,1991,0.0
05,07,1991,0.0
05,08,1991,0.0
05,09,1991,0.0
05,10,1991,0.0
05,11,1991,0.0
05,12,1991,0.0
05,13,1991,0.0
05,14,1991,0.0
05,15,1991,0.0
05,16,1991,0.0
05,17,1991,0.0
05,18,1991,0.0
05,19,1991,0.0
05,20,1991,0.0
05,21,1991,0.0
05,22,1991,0.0
05,23,1991,0.0
05,24,1991,0.0
05,25,1991,0.0
05,26,1991,0.0
05,27,1991,0.0
05,28,1991,0.0
05,29,1991,0.0
05,30,1991,0.0
05,31,1991,0.0
06,01,1991,0.0
06,02,1991,0.0
06,03,1991,0.0
06,04,1991,0.0
06,05,1991,0.0
06,06,1991,0.0
06,07,1991,0.0
06,08,1991,0.0
06,09,1991,0.0
06,10,1991,0.0
06,11,1991,0.0
06,12,1991,0.0
06,13,1991,0.0
06,14,1991,0.0
06,15,1991,0.0
06,16,1991,0.0
06,17,1991,0.0
06,18,1991,0.0
06,19,1991,0.0
06,20,1991,0.0
06,21,1991,0.0
06,22,1991,0.0
06,23,1991,0.0
06,24,1991,0.0
06,25,1991,0.0
06,26,1991,0.0
06,27,1991,0.0
06,28,1991,0.0
06,29,1991,0.0
06,30,1991,0.0
07,01,1991,0.0
07,02,1991,0.0
07,03,1991,1.0
07,04,1991,0.0
07,05,1991,0.0
07,06,1991,0.0
07,07,1991,15.0
07,08,1991,3.0
07,09,1991,0.0
07,10,1991,0.0
07,11,1991,0.0
07,12,1991,0.0
07,13,1991,0.0
07,14,1991,0.0
07,15,1991,0.0
07,16,1991,0.0
07,17,1991,1.0
07,18,1991,0.0
07,19,1991,0.0
07,20,1991,0.0
07,21,1991,0.0
07,22,1991,0.0
07,23,1991,3.0
07,24,1991,1.0
07,25,1991,0.0
07,26,1991,0.0
07,27,1991,0.0
07,28,1991,0.0
07,29,1991,3.0
07,30,1991,2.0
07,31,1991,0.0
08,01,1991,0.0
08,02,1991,0.0
08,03,1991,1.0
08,04,1991,0.0
08,05,1991,3.0
08,06,1991,0.0
08,07,1991,0.0
08,08,1991,0.0
08,09,1991,20.0
08,10,1991,2.0
08,11,1991,0.0
08,12,1991,0.0
08,13,1991,0.0
08,14,1991,1.0
08,15,1991,1.0
08,16,1991,0.0
08,17,1991,0.0
08,18,1991,3.0
08,19,1991,4.0
08,20,1991,0.0
08,21,1991,0.0
08,22,1991,17.0
08,23,1991,0.0
08,24,1991,0.0
08,25,1991,1.0
08,26,1991,11.0
08,27,1991,5.0
08,28,1991,0.0
08,29,1991,6.0
08,30,1991,3.0
08,31,1991,0.0
09,01,1991,0.0
09,02,1991,0.0
09,03,1991,0.0
09,04,1991,0.0
09,05,1991,0.0
09,06,1991,0.0
09,07,1991,0.0
09,08,1991,0.0
09,09,1991,7.0
09,10,1991,0.0
09,11,1991,0.0
09,12,1991,0.0
09,13,1991,0.0
09,14,1991,0.0
09,15,1991,0.0
09,16,1991,0.0
09,17,1991,2.0
09,18,1991,0.0
09,19,1991,12.0
09,20,1991,0.0
09,21,1991,0.0
09,22,1991,0.0
09,23,1991,0.0
09,24,1991,0.0
09,25,1991,0.0
09,26,1991,0.0
09,27,1991,1.0
09,28,1991,0.0
09,29,1991,0.0
09,30,1991,0.0
10,01,1991,0.0
10,02,1991,0.0
10,03,1991,0.0
10,04,1991,0.0
10,05,1991,0.0
10,06,1991,0.0
10,07,1991,0.0
10,08,1991,0.0
10,09,1991,0.0
10,10,1991,0.0
10,11,1991,0.0
10,12,1991,0.0
10,13,1991,0.0
10,14,1991,0.0
10,15,1991,0.0
10,16,1991,0.0
10,17,1991,0.0
10,18,1991,0.0
10,19,1991,0.0
10,20,1991,0.0
10,21,1991,0.0
10,22,1991,1.0
10,23,1991,0.0
10,24,1991,0.0
10,25,1991,0.0
10,26,1991,0.0
10,27,1991,6.0
10,28,1991,0.0
10,29,1991,0.0
10,30,1991,0.0
10,31,1991,0.0
11,01,1991,0.0
11,02,1991,0.0
11,03,1991,0.0
11,04,1991,0.0
11,05,1991,0.0
11,06,1991,0.0
11,07,1991,0.0
11,08,1991,0.0
11,09,1991,0.0
11,10,1991,0.0
11,11,1991,0.0
11,12,1991,0.0
11,13,1991,5.0
11,14,1991,5.0
11,15,1991,7.0
11,16,1991,0.0
11,17,1991,0.0
11,18,1991,0.0
11,19,1991,0.0
11,20,1991,0.0
11,21,1991,0.0
11,22,1991,0.0
11,23,1991,0.0
11,24,1991,0.0
11,25,1991,0.0
11,26,1991,0.0
11,27,1991,0.0
11,28,1991,0.0
11,29,1991,0.0
11,30,1991,0.0
12,01,1991,0.0
12,02,1991,0.0
12,03,1991,0.0
12,04,1991,0.0
12,05,1991,0.0
12,06,1991,0.0
12,07,1991,0.0
12,08,1991,0.0
12,09,1991,0.0
12,10,1991,22.0
12,11,1991,1.0
12,12,1991,0.0
12,13,1991,0.0
12,14,1991,0.0
12,15,1991,0.0
12,16,1991,0.0
12,17,1991,19.0
12,18,1991,0.0
12,19,1991,9.0
12,20,1991,0.0
12,21,1991,19.0
12,22,1991,0.0
12,23,1991,0.0
12,24,1991,10.0
12,25,1991,1.0
12,26,1991,0.0
12,27,1991,0.0
12,28,1991,0.0
12,29,1991,0.0
12,30,1991,0.0
12,31,1991,0.0
01,01,1992,0.0
01,02,1992,0.0
01,03,1992,3.0
01,04,1992,1.0
01,05,1992,1.0
01,06,1992,6.0
01,07,1992,0.0
01,08,1992,0.0
01,09,1992,0.0
01,10,1992,7.0
01,11,1992,8.0
01,12,1992,3.0
01,13,1992,0.0
01,14,1992,0.0
01,15,1992,0.0
01,16,1992,0.0
01,17,1992,0.0
01,18,1992,0.0
01,19,1992,1.0
01,20,1992,3.0
01,21,1992,0.0
01,22,1992,0.0
01,23,1992,0.0
01,24,1992,0.0
01,25,1992,0.0
01,26,1992,0.0
01,27,1992,0.0
01,28,1992,0.0
01,29,1992,0.0
01,30,1992,0.0
01,31,1992,0.0
02,01,1992,0.0
02,02,1992,1.0
02,03,1992,1.0
02,04,1992,0.0
02,05,1992,0.0
02,06,1992,2.0
02,07,1992,0.0
02,08,1992,0.0
02,09,1992,1.0
02,10,1992,0.0
02,11,1992,0.0
02,12,1992,4.0
02,13,1992,0.0
02,14,1992,0.0
02,15,1992,0.0
02,16,1992,0.0
02,17,1992,0.0
02,18,1992,0.0
02,19,1992,0.0
02,20,1992,0.0
02,21,1992,0.0
02,22,1992,0.0
02,23,1992,0.0
02,24,1992,0.0
02,25,1992,0.0
02,26,1992,0.0
02,27,1992,0.0
02,28,1992,0.0
02,29,1992,0.0
03,01,1992,0.0
03,02,1992,14.0
03,03,1992,0.0
03,04,1992,0.0
03,05,1992,0.0
03,06,1992,0.0
03,07,1992,0.0
03,08,1992,3.0
03,09,1992,0.0
03,10,1992,0.0
03,11,1992,0.0
03,12,1992,0.0
03,13,1992,0.0
03,14,1992,0.0
03,15,1992,0.0
03,16,1992,0.0
03,17,1992,0.0
03,18,1992,0.0
03,19,1992,0.0
03,20,1992,0.0
03,21,1992,0.0
03,22,1992,0.0
03,23,1992,0.0
03,24,1992,0.0
03,25,1992,0.0
03,26,1992,3.0
03,27,1992,1.0
03,28,1992,4.0
03,29,1992,0.0
03,30,1992,0.0
03,31,1992,0.0
04,01,1992,5.0
04,02,1992,8.0
04,03,1992,0.0
04,04,1992,0.0
04,05,1992,0.0
04,06,1992,0.0
04,07,1992,0.0
04,08,1992,0.0
04,09,1992,0.0
04,10,1992,0.0
04,11,1992,0.0
04,12,1992,0.0
04,13,1992,0.0
04,14,1992,0.0
04,15,1992,0.0
04,16,1992,0.0
04,17,1992,0.0
04,18,1992,0.0
04,19,1992,0.0
04,20,1992,0.0
04,21,1992,0.0
04,22,1992,0.0
04,23,1992,0.0
04,24,1992,0.0
04,25,1992,0.0
04,26,1992,0.0
04,27,1992,0.0
04,28,1992,0.0
04,29,1992,0.0
04,30,1992,0.0
05,01,1992,0.0
05,02,1992,0.0
05,03,1992,1.0
05,04,1992,6.0
05,05,1992,0.0
05,06,1992,0.0
05,07,1992,0.0
05,08,1992,0.0
05,09,1992,0.0
05,10,1992,0.0
05,11,1992,0.0
05,12,1992,0.0
05,13,1992,0.0
05,14,1992,0.0
05,15,1992,0.0
05,16,1992,0.0
05,17,1992,0.0
05,18,1992,20.0
05,19,1992,1.0
05,20,1992,0.0
05,21,1992,9.0
05,22,1992,0.0
05,23,1992,0.0
05,24,1992,1.0
05,25,1992,1.0
05,26,1992,1.0
05,27,1992,0.0
05,28,1992,0.0
05,29,1992,1.0
05,30,1992,7.0
05,31,1992,0.0
06,01,1992,0.0
06,02,1992,0.0
06,03,1992,0.0
06,04,1992,0.0
06,05,1992,0.0
06,06,1992,0.0
06,07,1992,0.0
06,08,1992,0.0
06,09,1992,0.0
06,10,1992,0.0
06,11,1992,0.0
06,12,1992,0.0
06,13,1992,0.0
06,14,1992,0.0
06,15,1992,0.0
06,16,1992,0.0
06,17,1992,0.0
06,18,1992,0.0
06,19,1992,0.0
06,20,1992,0.0
06,21,1992,0.0
06,22,1992,4.0
06,23,1992,0.0
06,24,1992,0.0
06,25,1992,0.0
06,26,1992,0.0
06,27,1992,0.0
06,28,1992,0.0
06,29,1992,0.0
06,30,1992,0.0
07,01,1992,0.0
07,02,1992,0.0
07,03,1992,0.0
07,04,1992,0.0
07,05,1992,0.0
07,06,1992,3.0
07,07,1992,12.0
07,08,1992,0.0
07,09,1992,29.0
07,10,1992,6.0
07,11,1992,4.0
07,12,1992,0.0
07,13,1992,0.0
07,14,1992,0.0
07,15,1992,0.0
07,16,1992,0.0
07,17,1992,0.0
07,18,1992,0.0
07,19,1992,0.0
07,20,1992,0.0
07,21,1992,0.0
07,22,1992,5.0
07,23,1992,0.0
07,24,1992,0.0
07,25,1992,0.0
07,26,1992,0.0
07,27,1992,45.0
07,28,1992,0.0
07,29,1992,0.0
07,30,1992,0.0
07,31,1992,0.0
08,01,1992,null
08,02,1992,null
08,03,1992,null
08,04,1992,null
08,05,1992,null
08,06,1992,null
08,07,1992,null
08,08,1992,null
08,09,1992,null
08,10,1992,null
08,11,1992,null
08,12,1992,null
08,13,1992,null
08,14,1992,null
08,15,1992,null
08,16,1992,null
08,17,1992,null
08,18,1992,null
08,19,1992,null
08,20,1992,null
08,21,1992,null
08,22,1992,null
08,23,1992,null
08,24,1992,null
08,25,1992,null
08,26,1992,null
08,27,1992,null
08,28,1992,null
08,29,1992,null
08,30,1992,null
08,31,1992,null
09,01,1992,null
09,02,1992,null
09,03,1992,null
09,04,1992,null
09,05,1992,null
09,06,1992,null
09,07,1992,null
09,08,1992,null
09,09,1992,null
09,10,1992,null
09,11,1992,null
09,12,1992,null
09,13,1992,null
09,14,1992,null
09,15,1992,null
09,16,1992,null
09,17,1992,null
09,18,1992,null
09,19,1992,null
09,20,1992,null
09,21,1992,null
09,22,1992,null
09,23,1992,null
09,24,1992,null
09,25,1992,null
09,26,1992,null
09,27,1992,null
09,28,1992,null
09,29,1992,null
09,30,1992,null
10,01,1992,null
10,02,1992,null
10,03,1992,null
10,04,1992,null
10,05,1992,null
10,06,1992,null
10,07,1992,null
10,08,1992,null
10,09,1992,null
10,10,1992,null
10,11,1992,null
10,12,1992,null
10,13,1992,null
10,14,1992,null
10,15,1992,null
10,16,1992,null
10,17,1992,null
10,18,1992,null
10,19,1992,null
10,20,1992,null
10,21,1992,null
10,22,1992,null
10,23,1992,null
10,24,1992,null
10,25,1992,null
10,26,1992,null
10,27,1992,null
10,28,1992,null
10,29,1992,null
10,30,1992,null
10,31,1992,null
11,01,1992,null
11,02,1992,null
11,03,1992,null
11,04,1992,null
11,05,1992,null
11,06,1992,null
11,07,1992,null
11,08,1992,null
11,09,1992,null
11,10,1992,null
11,11,1992,null
11,12,1992,null
11,13,1992,null
11,14,1992,null
11,15,1992,null
11,16,1992,null
11,17,1992,null
11,18,1992,null
11,19,1992,null
11,20,1992,null
11,21,1992,null
11,22,1992,null
11,23,1992,null
11,24,1992,null
11,25,1992,null
11,26,1992,null
11,27,1992,null
11,28,1992,null
11,29,1992,null
11,30,1992,null
12,01,1992,null
12,02,1992,null
12,03,1992,null
12,04,1992,null
12,05,1992,null
12,06,1992,null
12,07,1992,null
12,08,1992,null
12,09,1992,null
12,10,1992,null
12,11,1992,null
12,12,1992,null
12,13,1992,null
12,14,1992,null
12,15,1992,null
12,16,1992,null
12,17,1992,null
12,18,1992,null
12,19,1992,null
12,20,1992,null
12,21,1992,null
12,22,1992,null
12,23,1992,null
12,24,1992,null
12,25,1992,null
12,26,1992,null
12,27,1992,null
12,28,1992,null
12,29,1992,null
12,30,1992,null
12,31,1992,null
01,01,1993,null
01,02,1993,null
01,03,1993,null
01,04,1993,null
01,05,1993,null
01,06,1993,null
01,07,1993,null
01,08,1993,null
01,09,1993,null
01,10,1993,null
01,11,1993,null
01,12,1993,null
01,13,1993,null
01,14,1993,null
01,15,1993,null
01,16,1993,null
01,17,1993,null
01,18,1993,null
01,19,1993,null
01,20,1993,null
01,21,1993,null
01,22,1993,null
01,23,1993,null
01,24,1993,null
01,25,1993,null
01,26,1993,null
01,27,1993,null
01,28,1993,null
01,29,1993,null
01,30,1993,null
01,31,1993,null
02,01,1993,null
02,02,1993,null
02,03,1993,null
02,04,1993,null
02,05,1993,null
02,06,1993,null
02,07,1993,null
02,08,1993,null
02,09,1993,null
02,10,1993,null
02,11,1993,null
02,12,1993,null
02,13,1993,null
02,14,1993,null
02,15,1993,null
02,16,1993,null
02,17,1993,null
02,18,1993,null
02,19,1993,null
02,20,1993,null
02,21,1993,null
02,22,1993,null
02,23,1993,null
02,24,1993,null
02,25,1993,null
02,26,1993,null
02,27,1993,null
02,28,1993,null
03,01,1993,null
03,02,1993,null
03,03,1993,null
03,04,1993,null
03,05,1993,null
03,06,1993,null
03,07,1993,null
03,08,1993,null
03,09,1993,null
03,10,1993,null
03,11,1993,null
03,12,1993,null
03,13,1993,null
03,14,1993,null
03,15,1993,null
03,16,1993,null
03,17,1993,null
03,18,1993,null
03,19,1993,null
03,20,1993,null
03,21,1993,null
03,22,1993,null
03,23,1993,null
03,24,1993,null
03,25,1993,null
03,26,1993,null
03,27,1993,null
03,28,1993,null
03,29,1993,null
03,30,1993,null
03,31,1993,null
04,01,1993,null
04,02,1993,null
04,03,1993,null
04,04,1993,null
04,05,1993,null
04,06,1993,null
04,07,1993,null
04,08,1993,null
04,09,1993,null
04,10,1993,null
04,11,1993,null
04,12,1993,null
04,13,1993,null
04,14,1993,null
04,15,1993,null
04,16,1993,null
04,17,1993,null
04,18,1993,null
04,19,1993,null
04,20,1993,null
04,21,1993,null
04,22,1993,null
04,23,1993,null
04,24,1993,null
04,25,1993,null
04,26,1993,null
04,27,1993,null
04,28,1993,null
04,29,1993,null
04,30,1993,null
05,01,1993,null
05,02,1993,null
05,03,1993,null
05,04,1993,null
05,05,1993,null
05,06,1993,null
05,07,1993,null
05,08,1993,null
05,09,1993,null
05,10,1993,null
05,11,1993,null
05,12,1993,null
05,13,1993,null
05,14,1993,null
05,15,1993,null
05,16,1993,null
05,17,1993,null
05,18,1993,null
05,19,1993,null
05,20,1993,null
05,21,1993,null
05,22,1993,null
05,23,1993,null
05,24,1993,null
05,25,1993,null
05,26,1993,null
05,27,1993,null
05,28,1993,null
05,29,1993,null
05,30,1993,null
05,31,1993,null
06,01,1993,null
06,02,1993,null
06,03,1993,null
06,04,1993,null
06,05,1993,null
06,06,1993,null
06,07,1993,null
06,08,1993,null
06,09,1993,null
06,10,1993,null
06,11,1993,null
06,12,1993,null
06,13,1993,null
06,14,1993,null
06,15,1993,null
06,16,1993,null
06,17,1993,null
06,18,1993,null
06,19,1993,null
06,20,1993,null
06,21,1993,null
06,22,1993,null
06,23,1993,null
06,24,1993,null
06,25,1993,null
06,26,1993,null
06,27,1993,null
06,28,1993,null
06,29,1993,null
06,30,1993,null
07,01,1993,null
07,02,1993,null
07,03,1993,null
07,04,1993,null
07,05,1993,null
07,06,1993,null
07,07,1993,null
07,08,1993,null
07,09,1993,null
07,10,1993,null
07,11,1993,null
07,12,1993,null
07,13,1993,null
07,14,1993,null
07,15,1993,null
07,16,1993,null
07,17,1993,null
07,18,1993,null
07,19,1993,null
07,20,1993,null
07,21,1993,null
07,22,1993,null
07,23,1993,null
07,24,1993,null
07,25,1993,null
07,26,1993,null
07,27,1993,null
07,28,1993,null
07,29,1993,null
07,30,1993,null
07,31,1993,null
08,01,1993,null
08,02,1993,null
08,03,1993,null
08,04,1993,null
08,05,1993,null
08,06,1993,null
08,07,1993,null
08,08,1993,null
08,09,1993,null
08,10,1993,null
08,11,1993,null
08,12,1993,null
08,13,1993,null
08,14,1993,null
08,15,1993,null
08,16,1993,null
08,17,1993,null
08,18,1993,null
08,19,1993,null
08,20,1993,null
08,21,1993,null
08,22,1993,null
08,23,1993,null
08,24,1993,null
08,25,1993,null
08,26,1993,null
08,27,1993,null
08,28,1993,null
08,29,1993,null
08,30,1993,null
08,31,1993,null
09,01,1993,null
09,02,1993,null
09,03,1993,null
09,04,1993,null
09,05,1993,null
09,06,1993,null
09,07,1993,null
09,08,1993,null
09,09,1993,null
09,10,1993,null
09,11,1993,null
09,12,1993,null
09,13,1993,null
09,14,1993,null
09,15,1993,null
09,16,1993,null
09,17,1993,null
09,18,1993,null
09,19,1993,null
09,20,1993,null
09,21,1993,null
09,22,1993,null
09,23,1993,null
09,24,1993,null
09,25,1993,null
09,26,1993,null
09,27,1993,null
09,28,1993,null
09,29,1993,null
09,30,1993,null
10,01,1993,null
10,02,1993,null
10,03,1993,null
10,04,1993,null
10,05,1993,null
10,06,1993,null
10,07,1993,null
10,08,1993,null
10,09,1993,null
10,10,1993,null
10,11,1993,null
10,12,1993,null
10,13,1993,null
10,14,1993,null
10,15,1993,null
10,16,1993,null
10,17,1993,null
10,18,1993,null
10,19,1993,null
10,20,1993,null
10,21,1993,null
10,22,1993,null
10,23,1993,null
10,24,1993,null
10,25,1993,null
10,26,1993,null
10,27,1993,null
10,28,1993,null
10,29,1993,null
10,30,1993,null
10,31,1993,null
11,01,1993,null
11,02,1993,null
11,03,1993,null
11,04,1993,null
11,05,1993,null
11,06,1993,null
11,07,1993,null
11,08,1993,null
11,09,1993,null
11,10,1993,null
11,11,1993,null
11,12,1993,null
11,13,1993,null
11,14,1993,null
11,15,1993,null
11,16,1993,null
11,17,1993,null
11,18,1993,null
11,19,1993,null
11,20,1993,null
11,21,1993,null
11,22,1993,null
11,23,1993,null
11,24,1993,null
11,25,1993,null
11,26,1993,null
11,27,1993,null
11,28,1993,null
11,29,1993,null
11,30,1993,null
12,01,1993,0.0
12,02,1993,0.0
12,03,1993,0.0
12,04,1993,0.0
12,05,1993,0.0
12,06,1993,0.0
12,07,1993,0.0
12,08,1993,0.0
12,09,1993,0.0
12,10,1993,0.0
12,11,1993,0.0
12,12,1993,0.0
12,13,1993,0.0
12,14,1993,0.0
12,15,1993,0.0
12,16,1993,0.0
12,17,1993,0.0
12,18,1993,null
12,19,1993,null
12,20,1993,null
12,21,1993,null
12,22,1993,null
12,23,1993,null
12,24,1993,null
12,25,1993,null
12,26,1993,null
12,27,1993,null
12,28,1993,null
12,29,1993,null
12,30,1993,null
12,31,1993,null
01,01,1994,0.0
01,02,1994,0.0
01,03,1994,0.0
01,04,1994,0.0
01,05,1994,0.0
01,06,1994,0.0
01,07,1994,0.0
01,08,1994,0.0
01,09,1994,0.0
01,10,1994,0.0
01,11,1994,0.0
01,12,1994,0.0
01,13,1994,0.0
01,14,1994,0.0
01,15,1994,0.0
01,16,1994,0.0
01,17,1994,0.0
01,18,1994,0.0
01,19,1994,0.0
01,20,1994,0.0
01,21,1994,0.0
01,22,1994,0.0
01,23,1994,0.0
01,24,1994,0.0
01,25,1994,0.0
01,26,1994,0.0
01,27,1994,0.0
01,28,1994,0.0
01,29,1994,null
01,30,1994,null
01,31,1994,null
02,01,1994,null
02,02,1994,null
02,03,1994,null
02,04,1994,null
02,05,1994,null
02,06,1994,null
02,07,1994,null
02,08,1994,null
02,09,1994,null
02,10,1994,null
02,11,1994,null
02,12,1994,null
02,13,1994,null
02,14,1994,null
02,15,1994,null
02,16,1994,null
02,17,1994,null
02,18,1994,0.0
02,19,1994,0.0
02,20,1994,0.0
02,21,1994,0.0
02,22,1994,0.0
02,23,1994,0.0
02,24,1994,0.0
02,25,1994,0.0
02,26,1994,0.0
02,27,1994,0.0
02,28,1994,0.0
03,01,1994,0.0
03,02,1994,0.0
03,03,1994,0.0
03,04,1994,0.0
03,05,1994,0.0
03,06,1994,0.0
03,07,1994,0.0
03,08,1994,0.0
03,09,1994,0.0
03,10,1994,0.0
03,11,1994,0.0
03,12,1994,0.0
03,13,1994,0.0
03,14,1994,0.0
03,15,1994,0.0
03,16,1994,0.0
03,17,1994,0.0
03,18,1994,0.0
03,19,1994,4.0
03,20,1994,0.0
03,21,1994,0.0
03,22,1994,0.0
03,23,1994,0.0
03,24,1994,0.0
03,25,1994,1.0
03,26,1994,1.0
03,27,1994,0.0
03,28,1994,0.0
03,29,1994,0.0
03,30,1994,0.0
03,31,1994,0.0
04,01,1994,0.0
04,02,1994,0.0
04,03,1994,0.0
04,04,1994,0.0
04,05,1994,0.0
04,06,1994,0.0
04,07,1994,0.0
04,08,1994,0.0
04,09,1994,0.0
04,10,1994,0.0
04,11,1994,0.0
04,12,1994,0.0
04,13,1994,0.0
04,14,1994,0.0
04,15,1994,0.0
04,16,1994,0.0
04,17,1994,0.0
04,18,1994,0.0
04,19,1994,0.0
04,20,1994,0.0
04,21,1994,0.0
04,22,1994,0.0
04,23,1994,0.0
04,24,1994,0.0
04,25,1994,0.0
04,26,1994,0.0
04,27,1994,0.0
04,28,1994,0.0
04,29,1994,0.0
04,30,1994,0.0
05,01,1994,0.0
05,02,1994,0.0
05,03,1994,0.0
05,04,1994,0.0
05,05,1994,0.0
05,06,1994,0.0
05,07,1994,0.0
05,08,1994,0.0
05,09,1994,0.0
05,10,1994,0.0
05,11,1994,0.0
05,12,1994,0.0
05,13,1994,0.0
05,14,1994,0.0
05,15,1994,0.0
05,16,1994,0.0
05,17,1994,0.0
05,18,1994,0.0
05,19,1994,0.0
05,20,1994,0.0
05,21,1994,0.0
05,22,1994,0.0
05,23,1994,1.0
05,24,1994,0.0
05,25,1994,0.0
05,26,1994,0.0
05,27,1994,0.0
05,28,1994,0.0
05,29,1994,0.0
05,30,1994,0.0
05,31,1994,0.0
06,01,1994,0.0
06,02,1994,0.0
06,03,1994,0.0
06,04,1994,0.0
06,05,1994,0.0
06,06,1994,0.0
06,07,1994,0.0
06,08,1994,0.0
06,09,1994,0.0
06,10,1994,0.0
06,11,1994,0.0
06,12,1994,0.0
06,13,1994,0.0
06,14,1994,0.0
06,15,1994,0.0
06,16,1994,0.0
06,17,1994,0.0
06,18,1994,0.0
06,19,1994,0.0
06,20,1994,0.0
06,21,1994,0.0
06,22,1994,0.0
06,23,1994,null
06,24,1994,null
06,25,1994,null
06,26,1994,null
06,27,1994,null
06,28,1994,null
06,29,1994,null
06,30,1994,null
07,01,1994,0.0
07,02,1994,0.0
07,03,1994,0.0
07,04,1994,0.0
07,05,1994,0.0
07,06,1994,3.0
07,07,1994,12.0
07,08,1994,0.0
07,09,1994,29.0
07,10,1994,6.0
07,11,1994,4.0
07,12,1994,0.0
07,13,1994,0.0
07,14,1994,0.0
07,15,1994,0.0
07,16,1994,0.0
07,17,1994,0.0
07,18,1994,0.0
07,19,1994,0.0
07,20,1994,0.0
07,21,1994,0.0
07,22,1994,5.0
07,23,1994,0.0
07,24,1994,0.0
07,25,1994,0.0
07,26,1994,0.0
07,27,1994,45.0
07,28,1994,0.0
07,29,1994,0.0
07,30,1994,0.0
07,31,1994,0.0
08,01,1994,null
08,02,1994,null
08,03,1994,null
08,04,1994,null
08,05,1994,null
08,06,1994,0.0
08,07,1994,18.0
08,08,1994,0.0
08,09,1994,0.0
08,10,1994,0.0
08,11,1994,1.0
08,12,1994,0.0
08,13,1994,0.0
08,14,1994,0.0
08,15,1994,0.0
08,16,1994,0.0
08,17,1994,0.0
08,18,1994,0.0
08,19,1994,14.0
08,20,1994,14.0
08,21,1994,12.0
08,22,1994,0.0
08,23,1994,0.0
08,24,1994,0.0
08,25,1994,12.0
08,26,1994,0.0
08,27,1994,0.0
08,28,1994,0.0
08,29,1994,0.0
08,30,1994,0.0
08,31,1994,0.0
09,01,1994,0.0
09,02,1994,21.0
09,03,1994,0.0
09,04,1994,2.0
09,05,1994,0.0
09,06,1994,0.0
09,07,1994,0.0
09,08,1994,0.0
09,09,1994,5.0
09,10,1994,0.0
09,11,1994,0.0
09,12,1994,2.0
09,13,1994,1.0
09,14,1994,0.0
09,15,1994,0.0
09,16,1994,0.0
09,17,1994,0.0
09,18,1994,0.0
09,19,1994,0.0
09,20,1994,1.0
09,21,1994,0.0
09,22,1994,0.0
09,23,1994,0.0
09,24,1994,0.0
09,25,1994,0.0
09,26,1994,0.0
09,27,1994,0.0
09,28,1994,0.0
09,29,1994,0.0
09,30,1994,0.0
10,01,1994,null
10,02,1994,null
10,03,1994,null
10,04,1994,null
10,05,1994,null
10,06,1994,null
10,07,1994,null
10,08,1994,null
10,09,1994,null
10,10,1994,null
10,11,1994,null
10,12,1994,null
10,13,1994,null
10,14,1994,null
10,15,1994,null
10,16,1994,null
10,17,1994,null
10,18,1994,null
10,19,1994,null
10,20,1994,null
10,21,1994,null
10,22,1994,null
10,23,1994,null
10,24,1994,null
10,25,1994,null
10,26,1994,null
10,27,1994,null
10,28,1994,null
10,29,1994,null
10,30,1994,null
10,31,1994,null
11,01,1994,null
11,02,1994,null
11,03,1994,null
11,04,1994,null
11,05,1994,null
11,06,1994,null
11,07,1994,null
11,08,1994,null
11,09,1994,null
11,10,1994,null
11,11,1994,null
11,12,1994,null
11,13,1994,null
11,14,1994,null
11,15,1994,null
11,16,1994,null
11,17,1994,null
11,18,1994,null
11,19,1994,null
11,20,1994,null
11,21,1994,null
11,22,1994,null
11,23,1994,null
11,24,1994,null
11,25,1994,null
11,26,1994,null
11,27,1994,null
11,28,1994,null
11,29,1994,null
11,30,1994,null
12,01,1994,null
12,02,1994,null
12,03,1994,null
12,04,1994,null
12,05,1994,null
12,06,1994,null
12,07,1994,null
12,08,1994,null
12,09,1994,null
12,10,1994,null
12,11,1994,null
12,12,1994,null
12,13,1994,null
12,14,1994,null
12,15,1994,null
12,16,1994,null
12,17,1994,null
12,18,1994,null
12,19,1994,null
12,20,1994,null
12,21,1994,null
12,22,1994,null
12,23,1994,null
12,24,1994,null
12,25,1994,null
12,26,1994,null
12,27,1994,null
12,28,1994,null
12,29,1994,null
12,30,1994,null
12,31,1994,null
01,01,1995,null
01,02,1995,null
01,03,1995,null
01,04,1995,null
01,05,1995,null
01,06,1995,null
01,07,1995,null
01,08,1995,null
01,09,1995,null
01,10,1995,null
01,11,1995,null
01,12,1995,null
01,13,1995,null
01,14,1995,null
01,15,1995,null
01,16,1995,null
01,17,1995,null
01,18,1995,null
01,19,1995,null
01,20,1995,null
01,21,1995,null
01,22,1995,null
01,23,1995,null
01,24,1995,null
01,25,1995,null
01,26,1995,null
01,27,1995,null
01,28,1995,null
01,29,1995,null
01,30,1995,null
01,31,1995,null
02,01,1995,0.0
02,02,1995,0.0
02,03,1995,0.0
02,04,1995,0.0
02,05,1995,0.0
02,06,1995,0.0
02,07,1995,0.0
02,08,1995,0.0
02,09,1995,0.0
02,10,1995,0.0
02,11,1995,0.0
02,12,1995,0.0
02,13,1995,0.0
02,14,1995,0.0
02,15,1995,0.0
02,16,1995,0.0
02,17,1995,0.0
02,18,1995,0.0
02,19,1995,0.0
02,20,1995,0.0
02,21,1995,0.0
02,22,1995,0.0
02,23,1995,0.0
02,24,1995,0.0
02,25,1995,0.0
02,26,1995,0.0
02,27,1995,0.0
02,28,1995,0.0
03,01,1995,0.0
03,02,1995,0.0
03,03,1995,0.0
03,04,1995,0.0
03,05,1995,0.0
03,06,1995,0.0
03,07,1995,0.0
03,08,1995,0.0
03,09,1995,0.0
03,10,1995,0.0
03,11,1995,0.0
03,12,1995,0.0
03,13,1995,0.0
03,14,1995,0.0
03,15,1995,0.0
03,16,1995,0.0
03,17,1995,0.0
03,18,1995,0.0
03,19,1995,5.0
03,20,1995,0.0
03,21,1995,0.0
03,22,1995,0.0
03,23,1995,0.0
03,24,1995,2.0
03,25,1995,0.0
03,26,1995,2.0
03,27,1995,1.0
03,28,1995,0.0
03,29,1995,1.0
03,30,1995,0.0
03,31,1995,0.0
04,01,1995,0.0
04,02,1995,0.0
04,03,1995,0.0
04,04,1995,0.0
04,05,1995,0.0
04,06,1995,0.0
04,07,1995,0.0
04,08,1995,0.0
04,09,1995,0.0
04,10,1995,1.0
04,11,1995,0.0
04,12,1995,0.0
04,13,1995,1.0
04,14,1995,0.0
04,15,1995,2.0
04,16,1995,0.0
04,17,1995,0.0
04,18,1995,0.0
04,19,1995,0.0
04,20,1995,1.0
04,21,1995,0.0
04,22,1995,0.0
04,23,1995,0.0
04,24,1995,0.0
04,25,1995,0.0
04,26,1995,0.0
04,27,1995,0.0
04,28,1995,0.0
04,29,1995,0.0
04,30,1995,0.0
05,01,1995,0.0
05,02,1995,0.0
05,03,1995,0.0
05,04,1995,0.0
05,05,1995,0.0
05,06,1995,0.0
05,07,1995,0.0
05,08,1995,0.0
05,09,1995,0.0
05,10,1995,0.0
05,11,1995,1.0
05,12,1995,0.0
05,13,1995,0.0
05,14,1995,1.0
05,15,1995,0.0
05,16,1995,0.0
05,17,1995,0.0
05,18,1995,0.0
05,19,1995,0.0
05,20,1995,0.0
05,21,1995,0.0
05,22,1995,0.0
05,23,1995,1.0
05,24,1995,0.0
05,25,1995,0.0
05,26,1995,0.0
05,27,1995,0.0
05,28,1995,0.0
05,29,1995,0.0
05,30,1995,0.0
05,31,1995,0.0
06,01,1995,0.0
06,02,1995,0.0
06,03,1995,0.0
06,04,1995,0.0
06,05,1995,0.0
06,06,1995,0.0
06,07,1995,0.0
06,08,1995,0.0
06,09,1995,1.0
06,10,1995,0.0
06,11,1995,0.0
06,12,1995,0.0
06,13,1995,0.0
06,14,1995,0.0
06,15,1995,0.0
06,16,1995,0.0
06,17,1995,0.0
06,18,1995,0.0
06,19,1995,0.0
06,20,1995,0.0
06,21,1995,0.0
06,22,1995,0.0
06,23,1995,0.0
06,24,1995,2.0
06,25,1995,0.0
06,26,1995,0.0
06,27,1995,0.0
06,28,1995,0.0
06,29,1995,0.0
06,30,1995,0.0
07,01,1995,0.0
07,02,1995,0.0
07,03,1995,0.0
07,04,1995,0.0
07,05,1995,0.0
07,06,1995,0.0
07,07,1995,0.0
07,08,1995,0.0
07,09,1995,0.0
07,10,1995,0.0
07,11,1995,0.0
07,12,1995,0.0
07,13,1995,0.0
07,14,1995,1.0
07,15,1995,0.0
07,16,1995,1.0
07,17,1995,0.0
07,18,1995,0.0
07,19,1995,0.0
07,20,1995,0.0
07,21,1995,0.0
07,22,1995,0.0
07,23,1995,0.0
07,24,1995,0.0
07,25,1995,0.0
07,26,1995,0.0
07,27,1995,0.0
07,28,1995,0.0
07,29,1995,0.0
07,30,1995,0.0
07,31,1995,0.0
08,01,1995,0.0
08,02,1995,0.0
08,03,1995,0.0
08,04,1995,0.0
08,05,1995,0.0
08,06,1995,0.0
08,07,1995,0.0
08,08,1995,0.0
08,09,1995,0.0
08,10,1995,10.0
08,11,1995,0.0
08,12,1995,0.0
08,13,1995,0.0
08,14,1995,0.0
08,15,1995,0.0
08,16,1995,3.0
08,17,1995,0.0
08,18,1995,1.0
08,19,1995,0.0
08,20,1995,0.0
08,21,1995,0.0
08,22,1995,0.0
08,23,1995,1.0
08,24,1995,0.0
08,25,1995,0.0
08,26,1995,0.0
08,27,1995,0.0
08,28,1995,0.0
08,29,1995,0.0
08,30,1995,0.0
08,31,1995,0.0
09,01,1995,0.0
09,02,1995,0.0
09,03,1995,0.0
09,04,1995,10.0
09,05,1995,0.0
09,06,1995,0.0
09,07,1995,8.0
09,08,1995,0.0
09,09,1995,0.0
09,10,1995,0.0
09,11,1995,0.0
09,12,1995,0.0
09,13,1995,0.0
09,14,1995,0.0
09,15,1995,0.0
09,16,1995,0.0
09,17,1995,0.0
09,18,1995,0.0
09,19,1995,0.0
09,20,1995,0.0
09,21,1995,0.0
09,22,1995,0.0
09,23,1995,0.0
09,24,1995,0.0
09,25,1995,0.0
09,26,1995,0.0
09,27,1995,0.0
09,28,1995,0.0
09,29,1995,0.0
09,30,1995,0.0
10,01,1995,0.0
10,02,1995,0.0
10,03,1995,0.0
10,04,1995,0.0
10,05,1995,0.0
10,06,1995,0.0
10,07,1995,0.0
10,08,1995,0.0
10,09,1995,0.0
10,10,1995,0.0
10,11,1995,0.0
10,12,1995,0.0
10,13,1995,0.0
10,14,1995,0.0
10,15,1995,0.0
10,16,1995,0.0
10,17,1995,0.0
10,18,1995,0.0
10,19,1995,0.0
10,20,1995,0.0
10,21,1995,0.0
10,22,1995,0.0
10,23,1995,0.0
10,24,1995,0.0
10,25,1995,0.0
10,26,1995,0.0
10,27,1995,0.0
10,28,1995,0.0
10,29,1995,0.0
10,30,1995,0.0
10,31,1995,0.0
11,01,1995,0.0
11,02,1995,0.0
11,03,1995,0.0
11,04,1995,0.0
11,05,1995,8.0
11,06,1995,3.5
11,07,1995,0.0
11,08,1995,0.0
11,09,1995,0.0
11,10,1995,0.0
11,11,1995,0.0
11,12,1995,0.0
11,13,1995,0.0
11,14,1995,0.0
11,15,1995,0.0
11,16,1995,0.0
11,17,1995,0.0
11,18,1995,0.0
11,19,1995,0.0
11,20,1995,0.0
11,21,1995,0.0
11,22,1995,0.0
11,23,1995,0.0
11,24,1995,0.0
11,25,1995,0.0
11,26,1995,0.0
11,27,1995,0.0
11,28,1995,0.0
11,29,1995,0.0
11,30,1995,0.0
12,01,1995,0.0
12,02,1995,0.0
12,03,1995,0.0
12,04,1995,0.0
12,05,1995,0.0
12,06,1995,0.0
12,07,1995,0.0
12,08,1995,0.0
12,09,1995,0.0
12,10,1995,0.0
12,11,1995,0.0
12,12,1995,0.0
12,13,1995,0.0
12,14,1995,0.0
12,15,1995,0.0
12,16,1995,7.0
12,17,1995,0.0
12,18,1995,0.0
12,19,1995,0.0
12,20,1995,1.5
12,21,1995,0.0
12,22,1995,0.0
12,23,1995,0.0
12,24,1995,0.0
12,25,1995,0.0
12,26,1995,0.0
12,27,1995,0.0
12,28,1995,0.0
12,29,1995,0.0
12,30,1995,0.0
12,31,1995,0.0
01,01,1996,null
01,02,1996,null
01,03,1996,null
01,04,1996,null
01,05,1996,null
01,06,1996,null
01,07,1996,null
01,08,1996,null
01,09,1996,null
01,10,1996,null
01,11,1996,null
01,12,1996,null
01,13,1996,null
01,14,1996,null
01,15,1996,null
01,16,1996,null
01,17,1996,null
01,18,1996,null
01,19,1996,null
01,20,1996,null
01,21,1996,null
01,22,1996,null
01,23,1996,null
01,24,1996,null
01,25,1996,null
01,26,1996,null
01,27,1996,null
01,28,1996,null
01,29,1996,null
01,30,1996,null
01,31,1996,null
02,01,1996,null
02,02,1996,null
02,03,1996,null
02,04,1996,null
02,05,1996,null
02,06,1996,null
02,07,1996,null
02,08,1996,null
02,09,1996,null
02,10,1996,null
02,11,1996,null
02,12,1996,null
02,13,1996,null
02,14,1996,null
02,15,1996,null
02,16,1996,null
02,17,1996,null
02,18,1996,null
02,19,1996,null
02,20,1996,null
02,21,1996,null
02,22,1996,null
02,23,1996,null
02,24,1996,null
02,25,1996,null
02,26,1996,null
02,27,1996,null
02,28,1996,null
02,29,1996,null
03,01,1996,null
03,02,1996,null
03,03,1996,null
03,04,1996,null
03,05,1996,null
03,06,1996,null
03,07,1996,null
03,08,1996,null
03,09,1996,null
03,10,1996,null
03,11,1996,null
03,12,1996,null
03,13,1996,null
03,14,1996,null
03,15,1996,null
03,16,1996,null
03,17,1996,null
03,18,1996,null
03,19,1996,null
03,20,1996,null
03,21,1996,null
03,22,1996,null
03,23,1996,null
03,24,1996,null
03,25,1996,null
03,26,1996,null
03,27,1996,null
03,28,1996,null
03,29,1996,null
03,30,1996,null
03,31,1996,null
04,01,1996,null
04,02,1996,null
04,03,1996,null
04,04,1996,null
04,05,1996,null
04,06,1996,null
04,07,1996,null
04,08,1996,null
04,09,1996,null
04,10,1996,null
04,11,1996,null
04,12,1996,null
04,13,1996,null
04,14,1996,null
04,15,1996,null
04,16,1996,null
04,17,1996,null
04,18,1996,null
04,19,1996,null
04,20,1996,null
04,21,1996,null
04,22,1996,null
04,23,1996,null
04,24,1996,null
04,25,1996,null
04,26,1996,null
04,27,1996,null
04,28,1996,null
04,29,1996,null
04,30,1996,null
05,01,1996,null
05,02,1996,null
05,03,1996,null
05,04,1996,null
05,05,1996,null
05,06,1996,null
05,07,1996,null
05,08,1996,null
05,09,1996,null
05,10,1996,null
05,11,1996,null
05,12,1996,null
05,13,1996,null
05,14,1996,null
05,15,1996,null
05,16,1996,null
05,17,1996,null
05,18,1996,null
05,19,1996,null
05,20,1996,null
05,21,1996,null
05,22,1996,null
05,23,1996,null
05,24,1996,null
05,25,1996,null
05,26,1996,null
05,27,1996,null
05,28,1996,null
05,29,1996,null
05,30,1996,null
05,31,1996,null
06,01,1996,null
06,02,1996,null
06,03,1996,null
06,04,1996,null
06,05,1996,null
06,06,1996,null
06,07,1996,null
06,08,1996,null
06,09,1996,null
06,10,1996,null
06,11,1996,null
06,12,1996,null
06,13,1996,null
06,14,1996,null
06,15,1996,null
06,16,1996,null
06,17,1996,null
06,18,1996,null
06,19,1996,null
06,20,1996,null
06,21,1996,null
06,22,1996,null
06,23,1996,null
06,24,1996,null
06,25,1996,null
06,26,1996,null
06,27,1996,null
06,28,1996,null
06,29,1996,null
06,30,1996,null
07,01,1996,null
07,02,1996,null
07,03,1996,null
07,04,1996,null
07,05,1996,null
07,06,1996,null
07,07,1996,null
07,08,1996,null
07,09,1996,null
07,10,1996,null
07,11,1996,null
07,12,1996,null
07,13,1996,null
07,14,1996,null
07,15,1996,null
07,16,1996,null
07,17,1996,null
07,18,1996,null
07,19,1996,null
07,20,1996,null
07,21,1996,null
07,22,1996,null
07,23,1996,null
07,24,1996,null
07,25,1996,null
07,26,1996,null
07,27,1996,null
07,28,1996,null
07,29,1996,null
07,30,1996,null
07,31,1996,null
08,01,1996,null
08,02,1996,null
08,03,1996,null
08,04,1996,null
08,05,1996,null
08,06,1996,null
08,07,1996,null
08,08,1996,null
08,09,1996,null
08,10,1996,null
08,11,1996,null
08,12,1996,null
08,13,1996,null
08,14,1996,null
08,15,1996,null
08,16,1996,null
08,17,1996,null
08,18,1996,null
08,19,1996,null
08,20,1996,null
08,21,1996,null
08,22,1996,null
08,23,1996,null
08,24,1996,null
08,25,1996,null
08,26,1996,null
08,27,1996,null
08,28,1996,null
08,29,1996,null
08,30,1996,null
08,31,1996,null
09,01,1996,null
09,02,1996,null
09,03,1996,null
09,04,1996,null
09,05,1996,null
09,06,1996,null
09,07,1996,null
09,08,1996,null
09,09,1996,null
09,10,1996,null
09,11,1996,null
09,12,1996,null
09,13,1996,null
09,14,1996,null
09,15,1996,null
09,16,1996,null
09,17,1996,null
09,18,1996,null
09,19,1996,null
09,20,1996,null
09,21,1996,null
09,22,1996,null
09,23,1996,null
09,24,1996,null
09,25,1996,null
09,26,1996,null
09,27,1996,null
09,28,1996,null
09,29,1996,null
09,30,1996,null
10,01,1996,null
10,02,1996,null
10,03,1996,null
10,04,1996,null
10,05,1996,null
10,06,1996,null
10,07,1996,null
10,08,1996,null
10,09,1996,null
10,10,1996,null
10,11,1996,null
10,12,1996,null
10,13,1996,null
10,14,1996,null
10,15,1996,null
10,16,1996,null
10,17,1996,null
10,18,1996,null
10,19,1996,null
10,20,1996,null
10,21,1996,null
10,22,1996,null
10,23,1996,null
10,24,1996,null
10,25,1996,null
10,26,1996,null
10,27,1996,null
10,28,1996,null
10,29,1996,null
10,30,1996,null
10,31,1996,null
11,01,1996,null
11,02,1996,null
11,03,1996,null
11,04,1996,null
11,05,1996,null
11,06,1996,null
11,07,1996,null
11,08,1996,null
11,09,1996,null
11,10,1996,null
11,11,1996,null
11,12,1996,null
11,13,1996,null
11,14,1996,null
11,15,1996,null
11,16,1996,null
11,17,1996,null
11,18,1996,null
11,19,1996,null
11,20,1996,null
11,21,1996,null
11,22,1996,null
11,23,1996,null
11,24,1996,null
11,25,1996,null
11,26,1996,null
11,27,1996,null
11,28,1996,null
11,29,1996,null
11,30,1996,null
12,01,1996,null
12,02,1996,null
12,03,1996,null
12,04,1996,null
12,05,1996,null
12,06,1996,null
12,07,1996,null
12,08,1996,null
12,09,1996,null
12,10,1996,null
12,11,1996,null
12,12,1996,null
12,13,1996,null
12,14,1996,null
12,15,1996,null
12,16,1996,null
12,17,1996,null
12,18,1996,0.0
12,19,1996,0.0
12,20,1996,0.0
12,21,1996,0.0
12,22,1996,0.0
12,23,1996,0.0
12,24,1996,0.0
12,25,1996,0.0
12,26,1996,0.0
12,27,1996,0.0
12,28,1996,0.0
12,29,1996,0.0
12,30,1996,0.0
12,31,1996,0.0
01,01,1997,0.0
01,02,1997,0.0
01,03,1997,0.0
01,04,1997,0.0
01,05,1997,0.0
01,06,1997,0.0
01,07,1997,11.0
01,08,1997,0.0
01,09,1997,0.0
01,10,1997,0.0
01,11,1997,0.0
01,12,1997,0.0
01,13,1997,0.0
01,14,1997,0.0
01,15,1997,0.0
01,16,1997,0.0
01,17,1997,0.0
01,18,1997,0.0
01,19,1997,0.0
01,20,1997,0.0
01,21,1997,0.0
01,22,1997,0.0
01,23,1997,0.0
01,24,1997,0.0
01,25,1997,0.0
01,26,1997,1.0
01,27,1997,0.0
01,28,1997,0.0
01,29,1997,0.0
01,30,1997,0.0
01,31,1997,0.0
02,01,1997,0.0
02,02,1997,0.0
02,03,1997,0.0
02,04,1997,0.0
02,05,1997,0.0
02,06,1997,0.0
02,07,1997,0.0
02,08,1997,0.0
02,09,1997,0.0
02,10,1997,0.0
02,11,1997,0.0
02,12,1997,1.0
02,13,1997,3.0
02,14,1997,0.0
02,15,1997,0.0
02,16,1997,0.0
02,17,1997,0.0
02,18,1997,6.0
02,19,1997,0.0
02,20,1997,0.0
02,21,1997,0.0
02,22,1997,0.0
02,23,1997,0.0
02,24,1997,0.0
02,25,1997,0.0
02,26,1997,0.0
02,27,1997,22.0
02,28,1997,12.0
03,01,1997,0.0
03,02,1997,0.0
03,03,1997,0.0
03,04,1997,0.0
03,05,1997,0.0
03,06,1997,0.0
03,07,1997,0.0
03,08,1997,0.0
03,09,1997,0.0
03,10,1997,0.0
03,11,1997,0.0
03,12,1997,0.0
03,13,1997,0.0
03,14,1997,0.0
03,15,1997,0.0
03,16,1997,0.0
03,17,1997,0.0
03,18,1997,0.0
03,19,1997,0.0
03,20,1997,0.0
03,21,1997,0.0
03,22,1997,0.0
03,23,1997,0.0
03,24,1997,0.0
03,25,1997,0.0
03,26,1997,0.0
03,27,1997,0.0
03,28,1997,0.0
03,29,1997,0.0
03,30,1997,0.0
03,31,1997,7.0
04,01,1997,0.0
04,02,1997,0.0
04,03,1997,0.0
04,04,1997,0.0
04,05,1997,0.0
04,06,1997,0.0
04,07,1997,0.0
04,08,1997,0.0
04,09,1997,0.0
04,10,1997,0.0
04,11,1997,0.0
04,12,1997,0.0
04,13,1997,0.0
04,14,1997,0.0
04,15,1997,0.0
04,16,1997,0.0
04,17,1997,0.0
04,18,1997,0.0
04,19,1997,0.0
04,20,1997,0.0
04,21,1997,0.0
04,22,1997,0.0
04,23,1997,0.0
04,24,1997,0.0
04,25,1997,0.0
04,26,1997,0.0
04,27,1997,0.0
04,28,1997,0.0
04,29,1997,0.0
04,30,1997,0.0
05,01,1997,0.0
05,02,1997,0.0
05,03,1997,0.0
05,04,1997,0.0
05,05,1997,0.0
05,06,1997,0.0
05,07,1997,0.0
05,08,1997,0.0
05,09,1997,0.0
05,10,1997,0.0
05,11,1997,0.0
05,12,1997,0.0
05,13,1997,0.0
05,14,1997,0.0
05,15,1997,1.0
05,16,1997,0.0
05,17,1997,1.0
05,18,1997,1.0
05,19,1997,3.0
05,20,1997,0.0
05,21,1997,0.0
05,22,1997,0.0
05,23,1997,0.0
05,24,1997,0.0
05,25,1997,0.0
05,26,1997,0.0
05,27,1997,0.0
05,28,1997,0.0
05,29,1997,0.0
05,30,1997,0.0
05,31,1997,0.0
06,01,1997,0.0
06,02,1997,0.0
06,03,1997,0.0
06,04,1997,0.0
06,05,1997,0.0
06,06,1997,0.0
06,07,1997,0.0
06,08,1997,0.0
06,09,1997,0.0
06,10,1997,0.0
06,11,1997,0.0
06,12,1997,0.0
06,13,1997,0.0
06,14,1997,0.0
06,15,1997,0.0
06,16,1997,0.0
06,17,1997,0.0
06,18,1997,0.0
06,19,1997,0.0
06,20,1997,0.0
06,21,1997,0.0
06,22,1997,0.0
06,23,1997,0.0
06,24,1997,0.0
06,25,1997,0.0
06,26,1997,0.0
06,27,1997,0.0
06,28,1997,0.0
06,29,1997,0.0
06,30,1997,0.0
07,01,1997,0.0
07,02,1997,0.0
07,03,1997,0.0
07,04,1997,0.0
07,05,1997,0.0
07,06,1997,0.0
07,07,1997,0.0
07,08,1997,0.0
07,09,1997,0.0
07,10,1997,0.0
07,11,1997,0.0
07,12,1997,0.0
07,13,1997,0.0
07,14,1997,0.0
07,15,1997,0.0
07,16,1997,0.0
07,17,1997,0.0
07,18,1997,4.0
07,19,1997,1.0
07,20,1997,0.0
07,21,1997,0.0
07,22,1997,0.0
07,23,1997,0.0
07,24,1997,0.0
07,25,1997,2.0
07,26,1997,2.0
07,27,1997,1.0
07,28,1997,2.0
07,29,1997,1.0
07,30,1997,4.0
07,31,1997,6.0
08,01,1997,3.0
08,02,1997,0.0
08,03,1997,18.0
08,04,1997,0.0
08,05,1997,38.0
08,06,1997,0.0
08,07,1997,3.0
08,08,1997,0.0
08,09,1997,1.0
08,10,1997,0.0
08,11,1997,0.0
08,12,1997,0.0
08,13,1997,14.0
08,14,1997,0.0
08,15,1997,0.0
08,16,1997,0.0
08,17,1997,0.0
08,18,1997,0.0
08,19,1997,1.0
08,20,1997,0.0
08,21,1997,0.0
08,22,1997,0.0
08,23,1997,0.0
08,24,1997,0.0
08,25,1997,0.0
08,26,1997,0.0
08,27,1997,0.0
08,28,1997,2.0
08,29,1997,0.0
08,30,1997,0.0
08,31,1997,0.0
09,01,1997,0.0
09,02,1997,0.0
09,03,1997,0.0
09,04,1997,0.0
09,05,1997,0.0
09,06,1997,0.0
09,07,1997,0.0
09,08,1997,0.0
09,09,1997,0.0
09,10,1997,0.0
09,11,1997,0.0
09,12,1997,0.0
09,13,1997,0.0
09,14,1997,0.0
09,15,1997,0.0
09,16,1997,0.0
09,17,1997,0.0
09,18,1997,0.0
09,19,1997,0.0
09,20,1997,0.0
09,21,1997,10.0
09,22,1997,0.0
09,23,1997,0.0
09,24,1997,0.0
09,25,1997,0.0
09,26,1997,0.0
09,27,1997,0.0
09,28,1997,0.0
09,29,1997,0.0
09,30,1997,0.0
10,01,1997,4.0
10,02,1997,0.0
10,03,1997,0.0
10,04,1997,0.0
10,05,1997,0.0
10,06,1997,0.0
10,07,1997,48.0
10,08,1997,0.0
10,09,1997,0.0
10,10,1997,0.0
10,11,1997,0.0
10,12,1997,0.0
10,13,1997,0.0
10,14,1997,0.0
10,15,1997,0.0
10,16,1997,0.0
10,17,1997,0.0
10,18,1997,0.0
10,19,1997,0.0
10,20,1997,0.0
10,21,1997,2.0
10,22,1997,1.0
10,23,1997,0.0
10,24,1997,0.0
10,25,1997,0.0
10,26,1997,0.0
10,27,1997,0.0
10,28,1997,0.0
10,29,1997,0.0
10,30,1997,0.0
10,31,1997,0.0
11,01,1997,0.0
11,02,1997,0.0
11,03,1997,0.0
11,04,1997,0.0
11,05,1997,0.0
11,06,1997,0.0
11,07,1997,0.0
11,08,1997,0.0
11,09,1997,0.0
11,10,1997,0.0
11,11,1997,0.0
11,12,1997,0.0
11,13,1997,0.0
11,14,1997,0.0
11,15,1997,0.0
11,16,1997,0.0
11,17,1997,0.0
11,18,1997,0.0
11,19,1997,0.0
11,20,1997,0.0
11,21,1997,0.0
11,22,1997,0.0
11,23,1997,0.0
11,24,1997,0.0
11,25,1997,0.0
11,26,1997,0.0
11,27,1997,0.0
11,28,1997,0.0
11,29,1997,0.0
11,30,1997,0.0
12,01,1997,0.0
12,02,1997,0.0
12,03,1997,0.0
12,04,1997,0.0
12,05,1997,0.0
12,06,1997,0.0
12,07,1997,1.0
12,08,1997,0.0
12,09,1997,0.0
12,10,1997,0.0
12,11,1997,0.0
12,12,1997,0.0
12,13,1997,0.0
12,14,1997,0.0
12,15,1997,0.0
12,16,1997,0.0
12,17,1997,0.0
12,18,1997,0.0
12,19,1997,11.0
12,20,1997,0.0
12,21,1997,26.0
12,22,1997,2.0
12,23,1997,0.0
12,24,1997,0.0
12,25,1997,0.0
12,26,1997,0.0
12,27,1997,0.0
12,28,1997,0.0
12,29,1997,0.0
12,30,1997,0.0
12,31,1997,0.0
01,01,1998,0.0
01,02,1998,0.0
01,03,1998,0.0
01,04,1998,0.0
01,05,1998,0.0
01,06,1998,0.0
01,07,1998,0.0
01,08,1998,0.0
01,09,1998,0.0
01,10,1998,0.0
01,11,1998,0.0
01,12,1998,0.0
01,13,1998,0.0
01,14,1998,0.0
01,15,1998,0.0
01,16,1998,0.0
01,17,1998,0.0
01,18,1998,0.0
01,19,1998,0.0
01,20,1998,0.0
01,21,1998,0.0
01,22,1998,0.0
01,23,1998,0.0
01,24,1998,0.0
01,25,1998,0.0
01,26,1998,0.0
01,27,1998,0.0
01,28,1998,0.0
01,29,1998,0.0
01,30,1998,0.0
01,31,1998,0.0
02,01,1998,0.0
02,02,1998,0.0
02,03,1998,10.0
02,04,1998,5.0
02,05,1998,0.0
02,06,1998,0.0
02,07,1998,0.0
02,08,1998,2.0
02,09,1998,9.0
02,10,1998,0.0
02,11,1998,0.0
02,12,1998,0.0
02,13,1998,0.0
02,14,1998,6.0
02,15,1998,8.0
02,16,1998,0.0
02,17,1998,11.0
02,18,1998,1.0
02,19,1998,0.0
02,20,1998,12.0
02,21,1998,0.0
02,22,1998,0.0
02,23,1998,0.0
02,24,1998,0.0
02,25,1998,0.0
02,26,1998,0.0
02,27,1998,0.0
02,28,1998,0.0
03,01,1998,0.0
03,02,1998,0.0
03,03,1998,0.0
03,04,1998,0.0
03,05,1998,0.0
03,06,1998,0.0
03,07,1998,0.0
03,08,1998,0.0
03,09,1998,0.0
03,10,1998,0.0
03,11,1998,0.0
03,12,1998,0.0
03,13,1998,0.0
03,14,1998,0.0
03,15,1998,0.0
03,16,1998,0.0
03,17,1998,0.0
03,18,1998,0.0
03,19,1998,0.0
03,20,1998,0.0
03,21,1998,0.0
03,22,1998,0.0
03,23,1998,0.0
03,24,1998,0.0
03,25,1998,17.0
03,26,1998,4.0
03,27,1998,0.0
03,28,1998,0.0
03,29,1998,5.0
03,30,1998,6.0
03,31,1998,0.0
04,01,1998,0.0
04,02,1998,0.0
04,03,1998,0.0
04,04,1998,0.0
04,05,1998,0.0
04,06,1998,0.0
04,07,1998,0.0
04,08,1998,0.0
04,09,1998,0.0
04,10,1998,0.0
04,11,1998,0.0
04,12,1998,0.0
04,13,1998,0.0
04,14,1998,0.0
04,15,1998,0.0
04,16,1998,0.0
04,17,1998,0.0
04,18,1998,0.0
04,19,1998,0.0
04,20,1998,0.0
04,21,1998,0.0
04,22,1998,0.0
04,23,1998,0.0
04,24,1998,0.0
04,25,1998,0.0
04,26,1998,0.0
04,27,1998,0.0
04,28,1998,0.0
04,29,1998,0.0
04,30,1998,0.0
05,01,1998,0.0
05,02,1998,0.0
05,03,1998,0.0
05,04,1998,0.0
05,05,1998,0.0
05,06,1998,0.0
05,07,1998,0.0
05,08,1998,0.0
05,09,1998,0.0
05,10,1998,0.0
05,11,1998,0.0
05,12,1998,0.0
05,13,1998,0.0
05,14,1998,0.0
05,15,1998,0.0
05,16,1998,0.0
05,17,1998,0.0
05,18,1998,0.0
05,19,1998,0.0
05,20,1998,0.0
05,21,1998,0.0
05,22,1998,0.0
05,23,1998,0.0
05,24,1998,0.0
05,25,1998,0.0
05,26,1998,0.0
05,27,1998,0.0
05,28,1998,0.0
05,29,1998,0.0
05,30,1998,0.0
05,31,1998,0.0
06,01,1998,0.0
06,02,1998,0.0
06,03,1998,0.0
06,04,1998,0.0
06,05,1998,0.0
06,06,1998,0.0
06,07,1998,0.0
06,08,1998,0.0
06,09,1998,0.0
06,10,1998,0.0
06,11,1998,0.0
06,12,1998,0.0
06,13,1998,0.0
06,14,1998,0.0
06,15,1998,0.0
06,16,1998,0.0
06,17,1998,0.0
06,18,1998,0.0
06,19,1998,0.0
06,20,1998,0.0
06,21,1998,0.0
06,22,1998,0.0
06,23,1998,0.0
06,24,1998,0.0
06,25,1998,0.0
06,26,1998,0.0
06,27,1998,0.0
06,28,1998,0.0
06,29,1998,0.0
06,30,1998,0.0
07,01,1998,0.0
07,02,1998,0.0
07,03,1998,6.0
07,04,1998,0.0
07,05,1998,0.0
07,06,1998,13.0
07,07,1998,0.0
07,08,1998,0.0
07,09,1998,0.0
07,10,1998,5.0
07,11,1998,0.0
07,12,1998,0.0
07,13,1998,0.0
07,14,1998,0.0
07,15,1998,0.0
07,16,1998,0.0
07,17,1998,0.0
07,18,1998,0.0
07,19,1998,0.0
07,20,1998,0.0
07,21,1998,2.0
07,22,1998,6.0
07,23,1998,19.0
07,24,1998,0.0
07,25,1998,0.0
07,26,1998,0.0
07,27,1998,0.0
07,28,1998,0.0
07,29,1998,0.0
07,30,1998,1.0
07,31,1998,1.0
08,01,1998,1.0
08,02,1998,0.0
08,03,1998,0.0
08,04,1998,5.0
08,05,1998,0.0
08,06,1998,0.0
08,07,1998,0.0
08,08,1998,0.0
08,09,1998,0.0
08,10,1998,0.0
08,11,1998,5.0
08,12,1998,6.0
08,13,1998,0.0
08,14,1998,1.0
08,15,1998,1.0
08,16,1998,0.0
08,17,1998,1.0
08,18,1998,0.0
08,19,1998,0.0
08,20,1998,0.0
08,21,1998,0.0
08,22,1998,0.0
08,23,1998,0.0
08,24,1998,0.0
08,25,1998,0.0
08,26,1998,3.0
08,27,1998,2.0
08,28,1998,0.0
08,29,1998,0.0
08,30,1998,0.0
08,31,1998,0.0
09,01,1998,0.0
09,02,1998,0.0
09,03,1998,15.0
09,04,1998,0.0
09,05,1998,0.0
09,06,1998,0.0
09,07,1998,0.0
09,08,1998,0.0
09,09,1998,0.0
09,10,1998,0.0
09,11,1998,0.0
09,12,1998,0.0
09,13,1998,0.0
09,14,1998,0.0
09,15,1998,0.0
09,16,1998,0.0
09,17,1998,0.0
09,18,1998,0.0
09,19,1998,4.0
09,20,1998,0.0
09,21,1998,0.0
09,22,1998,0.0
09,23,1998,0.0
09,24,1998,0.0
09,25,1998,0.0
09,26,1998,0.0
09,27,1998,0.0
09,28,1998,0.0
09,29,1998,0.0
09,30,1998,0.0
10,01,1998,0.0
10,02,1998,0.0
10,03,1998,0.0
10,04,1998,0.0
10,05,1998,0.0
10,06,1998,0.0
10,07,1998,0.0
10,08,1998,0.0
10,09,1998,0.0
10,10,1998,0.0
10,11,1998,0.0
10,12,1998,0.0
10,13,1998,0.0
10,14,1998,0.0
10,15,1998,0.0
10,16,1998,0.0
10,17,1998,0.0
10,18,1998,0.0
10,19,1998,0.0
10,20,1998,0.0
10,21,1998,3.0
10,22,1998,5.0
10,23,1998,0.0
10,24,1998,0.0
10,25,1998,0.0
10,26,1998,16.0
10,27,1998,0.0
10,28,1998,0.0
10,29,1998,0.0
10,30,1998,0.0
10,31,1998,0.0
11,01,1998,0.0
11,02,1998,0.0
11,03,1998,0.0
11,04,1998,0.0
11,05,1998,0.0
11,06,1998,0.0
11,07,1998,0.0
11,08,1998,0.0
11,09,1998,5.0
11,10,1998,0.0
11,11,1998,0.0
11,12,1998,6.0
11,13,1998,0.0
11,14,1998,0.0
11,15,1998,0.0
11,16,1998,0.0
11,17,1998,0.0
11,18,1998,0.0
11,19,1998,0.0
11,20,1998,0.0
11,21,1998,0.0
11,22,1998,0.0
11,23,1998,0.0
11,24,1998,0.0
11,25,1998,0.0
11,26,1998,0.0
11,27,1998,0.0
11,28,1998,18.0
11,29,1998,0.0
11,30,1998,0.0
12,01,1998,2.0
12,02,1998,0.0
12,03,1998,0.0
12,04,1998,0.0
12,05,1998,1.0
12,06,1998,1.0
12,07,1998,0.0
12,08,1998,0.0
12,09,1998,0.0
12,10,1998,3.0
12,11,1998,0.0
12,12,1998,0.0
12,13,1998,0.0
12,14,1998,0.0
12,15,1998,0.0
12,16,1998,0.0
12,17,1998,5.0
12,18,1998,0.0
12,19,1998,0.0
12,20,1998,0.0
12,21,1998,0.0
12,22,1998,0.0
12,23,1998,0.0
12,24,1998,0.0
12,25,1998,0.0
12,26,1998,0.0
12,27,1998,0.0
12,28,1998,0.0
12,29,1998,0.0
12,30,1998,0.0
12,31,1998,0.0
01,01,1999,0.0
01,02,1999,0.0
01,03,1999,0.0
01,04,1999,0.0
01,05,1999,0.0
01,06,1999,0.0
01,07,1999,0.0
01,08,1999,0.0
01,09,1999,0.0
01,10,1999,0.0
01,11,1999,0.0
01,12,1999,0.0
01,13,1999,0.0
01,14,1999,0.0
01,15,1999,0.0
01,16,1999,0.0
01,17,1999,0.0
01,18,1999,0.0
01,19,1999,0.0
01,20,1999,0.0
01,21,1999,0.0
01,22,1999,0.0
01,23,1999,0.0
01,24,1999,0.0
01,25,1999,0.0
01,26,1999,0.0
01,27,1999,0.0
01,28,1999,1.0
01,29,1999,0.0
01,30,1999,0.0
01,31,1999,0.0
02,01,1999,0.0
02,02,1999,0.0
02,03,1999,0.0
02,04,1999,0.0
02,05,1999,0.0
02,06,1999,0.0
02,07,1999,0.0
02,08,1999,0.0
02,09,1999,0.0
02,10,1999,0.0
02,11,1999,0.0
02,12,1999,0.0
02,13,1999,0.0
02,14,1999,0.0
02,15,1999,0.0
02,16,1999,0.0
02,17,1999,0.0
02,18,1999,0.0
02,19,1999,0.0
02,20,1999,0.0
02,21,1999,0.0
02,22,1999,0.0
02,23,1999,0.0
02,24,1999,0.0
02,25,1999,0.0
02,26,1999,0.0
02,27,1999,0.0
02,28,1999,0.0
03,01,1999,0.0
03,02,1999,0.0
03,03,1999,0.0
03,04,1999,0.0
03,05,1999,0.0
03,06,1999,0.0
03,07,1999,0.0
03,08,1999,0.0
03,09,1999,0.0
03,10,1999,0.0
03,11,1999,0.0
03,12,1999,0.0
03,13,1999,0.0
03,14,1999,0.0
03,15,1999,0.0
03,16,1999,0.0
03,17,1999,1.0
03,18,1999,0.0
03,19,1999,0.0
03,20,1999,0.0
03,21,1999,0.0
03,22,1999,0.0
03,23,1999,0.0
03,24,1999,0.0
03,25,1999,0.0
03,26,1999,0.0
03,27,1999,0.0
03,28,1999,0.0
03,29,1999,0.0
03,30,1999,0.0
03,31,1999,0.0
04,01,1999,7.0
04,02,1999,0.0
04,03,1999,0.0
04,04,1999,0.0
04,05,1999,0.0
04,06,1999,0.0
04,07,1999,0.0
04,08,1999,0.0
04,09,1999,0.0
04,10,1999,0.0
04,11,1999,0.0
04,12,1999,0.0
04,13,1999,0.0
04,14,1999,0.0
04,15,1999,0.0
04,16,1999,0.0
04,17,1999,0.0
04,18,1999,0.0
04,19,1999,0.0
04,20,1999,0.0
04,21,1999,0.0
04,22,1999,0.0
04,23,1999,0.0
04,24,1999,0.0
04,25,1999,0.0
04,26,1999,0.0
04,27,1999,0.0
04,28,1999,0.0
04,29,1999,0.0
04,30,1999,0.0
05,01,1999,0.0
05,02,1999,0.0
05,03,1999,0.0
05,04,1999,0.0
05,05,1999,0.0
05,06,1999,0.0
05,07,1999,0.0
05,08,1999,0.0
05,09,1999,0.0
05,10,1999,0.0
05,11,1999,0.0
05,12,1999,0.0
05,13,1999,0.0
05,14,1999,0.0
05,15,1999,0.0
05,16,1999,0.0
05,17,1999,0.0
05,18,1999,0.0
05,19,1999,0.0
05,20,1999,0.0
05,21,1999,0.0
05,22,1999,0.0
05,23,1999,0.0
05,24,1999,0.0
05,25,1999,0.0
05,26,1999,0.0
05,27,1999,0.0
05,28,1999,0.0
05,29,1999,0.0
05,30,1999,0.0
05,31,1999,0.0
06,01,1999,0.0
06,02,1999,0.0
06,03,1999,0.0
06,04,1999,0.0
06,05,1999,0.0
06,06,1999,0.0
06,07,1999,0.0
06,08,1999,0.0
06,09,1999,0.0
06,10,1999,0.0
06,11,1999,0.0
06,12,1999,0.0
06,13,1999,0.0
06,14,1999,0.0
06,15,1999,0.0
06,16,1999,0.0
06,17,1999,0.0
06,18,1999,1.0
06,19,1999,0.0
06,20,1999,0.0
06,21,1999,0.0
06,22,1999,0.0
06,23,1999,0.0
06,24,1999,0.0
06,25,1999,0.0
06,26,1999,8.0
06,27,1999,0.0
06,28,1999,0.0
06,29,1999,0.0
06,30,1999,0.0
07,01,1999,0.0
07,02,1999,0.0
07,03,1999,0.0
07,04,1999,0.0
07,05,1999,25.0
07,06,1999,23.0
07,07,1999,3.0
07,08,1999,1.0
07,09,1999,0.0
07,10,1999,0.0
07,11,1999,0.0
07,12,1999,3.0
07,13,1999,0.0
07,14,1999,21.0
07,15,1999,0.0
07,16,1999,0.0
07,17,1999,10.0
07,18,1999,0.0
07,19,1999,0.0
07,20,1999,0.0
07,21,1999,1.7
07,22,1999,4.0
07,23,1999,16.0
07,24,1999,0.0
07,25,1999,2.0
07,26,1999,12.0
07,27,1999,23.0
07,28,1999,22.0
07,29,1999,0.0
07,30,1999,0.0
07,31,1999,0.0
08,01,1999,0.0
08,02,1999,4.0
08,03,1999,0.0
08,04,1999,13.0
08,05,1999,0.0
08,06,1999,0.0
08,07,1999,0.0
08,08,1999,5.0
08,09,1999,0.0
08,10,1999,0.0
08,11,1999,1.0
08,12,1999,0.0
08,13,1999,15.0
08,14,1999,0.0
08,15,1999,0.0
08,16,1999,0.0
08,17,1999,0.0
08,18,1999,2.0
08,19,1999,9.0
08,20,1999,0.0
08,21,1999,0.0
08,22,1999,0.0
08,23,1999,0.0
08,24,1999,0.0
08,25,1999,0.0
08,26,1999,0.0
08,27,1999,9.0
08,28,1999,1.0
08,29,1999,0.0
08,30,1999,0.0
08,31,1999,8.0
09,01,1999,0.0
09,02,1999,0.0
09,03,1999,0.0
09,04,1999,0.0
09,05,1999,0.0
09,06,1999,0.0
09,07,1999,0.0
09,08,1999,0.0
09,09,1999,0.0
09,10,1999,0.0
09,11,1999,0.0
09,12,1999,0.0
09,13,1999,6.0
09,14,1999,1.0
09,15,1999,0.0
09,16,1999,8.0
09,17,1999,0.0
09,18,1999,0.0
09,19,1999,21.0
09,20,1999,1.0
09,21,1999,0.0
09,22,1999,8.0
09,23,1999,0.0
09,24,1999,0.0
09,25,1999,0.0
09,26,1999,0.0
09,27,1999,0.0
09,28,1999,0.0
09,29,1999,0.0
09,30,1999,0.0
10,01,1999,0.0
10,02,1999,0.0
10,03,1999,0.0
10,04,1999,0.0
10,05,1999,0.0
10,06,1999,0.0
10,07,1999,0.0
10,08,1999,0.0
10,09,1999,0.0
10,10,1999,0.0
10,11,1999,0.0
10,12,1999,0.0
10,13,1999,0.0
10,14,1999,0.0
10,15,1999,0.0
10,16,1999,0.0
10,17,1999,0.0
10,18,1999,0.0
10,19,1999,0.0
10,20,1999,0.0
10,21,1999,0.0
10,22,1999,0.0
10,23,1999,0.0
10,24,1999,0.0
10,25,1999,0.0
10,26,1999,0.0
10,27,1999,0.0
10,28,1999,0.0
10,29,1999,0.0
10,30,1999,0.0
10,31,1999,0.0
11,01,1999,0.0
11,02,1999,0.0
11,03,1999,0.0
11,04,1999,0.0
11,05,1999,0.0
11,06,1999,0.0
11,07,1999,0.0
11,08,1999,0.0
11,09,1999,0.0
11,10,1999,0.0
11,11,1999,0.0
11,12,1999,0.0
11,13,1999,0.0
11,14,1999,0.0
11,15,1999,0.0
11,16,1999,0.0
11,17,1999,0.0
11,18,1999,0.0
11,19,1999,0.0
11,20,1999,0.0
11,21,1999,0.0
11,22,1999,0.0
11,23,1999,0.0
11,24,1999,0.0
11,25,1999,0.0
11,26,1999,0.0
11,27,1999,0.0
11,28,1999,0.0
11,29,1999,0.0
11,30,1999,0.0
12,01,1999,0.0
12,02,1999,0.0
12,03,1999,0.0
12,04,1999,0.0
12,05,1999,0.0
12,06,1999,0.0
12,07,1999,0.0
12,08,1999,0.0
12,09,1999,0.0
12,10,1999,0.0
12,11,1999,0.0
12,12,1999,0.0
12,13,1999,0.0
12,14,1999,0.0
12,15,1999,0.0
12,16,1999,0.0
12,17,1999,0.0
12,18,1999,0.0
12,19,1999,0.0
12,20,1999,0.0
12,21,1999,0.0
12,22,1999,0.0
12,23,1999,0.0
12,24,1999,0.0
12,25,1999,0.0
12,26,1999,0.0
12,27,1999,0.0
12,28,1999,0.0
12,29,1999,0.0
12,30,1999,0.0
12,31,1999,0.0
01,01,2000,0.0
01,02,2000,0.0
01,03,2000,0.0
01,04,2000,0.0
01,05,2000,0.0
01,06,2000,0.0
01,07,2000,0.0
01,08,2000,0.0
01,09,2000,0.0
01,10,2000,0.0
01,11,2000,0.0
01,12,2000,0.0
01,13,2000,0.0
01,14,2000,0.0
01,15,2000,0.0
01,16,2000,0.0
01,17,2000,0.0
01,18,2000,0.0
01,19,2000,0.0
01,20,2000,0.0
01,21,2000,0.0
01,22,2000,0.0
01,23,2000,0.0
01,24,2000,0.0
01,25,2000,0.0
01,26,2000,0.0
01,27,2000,0.0
01,28,2000,0.0
01,29,2000,0.0
01,30,2000,0.0
01,31,2000,0.0
02,01,2000,0.0
02,02,2000,0.0
02,03,2000,0.0
02,04,2000,0.0
02,05,2000,0.0
02,06,2000,0.0
02,07,2000,0.0
02,08,2000,0.0
02,09,2000,0.0
02,10,2000,0.0
02,11,2000,0.0
02,12,2000,0.0
02,13,2000,0.0
02,14,2000,0.0
02,15,2000,0.0
02,16,2000,0.0
02,17,2000,0.0
02,18,2000,0.0
02,19,2000,0.0
02,20,2000,0.0
02,21,2000,0.0
02,22,2000,0.0
02,23,2000,0.0
02,24,2000,0.0
02,25,2000,0.0
02,26,2000,0.0
02,27,2000,0.0
02,28,2000,0.0
02,29,2000,0.0
03,01,2000,0.0
03,02,2000,0.0
03,03,2000,0.0
03,04,2000,0.0
03,05,2000,0.0
03,06,2000,0.0
03,07,2000,0.0
03,08,2000,0.0
03,09,2000,0.0
03,10,2000,0.0
03,11,2000,0.0
03,12,2000,0.0
03,13,2000,0.0
03,14,2000,0.0
03,15,2000,0.0
03,16,2000,0.0
03,17,2000,0.0
03,18,2000,0.0
03,19,2000,0.0
03,20,2000,0.0
03,21,2000,0.0
03,22,2000,0.0
03,23,2000,0.0
03,24,2000,0.0
03,25,2000,0.0
03,26,2000,0.0
03,27,2000,0.0
03,28,2000,0.0
03,29,2000,0.0
03,30,2000,0.0
03,31,2000,0.0
04,01,2000,0.0
04,02,2000,0.0
04,03,2000,0.0
04,04,2000,0.0
04,05,2000,0.0
04,06,2000,0.0
04,07,2000,0.0
04,08,2000,0.0
04,09,2000,0.0
04,10,2000,0.0
04,11,2000,0.0
04,12,2000,0.0
04,13,2000,0.0
04,14,2000,0.0
04,15,2000,0.0
04,16,2000,0.0
04,17,2000,0.0
04,18,2000,0.0
04,19,2000,0.0
04,20,2000,0.0
04,21,2000,0.0
04,22,2000,0.0
04,23,2000,0.0
04,24,2000,0.0
04,25,2000,0.0
04,26,2000,0.0
04,27,2000,0.0
04,28,2000,0.0
04,29,2000,0.0
04,30,2000,0.0
05,01,2000,0.0
05,02,2000,0.0
05,03,2000,0.0
05,04,2000,0.0
05,05,2000,0.0
05,06,2000,0.0
05,07,2000,0.0
05,08,2000,0.0
05,09,2000,0.0
05,10,2000,0.0
05,11,2000,0.0
05,12,2000,0.0
05,13,2000,0.0
05,14,2000,0.0
05,15,2000,0.0
05,16,2000,0.0
05,17,2000,0.0
05,18,2000,0.0
05,19,2000,0.0
05,20,2000,0.0
05,21,2000,0.0
05,22,2000,0.0
05,23,2000,0.0
05,24,2000,0.0
05,25,2000,0.0
05,26,2000,0.0
05,27,2000,0.0
05,28,2000,0.0
05,29,2000,0.0
05,30,2000,0.0
05,31,2000,0.0
06,01,2000,0.0
06,02,2000,6.0
06,03,2000,0.0
06,04,2000,0.0
06,05,2000,0.0
06,06,2000,2.0
06,07,2000,1.0
06,08,2000,1.0
06,09,2000,0.0
06,10,2000,0.0
06,11,2000,0.0
06,12,2000,0.0
06,13,2000,0.0
06,14,2000,0.0
06,15,2000,0.0
06,16,2000,0.0
06,17,2000,8.0
06,18,2000,0.0
06,19,2000,1.0
06,20,2000,25.0
06,21,2000,4.0
06,22,2000,0.0
06,23,2000,5.0
06,24,2000,0.0
06,25,2000,0.0
06,26,2000,1.0
06,27,2000,0.0
06,28,2000,10.0
06,29,2000,51.0
06,30,2000,0.0
07,01,2000,0.0
07,02,2000,0.0
07,03,2000,0.0
07,04,2000,0.0
07,05,2000,0.0
07,06,2000,0.0
07,07,2000,11.0
07,08,2000,0.0
07,09,2000,0.0
07,10,2000,0.0
07,11,2000,0.0
07,12,2000,1.0
07,13,2000,2.0
07,14,2000,18.0
07,15,2000,0.0
07,16,2000,0.0
07,17,2000,0.0
07,18,2000,0.0
07,19,2000,0.0
07,20,2000,0.0
07,21,2000,10.0
07,22,2000,6.0
07,23,2000,0.0
07,24,2000,0.0
07,25,2000,1.0
07,26,2000,11.0
07,27,2000,0.0
07,28,2000,3.0
07,29,2000,1.0
07,30,2000,0.0
07,31,2000,0.0
08,01,2000,0.0
08,02,2000,0.0
08,03,2000,0.0
08,04,2000,0.0
08,05,2000,0.0
08,06,2000,30.0
08,07,2000,8.0
08,08,2000,0.0
08,09,2000,0.0
08,10,2000,0.0
08,11,2000,5.0
08,12,2000,0.0
08,13,2000,0.0
08,14,2000,0.0
08,15,2000,0.0
08,16,2000,0.0
08,17,2000,22.0
08,18,2000,0.0
08,19,2000,0.0
08,20,2000,0.0
08,21,2000,5.0
08,22,2000,1.0
08,23,2000,0.0
08,24,2000,0.0
08,25,2000,0.0
08,26,2000,0.0
08,27,2000,16.0
08,28,2000,11.0
08,29,2000,6.0
08,30,2000,1.0
08,31,2000,0.0
09,01,2000,0.0
09,02,2000,0.0
09,03,2000,0.0
09,04,2000,0.0
09,05,2000,0.0
09,06,2000,0.0
09,07,2000,0.0
09,08,2000,0.0
09,09,2000,0.0
09,10,2000,0.0
09,11,2000,0.0
09,12,2000,0.0
09,13,2000,0.0
09,14,2000,0.0
09,15,2000,0.0
09,16,2000,0.0
09,17,2000,0.0
09,18,2000,0.0
09,19,2000,13.0
09,20,2000,0.0
09,21,2000,0.0
09,22,2000,0.0
09,23,2000,0.0
09,24,2000,0.0
09,25,2000,0.0
09,26,2000,0.0
09,27,2000,0.0
09,28,2000,0.0
09,29,2000,0.0
09,30,2000,0.0
10,01,2000,0.0
10,02,2000,0.0
10,03,2000,0.0
10,04,2000,0.0
10,05,2000,0.0
10,06,2000,0.0
10,07,2000,0.0
10,08,2000,0.0
10,09,2000,0.0
10,10,2000,20.0
10,11,2000,36.0
10,12,2000,0.0
10,13,2000,0.0
10,14,2000,0.0
10,15,2000,0.0
10,16,2000,0.0
10,17,2000,0.0
10,18,2000,0.0
10,19,2000,13.0
10,20,2000,0.0
10,21,2000,20.0
10,22,2000,39.0
10,23,2000,0.0
10,24,2000,0.0
10,25,2000,0.0
10,26,2000,0.0
10,27,2000,6.0
10,28,2000,0.0
10,29,2000,0.0
10,30,2000,1.0
10,31,2000,1.0
11,01,2000,0.0
11,02,2000,0.0
11,03,2000,2.0
11,04,2000,0.0
11,05,2000,0.0
11,06,2000,15.0
11,07,2000,4.0
11,08,2000,0.0
11,09,2000,0.0
11,10,2000,0.0
11,11,2000,0.0
11,12,2000,0.0
11,13,2000,0.0
11,14,2000,0.0
11,15,2000,0.0
11,16,2000,0.0
11,17,2000,0.0
11,18,2000,0.0
11,19,2000,0.0
11,20,2000,0.0
11,21,2000,0.0
11,22,2000,0.0
11,23,2000,0.0
11,24,2000,0.0
11,25,2000,0.0
11,26,2000,0.0
11,27,2000,0.0
11,28,2000,0.0
11,29,2000,0.0
11,30,2000,0.0
12,01,2000,0.0
12,02,2000,0.0
12,03,2000,0.0
12,04,2000,0.0
12,05,2000,0.0
12,06,2000,0.0
12,07,2000,0.0
12,08,2000,0.0
12,09,2000,0.0
12,10,2000,0.0
12,11,2000,0.0
12,12,2000,0.0
12,13,2000,0.0
12,14,2000,0.0
12,15,2000,0.0
12,16,2000,0.0
12,17,2000,0.0
12,18,2000,0.0
12,19,2000,0.0
12,20,2000,0.0
12,21,2000,0.0
12,22,2000,0.0
12,23,2000,0.0
12,24,2000,0.0
12,25,2000,0.0
12,26,2000,0.0
12,27,2000,0.0
12,28,2000,0.0
12,29,2000,0.0
12,30,2000,0.0
12,31,2000,0.0
01,01,2001,0.0
01,02,2001,0.0
01,03,2001,0.0
01,04,2001,0.0
01,05,2001,1.0
01,06,2001,0.0
01,07,2001,0.0
01,08,2001,5.0
01,09,2001,8.0
01,10,2001,0.0
01,11,2001,0.0
01,12,2001,0.0
01,13,2001,0.0
01,14,2001,0.0
01,15,2001,0.0
01,16,2001,0.0
01,17,2001,0.0
01,18,2001,0.0
01,19,2001,0.0
01,20,2001,0.0
01,21,2001,0.0
01,22,2001,0.0
01,23,2001,0.0
01,24,2001,0.0
01,25,2001,0.0
01,26,2001,0.0
01,27,2001,2.0
01,28,2001,0.0
01,29,2001,0.0
01,30,2001,0.0
01,31,2001,0.0
02,01,2001,0.0
02,02,2001,0.0
02,03,2001,0.0
02,04,2001,0.0
02,05,2001,0.0
02,06,2001,0.0
02,07,2001,6.0
02,08,2001,0.0
02,09,2001,0.0
02,10,2001,0.0
02,11,2001,0.0
02,12,2001,0.0
02,13,2001,0.0
02,14,2001,0.0
02,15,2001,0.0
02,16,2001,0.0
02,17,2001,0.0
02,18,2001,0.0
02,19,2001,0.0
02,20,2001,0.0
02,21,2001,0.0
02,22,2001,0.0
02,23,2001,4.0
02,24,2001,0.0
02,25,2001,0.0
02,26,2001,0.0
02,27,2001,1.0
02,28,2001,0.0
03,01,2001,0.0
03,02,2001,0.0
03,03,2001,0.0
03,04,2001,0.0
03,05,2001,0.0
03,06,2001,0.0
03,07,2001,0.0
03,08,2001,0.0
03,09,2001,0.0
03,10,2001,0.0
03,11,2001,0.0
03,12,2001,0.0
03,13,2001,0.0
03,14,2001,0.0
03,15,2001,0.0
03,16,2001,0.0
03,17,2001,0.0
03,18,2001,0.0
03,19,2001,0.0
03,20,2001,0.0
03,21,2001,0.0
03,22,2001,0.0
03,23,2001,0.0
03,24,2001,0.0
03,25,2001,0.0
03,26,2001,0.0
03,27,2001,0.0
03,28,2001,0.0
03,29,2001,0.0
03,30,2001,0.0
03,31,2001,0.0
04,01,2001,0.0
04,02,2001,0.0
04,03,2001,0.0
04,04,2001,0.0
04,05,2001,27.0
04,06,2001,0.0
04,07,2001,0.0
04,08,2001,0.0
04,09,2001,0.0
04,10,2001,0.0
04,11,2001,0.0
04,12,2001,0.0
04,13,2001,0.0
04,14,2001,0.0
04,15,2001,0.0
04,16,2001,0.0
04,17,2001,0.0
04,18,2001,0.0
04,19,2001,0.0
04,20,2001,0.0
04,21,2001,0.0
04,22,2001,0.0
04,23,2001,0.0
04,24,2001,0.0
04,25,2001,0.0
04,26,2001,0.0
04,27,2001,0.0
04,28,2001,0.0
04,29,2001,0.0
04,30,2001,0.0
05,01,2001,0.0
05,02,2001,0.0
05,03,2001,0.0
05,04,2001,0.0
05,05,2001,0.0
05,06,2001,0.0
05,07,2001,0.0
05,08,2001,0.0
05,09,2001,0.0
05,10,2001,0.0
05,11,2001,0.0
05,12,2001,0.0
05,13,2001,0.0
05,14,2001,0.0
05,15,2001,0.0
05,16,2001,0.0
05,17,2001,0.0
05,18,2001,0.0
05,19,2001,0.0
05,20,2001,0.0
05,21,2001,0.0
05,22,2001,0.0
05,23,2001,0.0
05,24,2001,0.0
05,25,2001,0.0
05,26,2001,0.0
05,27,2001,0.0
05,28,2001,0.0
05,29,2001,0.0
05,30,2001,0.0
05,31,2001,0.0
06,01,2001,0.0
06,02,2001,0.0
06,03,2001,0.0
06,04,2001,0.0
06,05,2001,0.0
06,06,2001,0.0
06,07,2001,0.0
06,08,2001,0.0
06,09,2001,0.0
06,10,2001,0.0
06,11,2001,0.0
06,12,2001,0.0
06,13,2001,0.0
06,14,2001,0.0
06,15,2001,0.0
06,16,2001,0.0
06,17,2001,0.0
06,18,2001,0.0
06,19,2001,0.0
06,20,2001,0.0
06,21,2001,0.0
06,22,2001,0.0
06,23,2001,0.0
06,24,2001,0.0
06,25,2001,0.0
06,26,2001,0.0
06,27,2001,0.0
06,28,2001,0.0
06,29,2001,0.0
06,30,2001,0.0
07,01,2001,0.0
07,02,2001,0.0
07,03,2001,0.0
07,04,2001,0.0
07,05,2001,0.0
07,06,2001,16.0
07,07,2001,0.0
07,08,2001,0.0
07,09,2001,11.0
07,10,2001,0.0
07,11,2001,0.0
07,12,2001,0.0
07,13,2001,14.0
07,14,2001,0.0
07,15,2001,0.0
07,16,2001,5.0
07,17,2001,4.0
07,18,2001,0.0
07,19,2001,0.0
07,20,2001,15.0
07,21,2001,0.0
07,22,2001,2.5
07,23,2001,0.0
07,24,2001,18.5
07,25,2001,0.0
07,26,2001,0.0
07,27,2001,0.0
07,28,2001,5.0
07,29,2001,0.0
07,30,2001,0.0
07,31,2001,5.3
08,01,2001,0.0
08,02,2001,2.0
08,03,2001,0.0
08,04,2001,0.0
08,05,2001,16.0
08,06,2001,0.0
08,07,2001,0.0
08,08,2001,0.0
08,09,2001,0.0
08,10,2001,0.0
08,11,2001,18.5
08,12,2001,0.0
08,13,2001,7.0
08,14,2001,0.0
08,15,2001,0.0
08,16,2001,0.0
08,17,2001,0.0
08,18,2001,0.0
08,19,2001,0.0
08,20,2001,0.0
08,21,2001,0.0
08,22,2001,0.0
08,23,2001,0.0
08,24,2001,0.0
08,25,2001,0.0
08,26,2001,0.0
08,27,2001,0.0
08,28,2001,4.0
08,29,2001,6.0
08,30,2001,0.0
08,31,2001,0.0
09,01,2001,0.0
09,02,2001,0.0
09,03,2001,0.0
09,04,2001,0.0
09,05,2001,0.0
09,06,2001,0.0
09,07,2001,0.0
09,08,2001,0.0
09,09,2001,0.0
09,10,2001,0.0
09,11,2001,0.0
09,12,2001,10.5
09,13,2001,1.0
09,14,2001,0.0
09,15,2001,0.0
09,16,2001,0.0
09,17,2001,0.0
09,18,2001,0.0
09,19,2001,0.0
09,20,2001,0.0
09,21,2001,0.0
09,22,2001,0.0
09,23,2001,0.0
09,24,2001,0.0
09,25,2001,0.0
09,26,2001,0.0
09,27,2001,0.0
09,28,2001,0.0
09,29,2001,0.0
09,30,2001,3.0
10,01,2001,4.0
10,02,2001,0.0
10,03,2001,5.2
10,04,2001,0.0
10,05,2001,0.0
10,06,2001,0.0
10,07,2001,0.0
10,08,2001,2.5
10,09,2001,0.0
10,10,2001,0.0
10,11,2001,0.0
10,12,2001,0.0
10,13,2001,0.0
10,14,2001,0.0
10,15,2001,0.0
10,16,2001,0.0
10,17,2001,0.0
10,18,2001,0.0
10,19,2001,0.0
10,20,2001,0.0
10,21,2001,0.0
10,22,2001,0.0
10,23,2001,0.0
10,24,2001,0.0
10,25,2001,0.0
10,26,2001,0.0
10,27,2001,0.0
10,28,2001,0.0
10,29,2001,0.0
10,30,2001,0.0
10,31,2001,0.0
11,01,2001,0.0
11,02,2001,0.0
11,03,2001,0.0
11,04,2001,0.0
11,05,2001,3.0
11,06,2001,12.3
11,07,2001,0.0
11,08,2001,0.0
11,09,2001,0.0
11,10,2001,0.0
11,11,2001,0.0
11,12,2001,0.0
11,13,2001,0.0
11,14,2001,0.0
11,15,2001,0.0
11,16,2001,0.0
11,17,2001,0.0
11,18,2001,0.0
11,19,2001,0.0
11,20,2001,0.0
11,21,2001,0.0
11,22,2001,0.0
11,23,2001,0.0
11,24,2001,0.0
11,25,2001,0.0
11,26,2001,0.0
11,27,2001,0.0
11,28,2001,0.0
11,29,2001,0.0
11,30,2001,0.0
12,01,2001,0.0
12,02,2001,0.0
12,03,2001,0.0
12,04,2001,0.0
12,05,2001,0.0
12,06,2001,0.0
12,07,2001,0.0
12,08,2001,0.0
12,09,2001,0.0
12,10,2001,0.0
12,11,2001,0.0
12,12,2001,10.0
12,13,2001,0.0
12,14,2001,0.0
12,15,2001,0.0
12,16,2001,0.0
12,17,2001,0.0
12,18,2001,0.0
12,19,2001,0.0
12,20,2001,0.0
12,21,2001,0.0
12,22,2001,0.0
12,23,2001,0.0
12,24,2001,0.0
12,25,2001,0.0
12,26,2001,0.0
12,27,2001,0.0
12,28,2001,0.0
12,29,2001,0.0
12,30,2001,0.0
12,31,2001,0.0
01,01,2002,0.0
01,02,2002,0.0
01,03,2002,0.0
01,04,2002,0.0
01,05,2002,0.0
01,06,2002,0.0
01,07,2002,0.0
01,08,2002,0.0
01,09,2002,0.0
01,10,2002,0.0
01,11,2002,0.0
01,12,2002,0.0
01,13,2002,0.0
01,14,2002,0.0
01,15,2002,0.0
01,16,2002,0.0
01,17,2002,0.0
01,18,2002,0.0
01,19,2002,0.0
01,20,2002,0.0
01,21,2002,0.0
01,22,2002,0.0
01,23,2002,0.0
01,24,2002,0.0
01,25,2002,0.0
01,26,2002,0.0
01,27,2002,0.0
01,28,2002,7.0
01,29,2002,1.0
01,30,2002,0.0
01,31,2002,2.0
02,01,2002,0.0
02,02,2002,17.5
02,03,2002,0.0
02,04,2002,0.0
02,05,2002,0.0
02,06,2002,0.0
02,07,2002,0.0
02,08,2002,0.0
02,09,2002,0.0
02,10,2002,0.0
02,11,2002,0.0
02,12,2002,0.0
02,13,2002,0.0
02,14,2002,0.0
02,15,2002,0.0
02,16,2002,0.0
02,17,2002,0.0
02,18,2002,0.0
02,19,2002,0.0
02,20,2002,0.0
02,21,2002,0.0
02,22,2002,0.0
02,23,2002,0.0
02,24,2002,0.0
02,25,2002,0.0
02,26,2002,0.0
02,27,2002,0.0
02,28,2002,0.0
03,01,2002,0.0
03,02,2002,0.0
03,03,2002,0.0
03,04,2002,0.0
03,05,2002,0.0
03,06,2002,0.0
03,07,2002,0.0
03,08,2002,0.0
03,09,2002,0.0
03,10,2002,0.0
03,11,2002,0.0
03,12,2002,0.0
03,13,2002,0.0
03,14,2002,0.0
03,15,2002,0.0
03,16,2002,0.0
03,17,2002,0.0
03,18,2002,0.0
03,19,2002,0.0
03,20,2002,0.0
03,21,2002,0.0
03,22,2002,0.0
03,23,2002,0.0
03,24,2002,0.0
03,25,2002,0.0
03,26,2002,0.0
03,27,2002,0.0
03,28,2002,0.0
03,29,2002,0.0
03,30,2002,0.0
03,31,2002,0.0
04,01,2002,0.0
04,02,2002,0.0
04,03,2002,0.0
04,04,2002,0.0
04,05,2002,0.0
04,06,2002,0.0
04,07,2002,0.0
04,08,2002,0.0
04,09,2002,0.0
04,10,2002,0.0
04,11,2002,0.0
04,12,2002,0.0
04,13,2002,0.0
04,14,2002,0.0
04,15,2002,0.0
04,16,2002,0.0
04,17,2002,0.0
04,18,2002,0.0
04,19,2002,0.0
04,20,2002,0.0
04,21,2002,0.0
04,22,2002,0.0
04,23,2002,0.0
04,24,2002,0.0
04,25,2002,0.0
04,26,2002,0.0
04,27,2002,0.0
04,28,2002,0.0
04,29,2002,0.0
04,30,2002,0.0
05,01,2002,0.0
05,02,2002,0.0
05,03,2002,0.0
05,04,2002,0.0
05,05,2002,0.0
05,06,2002,0.0
05,07,2002,0.0
05,08,2002,0.0
05,09,2002,0.0
05,10,2002,0.0
05,11,2002,0.0
05,12,2002,0.0
05,13,2002,0.0
05,14,2002,0.0
05,15,2002,0.0
05,16,2002,0.0
05,17,2002,0.0
05,18,2002,0.0
05,19,2002,0.0
05,20,2002,null
05,21,2002,null
05,22,2002,null
05,23,2002,null
05,24,2002,0.0
05,25,2002,0.0
05,26,2002,0.0
05,27,2002,0.0
05,28,2002,0.0
05,29,2002,0.0
05,30,2002,0.0
05,31,2002,0.0
06,01,2002,0.0
06,02,2002,0.0
06,03,2002,0.0
06,04,2002,0.0
06,05,2002,0.0
06,06,2002,0.0
06,07,2002,0.0
06,08,2002,0.0
06,09,2002,0.0
06,10,2002,0.0
06,11,2002,0.0
06,12,2002,0.0
06,13,2002,0.0
06,14,2002,0.0
06,15,2002,0.0
06,16,2002,0.0
06,17,2002,0.0
06,18,2002,0.0
06,19,2002,0.0
06,20,2002,0.0
06,21,2002,0.0
06,22,2002,0.0
06,23,2002,0.0
06,24,2002,0.0
06,25,2002,0.0
06,26,2002,0.0
06,27,2002,0.0
06,28,2002,0.0
06,29,2002,0.0
06,30,2002,0.0
07,01,2002,0.0
07,02,2002,0.0
07,03,2002,0.0
07,04,2002,0.0
07,05,2002,0.0
07,06,2002,0.0
07,07,2002,0.0
07,08,2002,0.0
07,09,2002,0.0
07,10,2002,0.0
07,11,2002,0.0
07,12,2002,0.0
07,13,2002,0.0
07,14,2002,0.0
07,15,2002,0.0
07,16,2002,0.0
07,17,2002,0.0
07,18,2002,3.5
07,19,2002,0.0
07,20,2002,3.2
07,21,2002,20.5
07,22,2002,3.7
07,23,2002,3.8
07,24,2002,3.2
07,25,2002,0.0
07,26,2002,4.8
07,27,2002,0.0
07,28,2002,10.0
07,29,2002,3.0
07,30,2002,1.8
07,31,2002,0.0
08,01,2002,0.0
08,02,2002,1.0
08,03,2002,0.0
08,04,2002,2.8
08,05,2002,1.0
08,06,2002,3.8
08,07,2002,0.0
08,08,2002,1.5
08,09,2002,3.0
08,10,2002,1.0
08,11,2002,0.0
08,12,2002,0.0
08,13,2002,0.0
08,14,2002,0.0
08,15,2002,0.0
08,16,2002,1.0
08,17,2002,0.0
08,18,2002,30.0
08,19,2002,0.0
08,20,2002,0.0
08,21,2002,0.0
08,22,2002,0.0
08,23,2002,0.0
08,24,2002,0.0
08,25,2002,0.0
08,26,2002,0.0
08,27,2002,0.0
08,28,2002,17.5
08,29,2002,0.0
08,30,2002,0.0
08,31,2002,0.0
09,01,2002,0.0
09,02,2002,2.0
09,03,2002,0.0
09,04,2002,0.0
09,05,2002,0.0
09,06,2002,0.0
09,07,2002,0.0
09,08,2002,4.3
09,09,2002,14.0
09,10,2002,5.5
09,11,2002,0.0
09,12,2002,3.0
09,13,2002,0.0
09,14,2002,0.0
09,15,2002,0.0
09,16,2002,0.0
09,17,2002,0.0
09,18,2002,0.0
09,19,2002,0.0
09,20,2002,0.0
09,21,2002,0.0
09,22,2002,0.0
09,23,2002,0.0
09,24,2002,0.0
09,25,2002,0.0
09,26,2002,0.0
09,27,2002,0.0
09,28,2002,0.0
09,29,2002,0.0
09,30,2002,0.0
10,01,2002,0.0
10,02,2002,0.0
10,03,2002,0.0
10,04,2002,0.0
10,05,2002,0.0
10,06,2002,0.0
10,07,2002,5.7
10,08,2002,0.0
10,09,2002,0.0
10,10,2002,0.0
10,11,2002,0.0
10,12,2002,0.0
10,13,2002,0.0
10,14,2002,0.0
10,15,2002,0.0
10,16,2002,0.0
10,17,2002,0.0
10,18,2002,0.0
10,19,2002,0.0
10,20,2002,0.0
10,21,2002,0.0
10,22,2002,0.0
10,23,2002,0.0
10,24,2002,0.0
10,25,2002,0.0
10,26,2002,0.0
10,27,2002,0.0
10,28,2002,0.0
10,29,2002,0.0
10,30,2002,0.0
10,31,2002,0.0
11,01,2002,0.0
11,02,2002,0.0
11,03,2002,0.0
11,04,2002,0.0
11,05,2002,0.0
11,06,2002,0.0
11,07,2002,0.0
11,08,2002,0.0
11,09,2002,0.0
11,10,2002,0.0
11,11,2002,0.0
11,12,2002,0.0
11,13,2002,0.0
11,14,2002,0.0
11,15,2002,0.0
11,16,2002,0.0
11,17,2002,0.0
11,18,2002,0.0
11,19,2002,0.0
11,20,2002,0.0
11,21,2002,0.0
11,22,2002,0.0
11,23,2002,0.0
11,24,2002,0.0
11,25,2002,0.0
11,26,2002,0.0
11,27,2002,0.0
11,28,2002,0.0
11,29,2002,3.0
11,30,2002,3.4
12,01,2002,15.0
12,02,2002,0.0
12,03,2002,0.0
12,04,2002,0.0
12,05,2002,0.0
12,06,2002,0.0
12,07,2002,0.0
12,08,2002,0.0
12,09,2002,0.0
12,10,2002,0.0
12,11,2002,0.0
12,12,2002,0.0
12,13,2002,0.0
12,14,2002,0.0
12,15,2002,0.0
12,16,2002,0.0
12,17,2002,9.3
12,18,2002,0.0
12,19,2002,0.0
12,20,2002,0.0
12,21,2002,0.0
12,22,2002,9.0
12,23,2002,1.0
12,24,2002,0.0
12,25,2002,0.0
12,26,2002,0.0
12,27,2002,0.0
12,28,2002,0.0
12,29,2002,0.0
12,30,2002,0.0
12,31,2002,0.0
01,01,2003,0.0
01,02,2003,0.0
01,03,2003,0.0
01,04,2003,0.0
01,05,2003,0.0
01,06,2003,0.0
01,07,2003,0.0
01,08,2003,0.0
01,09,2003,0.0
01,10,2003,0.0
01,11,2003,0.0
01,12,2003,0.0
01,13,2003,0.0
01,14,2003,0.0
01,15,2003,0.0
01,16,2003,0.0
01,17,2003,0.0
01,18,2003,0.0
01,19,2003,0.0
01,20,2003,0.0
01,21,2003,0.0
01,22,2003,0.0
01,23,2003,0.0
01,24,2003,0.0
01,25,2003,0.0
01,26,2003,0.0
01,27,2003,0.0
01,28,2003,0.0
01,29,2003,0.0
01,30,2003,0.0
01,31,2003,0.0
02,01,2003,0.0
02,02,2003,0.0
02,03,2003,0.0
02,04,2003,0.0
02,05,2003,0.0
02,06,2003,0.0
02,07,2003,4.5
02,08,2003,0.0
02,09,2003,0.0
02,10,2003,0.0
02,11,2003,0.0
02,12,2003,1.0
02,13,2003,25.0
02,14,2003,1.5
02,15,2003,0.0
02,16,2003,0.0
02,17,2003,0.0
02,18,2003,0.0
02,19,2003,0.0
02,20,2003,0.0
02,21,2003,0.0
02,22,2003,0.0
02,23,2003,0.0
02,24,2003,0.0
02,25,2003,16.0
02,26,2003,0.0
02,27,2003,0.0
02,28,2003,0.0
03,01,2003,0.0
03,02,2003,0.0
03,03,2003,0.0
03,04,2003,0.0
03,05,2003,0.0
03,06,2003,0.0
03,07,2003,0.0
03,08,2003,0.0
03,09,2003,0.0
03,10,2003,0.0
03,11,2003,0.0
03,12,2003,0.0
03,13,2003,0.0
03,14,2003,0.0
03,15,2003,0.0
03,16,2003,4.0
03,17,2003,10.0
03,18,2003,0.0
03,19,2003,0.0
03,20,2003,0.0
03,21,2003,0.0
03,22,2003,0.0
03,23,2003,0.0
03,24,2003,0.0
03,25,2003,0.0
03,26,2003,0.0
03,27,2003,0.0
03,28,2003,0.0
03,29,2003,0.0
03,30,2003,0.0
03,31,2003,0.0
04,01,2003,0.0
04,02,2003,0.0
04,03,2003,0.0
04,04,2003,0.0
04,05,2003,0.0
04,06,2003,0.0
04,07,2003,0.0
04,08,2003,0.0
04,09,2003,0.0
04,10,2003,0.0
04,11,2003,0.0
04,12,2003,0.0
04,13,2003,0.0
04,14,2003,0.0
04,15,2003,0.0
04,16,2003,0.0
04,17,2003,0.0
04,18,2003,0.0
04,19,2003,0.0
04,20,2003,0.0
04,21,2003,0.0
04,22,2003,0.0
04,23,2003,0.0
04,24,2003,0.0
04,25,2003,0.0
04,26,2003,0.0
04,27,2003,0.0
04,28,2003,0.0
04,29,2003,0.0
04,30,2003,0.0
05,01,2003,null
05,02,2003,null
05,03,2003,null
05,04,2003,null
05,05,2003,null
05,06,2003,null
05,07,2003,null
05,08,2003,null
05,09,2003,null
05,10,2003,null
05,11,2003,null
05,12,2003,null
05,13,2003,null
05,14,2003,null
05,15,2003,null
05,16,2003,null
05,17,2003,null
05,18,2003,null
05,19,2003,null
05,20,2003,null
05,21,2003,null
05,22,2003,null
05,23,2003,null
05,24,2003,null
05,25,2003,null
05,26,2003,null
05,27,2003,null
05,28,2003,null
05,29,2003,null
05,30,2003,null
05,31,2003,null
06,01,2003,0.0
06,02,2003,0.0
06,03,2003,0.0
06,04,2003,0.0
06,05,2003,1.0
06,06,2003,0.0
06,07,2003,0.0
06,08,2003,0.0
06,09,2003,0.0
06,10,2003,0.0
06,11,2003,0.0
06,12,2003,0.0
06,13,2003,0.0
06,14,2003,0.0
06,15,2003,0.0
06,16,2003,0.0
06,17,2003,0.0
06,18,2003,0.0
06,19,2003,0.0
06,20,2003,0.0
06,21,2003,0.0
06,22,2003,0.0
06,23,2003,0.0
06,24,2003,0.0
06,25,2003,0.0
06,26,2003,0.0
06,27,2003,0.0
06,28,2003,0.0
06,29,2003,0.0
06,30,2003,0.0
07,01,2003,0.0
07,02,2003,0.0
07,03,2003,0.0
07,04,2003,0.0
07,05,2003,0.0
07,06,2003,0.0
07,07,2003,0.0
07,08,2003,0.0
07,09,2003,0.0
07,10,2003,0.0
07,11,2003,0.0
07,12,2003,3.5
07,13,2003,3.5
07,14,2003,0.0
07,15,2003,0.0
07,16,2003,0.0
07,17,2003,12.0
07,18,2003,13.0
07,19,2003,0.0
07,20,2003,4.0
07,21,2003,0.0
07,22,2003,0.0
07,23,2003,0.0
07,24,2003,0.0
07,25,2003,28.0
07,26,2003,1.0
07,27,2003,0.0
07,28,2003,0.0
07,29,2003,0.0
07,30,2003,1.3
07,31,2003,5.0
08,01,2003,0.0
08,02,2003,0.0
08,03,2003,0.0
08,04,2003,0.0
08,05,2003,0.0
08,06,2003,4.3
08,07,2003,0.0
08,08,2003,0.0
08,09,2003,0.0
08,10,2003,4.0
08,11,2003,0.0
08,12,2003,6.3
08,13,2003,3.9
08,14,2003,0.0
08,15,2003,0.0
08,16,2003,0.0
08,17,2003,0.0
08,18,2003,3.5
08,19,2003,0.0
08,20,2003,1.0
08,21,2003,0.0
08,22,2003,0.0
08,23,2003,4.6
08,24,2003,0.0
08,25,2003,0.0
08,26,2003,15.0
08,27,2003,1.0
08,28,2003,0.0
08,29,2003,0.0
08,30,2003,2.0
08,31,2003,0.0
09,01,2003,0.0
09,02,2003,0.0
09,03,2003,0.0
09,04,2003,0.0
09,05,2003,0.0
09,06,2003,0.0
09,07,2003,24.5
09,08,2003,2.7
09,09,2003,0.0
09,10,2003,0.0
09,11,2003,0.0
09,12,2003,0.0
09,13,2003,0.0
09,14,2003,0.0
09,15,2003,0.0
09,16,2003,0.0
09,17,2003,0.0
09,18,2003,0.0
09,19,2003,0.0
09,20,2003,0.0
09,21,2003,0.0
09,22,2003,2.0
09,23,2003,10.4
09,24,2003,3.2
09,25,2003,0.0
09,26,2003,0.0
09,27,2003,0.0
09,28,2003,0.0
09,29,2003,0.0
09,30,2003,0.0
10,01,2003,0.0
10,02,2003,2.6
10,03,2003,0.0
10,04,2003,0.0
10,05,2003,0.0
10,06,2003,2.4
10,07,2003,0.0
10,08,2003,0.0
10,09,2003,9.0
10,10,2003,0.0
10,11,2003,2.9
10,12,2003,0.0
10,13,2003,0.0
10,14,2003,0.0
10,15,2003,1.0
10,16,2003,0.0
10,17,2003,0.0
10,18,2003,0.0
10,19,2003,0.0
10,20,2003,0.0
10,21,2003,0.0
10,22,2003,0.0
10,23,2003,0.0
10,24,2003,0.0
10,25,2003,0.0
10,26,2003,0.0
10,27,2003,0.0
10,28,2003,0.0
10,29,2003,0.0
10,30,2003,0.0
10,31,2003,0.0
11,01,2003,0.0
11,02,2003,0.0
11,03,2003,0.0
11,04,2003,0.0
11,05,2003,0.0
11,06,2003,0.0
11,07,2003,0.0
11,08,2003,0.0
11,09,2003,0.0
11,10,2003,0.0
11,11,2003,1.8
11,12,2003,10.0
11,13,2003,4.2
11,14,2003,0.0
11,15,2003,0.0
11,16,2003,0.0
11,17,2003,0.0
11,18,2003,0.0
11,19,2003,0.0
11,20,2003,0.0
11,21,2003,0.0
11,22,2003,0.0
11,23,2003,0.0
11,24,2003,0.0
11,25,2003,0.0
11,26,2003,0.0
11,27,2003,0.0
11,28,2003,0.0
11,29,2003,0.0
11,30,2003,0.0
12,01,2003,0.0
12,02,2003,0.0
12,03,2003,0.0
12,04,2003,0.0
12,05,2003,0.0
12,06,2003,0.0
12,07,2003,0.0
12,08,2003,0.0
12,09,2003,0.0
12,10,2003,0.0
12,11,2003,0.0
12,12,2003,0.0
12,13,2003,0.0
12,14,2003,0.0
12,15,2003,0.0
12,16,2003,0.0
12,17,2003,0.0
12,18,2003,0.0
12,19,2003,0.0
12,20,2003,0.0
12,21,2003,0.0
12,22,2003,0.0
12,23,2003,0.0
12,24,2003,0.0
12,25,2003,0.0
12,26,2003,0.0
12,27,2003,0.0
12,28,2003,0.0
12,29,2003,0.0
12,30,2003,0.0
12,31,2003,14.2
01,01,2004,0.0
01,02,2004,0.0
01,03,2004,0.0
01,04,2004,0.0
01,05,2004,0.0
01,06,2004,0.0
01,07,2004,0.0
01,08,2004,0.0
01,09,2004,0.0
01,10,2004,0.0
01,11,2004,0.0
01,12,2004,0.0
01,13,2004,2.0
01,14,2004,24.5
01,15,2004,0.0
01,16,2004,0.0
01,17,2004,0.0
01,18,2004,0.0
01,19,2004,0.0
01,20,2004,0.0
01,21,2004,6.1
01,22,2004,1.5
01,23,2004,0.0
01,24,2004,0.0
01,25,2004,0.0
01,26,2004,0.0
01,27,2004,0.0
01,28,2004,0.0
01,29,2004,0.0
01,30,2004,0.0
01,31,2004,1.5
02,01,2004,0.0
02,02,2004,0.0
02,03,2004,1.7
02,04,2004,1.0
02,05,2004,0.0
02,06,2004,0.0
02,07,2004,0.0
02,08,2004,0.0
02,09,2004,0.0
02,10,2004,0.0
02,11,2004,0.0
02,12,2004,0.0
02,13,2004,0.0
02,14,2004,0.0
02,15,2004,0.0
02,16,2004,0.0
02,17,2004,0.0
02,18,2004,0.0
02,19,2004,0.0
02,20,2004,0.0
02,21,2004,0.0
02,22,2004,9.0
02,23,2004,2.9
02,24,2004,0.0
02,25,2004,0.0
02,26,2004,0.0
02,27,2004,6.2
02,28,2004,1.0
02,29,2004,0.0
03,01,2004,0.0
03,02,2004,0.0
03,03,2004,14.1
03,04,2004,0.0
03,05,2004,0.0
03,06,2004,0.0
03,07,2004,0.0
03,08,2004,0.0
03,09,2004,0.0
03,10,2004,0.0
03,11,2004,3.5
03,12,2004,1.0
03,13,2004,0.0
03,14,2004,0.0
03,15,2004,0.0
03,16,2004,0.0
03,17,2004,0.0
03,18,2004,0.0
03,19,2004,0.0
03,20,2004,0.0
03,21,2004,0.0
03,22,2004,0.0
03,23,2004,0.0
03,24,2004,0.0
03,25,2004,0.0
03,26,2004,0.0
03,27,2004,0.0
03,28,2004,0.0
03,29,2004,0.0
03,30,2004,0.0
03,31,2004,8.9
04,01,2004,6.0
04,02,2004,21.0
04,03,2004,2.0
04,04,2004,1.5
04,05,2004,0.0
04,06,2004,0.0
04,07,2004,0.0
04,08,2004,0.0
04,09,2004,0.0
04,10,2004,8.5
04,11,2004,0.0
04,12,2004,0.0
04,13,2004,0.0
04,14,2004,0.0
04,15,2004,0.0
04,16,2004,0.0
04,17,2004,0.0
04,18,2004,0.0
04,19,2004,0.0
04,20,2004,0.0
04,21,2004,0.0
04,22,2004,0.0
04,23,2004,0.0
04,24,2004,0.0
04,25,2004,0.0
04,26,2004,0.0
04,27,2004,0.0
04,28,2004,0.0
04,29,2004,0.0
04,30,2004,0.0
05,01,2004,0.0
05,02,2004,0.0
05,03,2004,0.0
05,04,2004,0.0
05,05,2004,0.0
05,06,2004,0.0
05,07,2004,0.0
05,08,2004,0.0
05,09,2004,0.0
05,10,2004,0.0
05,11,2004,0.0
05,12,2004,0.0
05,13,2004,0.0
05,14,2004,0.0
05,15,2004,0.0
05,16,2004,0.0
05,17,2004,0.0
05,18,2004,0.0
05,19,2004,0.0
05,20,2004,0.0
05,21,2004,0.0
05,22,2004,0.0
05,23,2004,0.0
05,24,2004,0.0
05,25,2004,0.0
05,26,2004,0.0
05,27,2004,0.0
05,28,2004,0.0
05,29,2004,0.0
05,30,2004,0.0
05,31,2004,0.0
06,01,2004,0.0
06,02,2004,0.0
06,03,2004,0.0
06,04,2004,0.0
06,05,2004,0.0
06,06,2004,0.0
06,07,2004,0.0
06,08,2004,0.0
06,09,2004,0.0
06,10,2004,0.0
06,11,2004,0.0
06,12,2004,0.0
06,13,2004,0.0
06,14,2004,0.0
06,15,2004,0.0
06,16,2004,0.0
06,17,2004,0.0
06,18,2004,0.0
06,19,2004,0.0
06,20,2004,0.0
06,21,2004,0.0
06,22,2004,0.0
06,23,2004,0.0
06,24,2004,0.0
06,25,2004,0.0
06,26,2004,0.0
06,27,2004,0.0
06,28,2004,1.5
06,29,2004,0.0
06,30,2004,0.0
07,01,2004,0.0
07,02,2004,0.0
07,03,2004,0.0
07,04,2004,0.0
07,05,2004,0.0
07,06,2004,0.0
07,07,2004,4.2
07,08,2004,6.5
07,09,2004,0.0
07,10,2004,0.0
07,11,2004,0.0
07,12,2004,4.7
07,13,2004,3.5
07,14,2004,0.0
07,15,2004,2.0
07,16,2004,0.0
07,17,2004,0.0
07,18,2004,0.0
07,19,2004,0.0
07,20,2004,0.0
07,21,2004,0.0
07,22,2004,4.0
07,23,2004,7.0
07,24,2004,0.0
07,25,2004,0.0
07,26,2004,0.0
07,27,2004,4.0
07,28,2004,0.0
07,29,2004,0.0
07,30,2004,0.0
07,31,2004,0.0
08,01,2004,12.0
08,02,2004,0.0
08,03,2004,0.0
08,04,2004,28.0
08,05,2004,4.0
08,06,2004,2.0
08,07,2004,0.0
08,08,2004,0.0
08,09,2004,0.0
08,10,2004,0.0
08,11,2004,0.0
08,12,2004,0.0
08,13,2004,7.2
08,14,2004,8.5
08,15,2004,0.0
08,16,2004,0.0
08,17,2004,0.0
08,18,2004,1.0
08,19,2004,0.0
08,20,2004,0.0
08,21,2004,0.0
08,22,2004,0.0
08,23,2004,0.0
08,24,2004,0.0
08,25,2004,0.0
08,26,2004,0.0
08,27,2004,0.0
08,28,2004,0.0
08,29,2004,0.0
08,30,2004,0.0
08,31,2004,0.0
09,01,2004,0.0
09,02,2004,0.0
09,03,2004,0.0
09,04,2004,0.0
09,05,2004,0.0
09,06,2004,0.0
09,07,2004,0.0
09,08,2004,0.0
09,09,2004,0.0
09,10,2004,0.0
09,11,2004,0.0
09,12,2004,0.0
09,13,2004,0.0
09,14,2004,0.0
09,15,2004,0.0
09,16,2004,0.0
09,17,2004,2.5
09,18,2004,5.5
09,19,2004,55.0
09,20,2004,0.0
09,21,2004,0.0
09,22,2004,0.0
09,23,2004,0.0
09,24,2004,0.0
09,25,2004,23.0
09,26,2004,0.0
09,27,2004,0.0
09,28,2004,0.0
09,29,2004,0.0
09,30,2004,0.0
10,01,2004,0.0
10,02,2004,0.0
10,03,2004,0.0
10,04,2004,0.0
10,05,2004,0.0
10,06,2004,0.0
10,07,2004,0.0
10,08,2004,0.0
10,09,2004,0.0
10,10,2004,0.0
10,11,2004,0.0
10,12,2004,0.0
10,13,2004,0.0
10,14,2004,0.0
10,15,2004,0.0
10,16,2004,0.0
10,17,2004,0.0
10,18,2004,0.0
10,19,2004,0.0
10,20,2004,0.0
10,21,2004,0.0
10,22,2004,0.0
10,23,2004,0.0
10,24,2004,3.5
10,25,2004,0.0
10,26,2004,23.0
10,27,2004,0.0
10,28,2004,2.0
10,29,2004,0.0
10,30,2004,0.0
10,31,2004,0.0
11,01,2004,0.0
11,02,2004,0.0
11,03,2004,0.0
11,04,2004,0.0
11,05,2004,0.0
11,06,2004,0.0
11,07,2004,0.0
11,08,2004,0.0
11,09,2004,0.0
11,10,2004,0.0
11,11,2004,0.0
11,12,2004,0.0
11,13,2004,10.0
11,14,2004,2.0
11,15,2004,1.0
11,16,2004,0.0
11,17,2004,0.0
11,18,2004,0.0
11,19,2004,0.0
11,20,2004,0.0
11,21,2004,1.0
11,22,2004,9.0
11,23,2004,0.0
11,24,2004,0.0
11,25,2004,0.0
11,26,2004,0.0
11,27,2004,0.0
11,28,2004,0.0
11,29,2004,0.0
11,30,2004,0.0
12,01,2004,0.0
12,02,2004,0.0
12,03,2004,0.0
12,04,2004,17.5
12,05,2004,0.0
12,06,2004,0.0
12,07,2004,0.0
12,08,2004,0.0
12,09,2004,0.0
12,10,2004,0.0
12,11,2004,0.0
12,12,2004,0.0
12,13,2004,0.0
12,14,2004,0.0
12,15,2004,0.0
12,16,2004,0.0
12,17,2004,0.0
12,18,2004,0.0
12,19,2004,0.0
12,20,2004,0.0
12,21,2004,0.0
12,22,2004,0.0
12,23,2004,0.0
12,24,2004,0.0
12,25,2004,0.0
12,26,2004,0.0
12,27,2004,0.0
12,28,2004,0.0
12,29,2004,0.0
12,30,2004,0.0
12,31,2004,0.0
01,01,2005,10.0
01,02,2005,5.3
01,03,2005,5.5
01,04,2005,6.5
01,05,2005,0.0
01,06,2005,0.0
01,07,2005,0.0
01,08,2005,0.0
01,09,2005,0.0
01,10,2005,0.0
01,11,2005,4.0
01,12,2005,0.0
01,13,2005,0.0
01,14,2005,0.0
01,15,2005,0.0
01,16,2005,0.0
01,17,2005,0.0
01,18,2005,0.0
01,19,2005,0.0
01,20,2005,5.3
01,21,2005,0.0
01,22,2005,0.0
01,23,2005,0.0
01,24,2005,0.0
01,25,2005,6.4
01,26,2005,4.3
01,27,2005,3.2
01,28,2005,0.0
01,29,2005,0.0
01,30,2005,0.0
01,31,2005,0.0
02,01,2005,0.0
02,02,2005,0.0
02,03,2005,0.0
02,04,2005,10.7
02,05,2005,6.0
02,06,2005,2.1
02,07,2005,0.0
02,08,2005,0.0
02,09,2005,0.0
02,10,2005,5.8
02,11,2005,13.5
02,12,2005,0.0
02,13,2005,0.0
02,14,2005,0.0
02,15,2005,0.0
02,16,2005,0.0
02,17,2005,0.0
02,18,2005,0.0
02,19,2005,2.0
02,20,2005,0.0
02,21,2005,2.0
02,22,2005,0.0
02,23,2005,0.0
02,24,2005,0.0
02,25,2005,0.0
02,26,2005,0.0
02,27,2005,0.0
02,28,2005,0.0
03,01,2005,0.0
03,02,2005,0.0
03,03,2005,0.0
03,04,2005,0.0
03,05,2005,0.0
03,06,2005,0.0
03,07,2005,0.0
03,08,2005,0.0
03,09,2005,0.0
03,10,2005,0.0
03,11,2005,0.0
03,12,2005,0.0
03,13,2005,0.0
03,14,2005,0.0
03,15,2005,0.0
03,16,2005,0.0
03,17,2005,0.0
03,18,2005,0.0
03,19,2005,0.0
03,20,2005,0.0
03,21,2005,0.0
03,22,2005,0.0
03,23,2005,0.0
03,24,2005,0.0
03,25,2005,0.0
03,26,2005,0.0
03,27,2005,0.0
03,28,2005,0.0
03,29,2005,0.0
03,30,2005,0.0
03,31,2005,0.0
04,01,2005,0.0
04,02,2005,0.0
04,03,2005,0.0
04,04,2005,0.0
04,05,2005,0.0
04,06,2005,0.0
04,07,2005,0.0
04,08,2005,0.0
04,09,2005,0.0
04,10,2005,0.0
04,11,2005,0.0
04,12,2005,0.0
04,13,2005,0.0
04,14,2005,0.0
04,15,2005,0.0
04,16,2005,0.0
04,17,2005,0.0
04,18,2005,0.0
04,19,2005,0.0
04,20,2005,0.0
04,21,2005,0.0
04,22,2005,0.0
04,23,2005,5.0
04,24,2005,0.0
04,25,2005,0.0
04,26,2005,0.0
04,27,2005,0.0
04,28,2005,0.0
04,29,2005,0.0
04,30,2005,0.0
05,01,2005,0.0
05,02,2005,0.0
05,03,2005,0.0
05,04,2005,0.0
05,05,2005,0.0
05,06,2005,0.0
05,07,2005,0.0
05,08,2005,0.0
05,09,2005,0.0
05,10,2005,0.0
05,11,2005,0.0
05,12,2005,0.0
05,13,2005,0.0
05,14,2005,0.0
05,15,2005,0.0
05,16,2005,0.0
05,17,2005,0.0
05,18,2005,0.0
05,19,2005,0.0
05,20,2005,0.0
05,21,2005,0.0
05,22,2005,0.0
05,23,2005,0.0
05,24,2005,0.0
05,25,2005,0.0
05,26,2005,0.0
05,27,2005,0.0
05,28,2005,26.0
05,29,2005,0.0
05,30,2005,0.0
05,31,2005,0.0
06,01,2005,0.0
06,02,2005,0.0
06,03,2005,0.0
06,04,2005,0.0
06,05,2005,0.0
06,06,2005,0.0
06,07,2005,0.0
06,08,2005,0.0
06,09,2005,0.0
06,10,2005,0.0
06,11,2005,0.0
06,12,2005,0.0
06,13,2005,0.0
06,14,2005,0.0
06,15,2005,0.0
06,16,2005,0.0
06,17,2005,0.0
06,18,2005,0.0
06,19,2005,0.0
06,20,2005,0.0
06,21,2005,0.0
06,22,2005,0.0
06,23,2005,0.0
06,24,2005,0.0
06,25,2005,0.0
06,26,2005,0.0
06,27,2005,0.0
06,28,2005,0.0
06,29,2005,0.0
06,30,2005,0.0
07,01,2005,0.0
07,02,2005,0.0
07,03,2005,0.0
07,04,2005,0.0
07,05,2005,0.0
07,06,2005,0.0
07,07,2005,0.0
07,08,2005,0.0
07,09,2005,0.0
07,10,2005,0.0
07,11,2005,0.0
07,12,2005,0.0
07,13,2005,0.0
07,14,2005,0.0
07,15,2005,0.0
07,16,2005,0.0
07,17,2005,3.5
07,18,2005,0.0
07,19,2005,0.0
07,20,2005,1.5
07,21,2005,0.0
07,22,2005,8.0
07,23,2005,0.0
07,24,2005,19.5
07,25,2005,16.5
07,26,2005,17.0
07,27,2005,0.0
07,28,2005,0.0
07,29,2005,13.5
07,30,2005,0.0
07,31,2005,2.5
08,01,2005,0.0
08,02,2005,0.0
08,03,2005,21.0
08,04,2005,1.5
08,05,2005,0.0
08,06,2005,1.9
08,07,2005,1.6
08,08,2005,5.5
08,09,2005,0.0
08,10,2005,0.0
08,11,2005,0.0
08,12,2005,34.0
08,13,2005,32.6
08,14,2005,0.0
08,15,2005,0.0
08,16,2005,0.0
08,17,2005,0.0
08,18,2005,3.2
08,19,2005,1.0
08,20,2005,0.0
08,21,2005,0.0
08,22,2005,0.0
08,23,2005,6.4
08,24,2005,0.0
08,25,2005,0.0
08,26,2005,0.0
08,27,2005,0.0
08,28,2005,0.0
08,29,2005,0.0
08,30,2005,0.0
08,31,2005,0.0
09,01,2005,0.0
09,02,2005,0.0
09,03,2005,0.0
09,04,2005,0.0
09,05,2005,0.0
09,06,2005,0.0
09,07,2005,26.5
09,08,2005,0.0
09,09,2005,0.0
09,10,2005,0.0
09,11,2005,0.0
09,12,2005,0.0
09,13,2005,0.0
09,14,2005,0.0
09,15,2005,0.0
09,16,2005,0.0
09,17,2005,0.0
09,18,2005,0.0
09,19,2005,0.0
09,20,2005,0.0
09,21,2005,0.0
09,22,2005,0.0
09,23,2005,0.0
09,24,2005,0.0
09,25,2005,0.0
09,26,2005,0.0
09,27,2005,0.0
09,28,2005,0.0
09,29,2005,0.0
09,30,2005,0.0
10,01,2005,0.0
10,02,2005,0.0
10,03,2005,0.0
10,04,2005,0.0
10,05,2005,0.0
10,06,2005,0.0
10,07,2005,0.0
10,08,2005,0.0
10,09,2005,0.0
10,10,2005,0.0
10,11,2005,0.0
10,12,2005,0.0
10,13,2005,0.0
10,14,2005,0.0
10,15,2005,0.0
10,16,2005,0.0
10,17,2005,0.0
10,18,2005,0.0
10,19,2005,0.0
10,20,2005,0.0
10,21,2005,0.0
10,22,2005,0.0
10,23,2005,0.0
10,24,2005,0.0
10,25,2005,0.0
10,26,2005,0.0
10,27,2005,0.0
10,28,2005,0.0
10,29,2005,0.0
10,30,2005,0.0
10,31,2005,0.0
11,01,2005,0.0
11,02,2005,0.0
11,03,2005,0.0
11,04,2005,0.0
11,05,2005,0.0
11,06,2005,0.0
11,07,2005,0.0
11,08,2005,0.0
11,09,2005,0.0
11,10,2005,0.0
11,11,2005,0.0
11,12,2005,0.0
11,13,2005,0.0
11,14,2005,0.0
11,15,2005,0.0
11,16,2005,0.0
11,17,2005,0.0
11,18,2005,0.0
11,19,2005,0.0
11,20,2005,0.0
11,21,2005,0.0
11,22,2005,0.0
11,23,2005,0.0
11,24,2005,0.0
11,25,2005,0.0
11,26,2005,0.0
11,27,2005,0.0
11,28,2005,0.0
11,29,2005,0.0
11,30,2005,0.0
12,01,2005,0.0
12,02,2005,0.0
12,03,2005,0.0
12,04,2005,0.0
12,05,2005,0.0
12,06,2005,0.0
12,07,2005,0.0
12,08,2005,0.0
12,09,2005,0.0
12,10,2005,0.0
12,11,2005,0.0
12,12,2005,0.0
12,13,2005,0.0
12,14,2005,0.0
12,15,2005,0.0
12,16,2005,0.0
12,17,2005,0.0
12,18,2005,0.0
12,19,2005,0.0
12,20,2005,0.0
12,21,2005,0.0
12,22,2005,0.0
12,23,2005,0.0
12,24,2005,0.0
12,25,2005,0.0
12,26,2005,0.0
12,27,2005,0.0
12,28,2005,0.0
12,29,2005,0.0
12,30,2005,0.0
12,31,2005,0.0
01,01,2006,0.0
01,02,2006,0.0
01,03,2006,0.0
01,04,2006,0.0
01,05,2006,0.0
01,06,2006,0.0
01,07,2006,0.0
01,08,2006,0.0
01,09,2006,0.0
01,10,2006,0.0
01,11,2006,0.0
01,12,2006,0.0
01,13,2006,0.0
01,14,2006,0.0
01,15,2006,0.0
01,16,2006,0.0
01,17,2006,0.0
01,18,2006,0.0
01,19,2006,0.0
01,20,2006,0.0
01,21,2006,0.0
01,22,2006,0.0
01,23,2006,0.0
01,24,2006,0.0
01,25,2006,0.0
01,26,2006,0.0
01,27,2006,0.0
01,28,2006,0.0
01,29,2006,0.0
01,30,2006,0.0
01,31,2006,0.0
02,01,2006,0.0
02,02,2006,0.0
02,03,2006,0.0
02,04,2006,0.0
02,05,2006,0.0
02,06,2006,0.0
02,07,2006,0.0
02,08,2006,0.0
02,09,2006,0.0
02,10,2006,0.0
02,11,2006,0.0
02,12,2006,0.0
02,13,2006,0.0
02,14,2006,0.0
02,15,2006,0.0
02,16,2006,0.0
02,17,2006,0.0
02,18,2006,0.0
02,19,2006,0.0
02,20,2006,0.0
02,21,2006,0.0
02,22,2006,0.0
02,23,2006,0.0
02,24,2006,0.0
02,25,2006,0.0
02,26,2006,0.0
02,27,2006,0.0
02,28,2006,0.0
03,01,2006,0.0
03,02,2006,0.0
03,03,2006,0.0
03,04,2006,0.0
03,05,2006,0.0
03,06,2006,0.0
03,07,2006,0.0
03,08,2006,0.0
03,09,2006,0.0
03,10,2006,0.0
03,11,2006,0.0
03,12,2006,0.0
03,13,2006,3.5
03,14,2006,0.0
03,15,2006,0.0
03,16,2006,0.0
03,17,2006,0.0
03,18,2006,5.0
03,19,2006,0.0
03,20,2006,0.0
03,21,2006,0.0
03,22,2006,0.0
03,23,2006,0.0
03,24,2006,0.0
03,25,2006,0.0
03,26,2006,0.0
03,27,2006,0.0
03,28,2006,0.0
03,29,2006,0.0
03,30,2006,0.0
03,31,2006,0.0
04,01,2006,0.0
04,02,2006,0.0
04,03,2006,0.0
04,04,2006,0.0
04,05,2006,0.0
04,06,2006,0.0
04,07,2006,0.0
04,08,2006,0.0
04,09,2006,0.0
04,10,2006,0.0
04,11,2006,0.0
04,12,2006,0.0
04,13,2006,0.0
04,14,2006,0.0
04,15,2006,0.0
04,16,2006,0.0
04,17,2006,0.0
04,18,2006,0.0
04,19,2006,0.0
04,20,2006,0.0
04,21,2006,0.0
04,22,2006,0.0
04,23,2006,0.0
04,24,2006,0.0
04,25,2006,0.0
04,26,2006,0.0
04,27,2006,0.0
04,28,2006,0.0
04,29,2006,0.0
04,30,2006,0.0
05,01,2006,0.0
05,02,2006,0.0
05,03,2006,0.0
05,04,2006,0.0
05,05,2006,0.0
05,06,2006,0.0
05,07,2006,0.0
05,08,2006,0.0
05,09,2006,0.0
05,10,2006,0.0
05,11,2006,0.0
05,12,2006,0.0
05,13,2006,0.0
05,14,2006,0.0
05,15,2006,0.0
05,16,2006,0.0
05,17,2006,0.0
05,18,2006,0.0
05,19,2006,0.0
05,20,2006,0.0
05,21,2006,0.0
05,22,2006,0.0
05,23,2006,0.0
05,24,2006,0.0
05,25,2006,0.0
05,26,2006,0.0
05,27,2006,0.0
05,28,2006,0.0
05,29,2006,0.0
05,30,2006,0.0
05,31,2006,0.0
06,01,2006,0.0
06,02,2006,0.0
06,03,2006,0.0
06,04,2006,0.0
06,05,2006,0.0
06,06,2006,0.0
06,07,2006,2.5
06,08,2006,0.0
06,09,2006,0.0
06,10,2006,0.0
06,11,2006,0.0
06,12,2006,0.0
06,13,2006,0.0
06,14,2006,0.0
06,15,2006,0.0
06,16,2006,0.0
06,17,2006,0.0
06,18,2006,0.0
06,19,2006,0.0
06,20,2006,0.0
06,21,2006,9.0
06,22,2006,0.0
06,23,2006,0.0
06,24,2006,0.0
06,25,2006,0.0
06,26,2006,0.0
06,27,2006,0.0
06,28,2006,7.0
06,29,2006,0.0
06,30,2006,0.0
07,01,2006,0.0
07,02,2006,0.0
07,03,2006,0.0
07,04,2006,7.5
07,05,2006,0.0
07,06,2006,0.0
07,07,2006,6.5
07,08,2006,0.0
07,09,2006,0.0
07,10,2006,0.0
07,11,2006,0.0
07,12,2006,0.0
07,13,2006,6.9
07,14,2006,0.0
07,15,2006,0.0
07,16,2006,0.0
07,17,2006,0.0
07,18,2006,1.0
07,19,2006,0.0
07,20,2006,0.0
07,21,2006,0.0
07,22,2006,0.0
07,23,2006,0.0
07,24,2006,0.0
07,25,2006,0.0
07,26,2006,0.0
07,27,2006,24.0
07,28,2006,0.0
07,29,2006,46.0
07,30,2006,4.5
07,31,2006,1.0
08,01,2006,0.0
08,02,2006,0.0
08,03,2006,5.2
08,04,2006,3.3
08,05,2006,0.0
08,06,2006,0.0
08,07,2006,0.0
08,08,2006,0.0
08,09,2006,0.0
08,10,2006,15.0
08,11,2006,1.0
08,12,2006,0.0
08,13,2006,0.0
08,14,2006,4.8
08,15,2006,2.4
08,16,2006,1.0
08,17,2006,0.0
08,18,2006,0.0
08,19,2006,0.0
08,20,2006,0.0
08,21,2006,46.5
08,22,2006,0.0
08,23,2006,0.0
08,24,2006,0.0
08,25,2006,0.0
08,26,2006,0.0
08,27,2006,0.0
08,28,2006,0.0
08,29,2006,0.0
08,30,2006,0.0
08,31,2006,0.0
09,01,2006,2.0
09,02,2006,0.0
09,03,2006,9.3
09,04,2006,15.8
09,05,2006,40.0
09,06,2006,5.4
09,07,2006,2.0
09,08,2006,0.0
09,09,2006,0.0
09,10,2006,0.0
09,11,2006,17.5
09,12,2006,7.5
09,13,2006,0.0
09,14,2006,0.0
09,15,2006,0.0
09,16,2006,0.0
09,17,2006,0.0
09,18,2006,0.0
09,19,2006,0.0
09,20,2006,0.0
09,21,2006,0.0
09,22,2006,0.0
09,23,2006,0.0
09,24,2006,0.0
09,25,2006,0.0
09,26,2006,0.0
09,27,2006,0.0
09,28,2006,0.0
09,29,2006,0.0
09,30,2006,0.0
10,01,2006,0.0
10,02,2006,0.0
10,03,2006,0.0
10,04,2006,0.0
10,05,2006,1.0
10,06,2006,2.8
10,07,2006,0.0
10,08,2006,0.0
10,09,2006,0.0
10,10,2006,0.0
10,11,2006,0.0
10,12,2006,0.0
10,13,2006,0.0
10,14,2006,0.0
10,15,2006,0.0
10,16,2006,0.0
10,17,2006,0.0
10,18,2006,0.0
10,19,2006,0.0
10,20,2006,0.0
10,21,2006,0.0
10,22,2006,0.0
10,23,2006,10.5
10,24,2006,0.0
10,25,2006,0.0
10,26,2006,0.0
10,27,2006,0.0
10,28,2006,0.0
10,29,2006,0.0
10,30,2006,0.0
10,31,2006,0.0
11,01,2006,0.0
11,02,2006,0.0
11,03,2006,0.0
11,04,2006,0.0
11,05,2006,0.0
11,06,2006,0.0
11,07,2006,0.0
11,08,2006,0.0
11,09,2006,0.0
11,10,2006,0.0
11,11,2006,0.0
11,12,2006,0.0
11,13,2006,0.0
11,14,2006,0.0
11,15,2006,0.0
11,16,2006,0.0
11,17,2006,0.0
11,18,2006,0.0
11,19,2006,0.0
11,20,2006,0.0
11,21,2006,0.0
11,22,2006,0.0
11,23,2006,0.0
11,24,2006,0.0
11,25,2006,0.0
11,26,2006,0.0
11,27,2006,0.0
11,28,2006,0.0
11,29,2006,0.0
11,30,2006,0.0
12,01,2006,0.0
12,02,2006,0.0
12,03,2006,0.0
12,04,2006,0.0
12,05,2006,0.0
12,06,2006,0.0
12,07,2006,0.0
12,08,2006,0.0
12,09,2006,0.0
12,10,2006,0.0
12,11,2006,0.0
12,12,2006,0.0
12,13,2006,0.0
12,14,2006,0.0
12,15,2006,0.0
12,16,2006,0.0
12,17,2006,0.0
12,18,2006,0.0
12,19,2006,0.0
12,20,2006,0.0
12,21,2006,0.0
12,22,2006,0.0
12,23,2006,0.0
12,24,2006,0.0
12,25,2006,0.0
12,26,2006,0.0
12,27,2006,3.5
12,28,2006,0.0
12,29,2006,0.0
12,30,2006,0.0
12,31,2006,0.0
01,01,2007,0.0
01,02,2007,0.0
01,03,2007,0.0
01,04,2007,0.0
01,05,2007,0.0
01,06,2007,0.0
01,07,2007,0.0
01,08,2007,0.0
01,09,2007,0.0
01,10,2007,3.5
01,11,2007,0.0
01,12,2007,0.0
01,13,2007,0.0
01,14,2007,0.0
01,15,2007,0.0
01,16,2007,0.0
01,17,2007,0.0
01,18,2007,14.0
01,19,2007,10.0
01,20,2007,0.0
01,21,2007,5.0
01,22,2007,3.0
01,23,2007,4.0
01,24,2007,0.0
01,25,2007,0.0
01,26,2007,0.0
01,27,2007,0.0
01,28,2007,0.0
01,29,2007,0.0
01,30,2007,0.0
01,31,2007,0.0
02,01,2007,0.0
02,02,2007,0.0
02,03,2007,0.0
02,04,2007,0.0
02,05,2007,0.0
02,06,2007,0.0
02,07,2007,0.0
02,08,2007,0.0
02,09,2007,0.0
02,10,2007,0.0
02,11,2007,0.0
02,12,2007,0.0
02,13,2007,0.0
02,14,2007,0.0
02,15,2007,0.0
02,16,2007,0.0
02,17,2007,0.0
02,18,2007,0.0
02,19,2007,1.5
02,20,2007,0.0
02,21,2007,0.0
02,22,2007,0.0
02,23,2007,0.0
02,24,2007,0.0
02,25,2007,0.0
02,26,2007,0.0
02,27,2007,0.0
02,28,2007,0.0
03,01,2007,0.0
03,02,2007,0.0
03,03,2007,0.0
03,04,2007,0.0
03,05,2007,0.0
03,06,2007,0.0
03,07,2007,0.0
03,08,2007,0.0
03,09,2007,0.0
03,10,2007,0.0
03,11,2007,0.0
03,12,2007,0.0
03,13,2007,0.0
03,14,2007,0.0
03,15,2007,0.0
03,16,2007,0.0
03,17,2007,0.0
03,18,2007,0.0
03,19,2007,0.0
03,20,2007,0.0
03,21,2007,9.0
03,22,2007,27.0
03,23,2007,4.5
03,24,2007,0.0
03,25,2007,0.0
03,26,2007,0.0
03,27,2007,0.0
03,28,2007,0.0
03,29,2007,0.0
03,30,2007,0.0
03,31,2007,0.0
04,01,2007,0.0
04,02,2007,0.0
04,03,2007,0.0
04,04,2007,0.0
04,05,2007,0.0
04,06,2007,0.0
04,07,2007,0.0
04,08,2007,0.0
04,09,2007,0.0
04,10,2007,0.0
04,11,2007,0.0
04,12,2007,1.5
04,13,2007,0.0
04,14,2007,0.0
04,15,2007,0.0
04,16,2007,0.0
04,17,2007,0.0
04,18,2007,0.0
04,19,2007,0.0
04,20,2007,0.0
04,21,2007,0.0
04,22,2007,0.0
04,23,2007,0.0
04,24,2007,0.0
04,25,2007,0.0
04,26,2007,0.0
04,27,2007,0.0
04,28,2007,0.0
04,29,2007,0.0
04,30,2007,0.0
05,01,2007,0.0
05,02,2007,0.0
05,03,2007,0.0
05,04,2007,0.0
05,05,2007,0.0
05,06,2007,0.0
05,07,2007,0.0
05,08,2007,0.0
05,09,2007,0.0
05,10,2007,0.0
05,11,2007,0.0
05,12,2007,0.0
05,13,2007,0.0
05,14,2007,0.0
05,15,2007,0.0
05,16,2007,0.0
05,17,2007,0.0
05,18,2007,0.0
05,19,2007,0.0
05,20,2007,0.0
05,21,2007,0.0
05,22,2007,0.0
05,23,2007,0.0
05,24,2007,0.0
05,25,2007,0.0
05,26,2007,0.0
05,27,2007,0.0
05,28,2007,0.0
05,29,2007,0.0
05,30,2007,0.0
05,31,2007,0.0
06,01,2007,0.0
06,02,2007,0.0
06,03,2007,0.0
06,04,2007,0.0
06,05,2007,0.0
06,06,2007,0.0
06,07,2007,0.0
06,08,2007,0.0
06,09,2007,0.0
06,10,2007,0.0
06,11,2007,15.5
06,12,2007,0.0
06,13,2007,0.0
06,14,2007,0.0
06,15,2007,0.0
06,16,2007,0.0
06,17,2007,0.0
06,18,2007,0.0
06,19,2007,0.0
06,20,2007,0.0
06,21,2007,0.0
06,22,2007,0.0
06,23,2007,0.0
06,24,2007,0.0
06,25,2007,0.0
06,26,2007,0.0
06,27,2007,0.0
06,28,2007,2.0
06,29,2007,0.0
06,30,2007,0.0
07,01,2007,0.0
07,02,2007,0.0
07,03,2007,0.0
07,04,2007,0.0
07,05,2007,0.0
07,06,2007,0.0
07,07,2007,0.0
07,08,2007,0.0
07,09,2007,0.0
07,10,2007,0.0
07,11,2007,0.0
07,12,2007,23.0
07,13,2007,0.0
07,14,2007,0.0
07,15,2007,0.0
07,16,2007,0.0
07,17,2007,0.0
07,18,2007,0.0
07,19,2007,0.0
07,20,2007,51.0
07,21,2007,0.0
07,22,2007,0.0
07,23,2007,2.0
07,24,2007,0.0
07,25,2007,0.0
07,26,2007,0.0
07,27,2007,0.0
07,28,2007,3.5
07,29,2007,0.0
07,30,2007,0.0
07,31,2007,0.0
08,01,2007,3.6
08,02,2007,0.0
08,03,2007,0.0
08,04,2007,16.0
08,05,2007,14.0
08,06,2007,0.0
08,07,2007,0.0
08,08,2007,0.0
08,09,2007,0.0
08,10,2007,0.0
08,11,2007,0.0
08,12,2007,0.0
08,13,2007,0.0
08,14,2007,0.0
08,15,2007,3.5
08,16,2007,0.0
08,17,2007,0.0
08,18,2007,0.0
08,19,2007,0.0
08,20,2007,0.0
08,21,2007,0.0
08,22,2007,0.0
08,23,2007,0.0
08,24,2007,7.0
08,25,2007,0.0
08,26,2007,0.0
08,27,2007,0.0
08,28,2007,0.0
08,29,2007,0.0
08,30,2007,0.0
08,31,2007,0.0
09,01,2007,3.7
09,02,2007,0.0
09,03,2007,0.0
09,04,2007,0.0
09,05,2007,7.9
09,06,2007,0.0
09,07,2007,0.0
09,08,2007,0.0
09,09,2007,3.5
09,10,2007,0.0
09,11,2007,0.0
09,12,2007,0.0
09,13,2007,0.0
09,14,2007,0.0
09,15,2007,0.0
09,16,2007,0.0
09,17,2007,0.0
09,18,2007,0.0
09,19,2007,0.0
09,20,2007,0.0
09,21,2007,0.0
09,22,2007,0.0
09,23,2007,3.0
09,24,2007,0.0
09,25,2007,0.0
09,26,2007,0.0
09,27,2007,0.0
09,28,2007,0.0
09,29,2007,0.0
09,30,2007,3.0
10,01,2007,0.0
10,02,2007,0.0
10,03,2007,0.0
10,04,2007,0.0
10,05,2007,0.0
10,06,2007,0.0
10,07,2007,0.0
10,08,2007,0.0
10,09,2007,0.0
10,10,2007,0.0
10,11,2007,0.0
10,12,2007,0.0
10,13,2007,0.0
10,14,2007,0.0
10,15,2007,0.0
10,16,2007,0.0
10,17,2007,0.0
10,18,2007,0.0
10,19,2007,0.0
10,20,2007,0.0
10,21,2007,0.0
10,22,2007,0.0
10,23,2007,0.0
10,24,2007,0.0
10,25,2007,0.0
10,26,2007,0.0
10,27,2007,0.0
10,28,2007,0.0
10,29,2007,0.0
10,30,2007,0.0
10,31,2007,0.0
11,01,2007,0.0
11,02,2007,0.0
11,03,2007,0.0
11,04,2007,0.0
11,05,2007,0.0
11,06,2007,0.0
11,07,2007,0.0
11,08,2007,0.0
11,09,2007,0.0
11,10,2007,0.0
11,11,2007,0.0
11,12,2007,0.0
11,13,2007,0.0
11,14,2007,0.0
11,15,2007,0.0
11,16,2007,0.0
11,17,2007,0.0
11,18,2007,0.0
11,19,2007,0.0
11,20,2007,0.0
11,21,2007,0.0
11,22,2007,0.0
11,23,2007,7.0
11,24,2007,0.0
11,25,2007,0.0
11,26,2007,0.0
11,27,2007,0.0
11,28,2007,0.0
11,29,2007,11.0
11,30,2007,13.0
12,01,2007,0.0
12,02,2007,0.0
12,03,2007,0.0
12,04,2007,0.0
12,05,2007,0.0
12,06,2007,0.0
12,07,2007,3.0
12,08,2007,4.0
12,09,2007,4.0
12,10,2007,1.0
12,11,2007,0.0
12,12,2007,0.0
12,13,2007,0.0
12,14,2007,0.0
12,15,2007,0.0
12,16,2007,0.0
12,17,2007,0.0
12,18,2007,0.0
12,19,2007,0.0
12,20,2007,0.0
12,21,2007,0.0
12,22,2007,0.0
12,23,2007,0.0
12,24,2007,0.0
12,25,2007,0.0
12,26,2007,0.0
12,27,2007,0.0
12,28,2007,0.0
12,29,2007,0.0
12,30,2007,0.0
12,31,2007,0.0
01,01,2008,0.0
01,02,2008,0.0
01,03,2008,0.0
01,04,2008,0.0
01,05,2008,0.0
01,06,2008,0.0
01,07,2008,1.0
01,08,2008,0.0
01,09,2008,0.0
01,10,2008,0.0
01,11,2008,0.0
01,12,2008,0.0
01,13,2008,0.0
01,14,2008,0.0
01,15,2008,0.0
01,16,2008,0.0
01,17,2008,0.0
01,18,2008,0.0
01,19,2008,0.0
01,20,2008,0.0
01,21,2008,0.0
01,22,2008,0.0
01,23,2008,0.0
01,24,2008,0.0
01,25,2008,0.0
01,26,2008,0.0
01,27,2008,3.5
01,28,2008,0.0
01,29,2008,0.0
01,30,2008,0.0
01,31,2008,0.0
02,01,2008,0.0
02,02,2008,0.0
02,03,2008,0.0
02,04,2008,0.0
02,05,2008,0.0
02,06,2008,0.0
02,07,2008,0.0
02,08,2008,0.0
02,09,2008,0.0
02,10,2008,0.0
02,11,2008,0.0
02,12,2008,0.0
02,13,2008,0.0
02,14,2008,1.0
02,15,2008,6.0
02,16,2008,0.0
02,17,2008,0.0
02,18,2008,0.0
02,19,2008,0.0
02,20,2008,0.0
02,21,2008,0.0
02,22,2008,0.0
02,23,2008,0.0
02,24,2008,0.0
02,25,2008,0.0
02,26,2008,0.0
02,27,2008,0.0
02,28,2008,0.0
02,29,2008,0.0
03,01,2008,0.0
03,02,2008,0.0
03,03,2008,0.0
03,04,2008,0.0
03,05,2008,0.0
03,06,2008,0.0
03,07,2008,0.0
03,08,2008,0.0
03,09,2008,0.0
03,10,2008,0.0
03,11,2008,0.0
03,12,2008,0.0
03,13,2008,0.0
03,14,2008,0.0
03,15,2008,0.0
03,16,2008,0.0
03,17,2008,0.0
03,18,2008,0.0
03,19,2008,0.0
03,20,2008,0.0
03,21,2008,0.0
03,22,2008,0.0
03,23,2008,0.0
03,24,2008,0.0
03,25,2008,0.0
03,26,2008,0.0
03,27,2008,0.0
03,28,2008,0.0
03,29,2008,0.0
03,30,2008,0.0
03,31,2008,0.0
04,01,2008,0.0
04,02,2008,0.0
04,03,2008,0.0
04,04,2008,0.0
04,05,2008,0.0
04,06,2008,0.0
04,07,2008,0.0
04,08,2008,0.0
04,09,2008,0.0
04,10,2008,0.0
04,11,2008,0.0
04,12,2008,0.0
04,13,2008,0.0
04,14,2008,0.0
04,15,2008,0.0
04,16,2008,0.0
04,17,2008,0.0
04,18,2008,0.0
04,19,2008,0.0
04,20,2008,0.0
04,21,2008,0.0
04,22,2008,0.0
04,23,2008,0.0
04,24,2008,0.0
04,25,2008,0.0
04,26,2008,0.0
04,27,2008,0.0
04,28,2008,0.0
04,29,2008,0.0
04,30,2008,0.0
05,01,2008,0.0
05,02,2008,0.0
05,03,2008,0.0
05,04,2008,0.0
05,05,2008,0.0
05,06,2008,0.0
05,07,2008,0.0
05,08,2008,0.0
05,09,2008,0.0
05,10,2008,0.0
05,11,2008,0.0
05,12,2008,0.0
05,13,2008,0.0
05,14,2008,0.0
05,15,2008,7.2
05,16,2008,0.0
05,17,2008,0.0
05,18,2008,0.0
05,19,2008,0.0
05,20,2008,0.0
05,21,2008,0.0
05,22,2008,14.2
05,23,2008,0.0
05,24,2008,0.0
05,25,2008,0.0
05,26,2008,0.0
05,27,2008,0.0
05,28,2008,0.0
05,29,2008,0.0
05,30,2008,0.0
05,31,2008,0.0
06,01,2008,0.0
06,02,2008,0.0
06,03,2008,0.0
06,04,2008,0.0
06,05,2008,0.0
06,06,2008,0.0
06,07,2008,0.0
06,08,2008,0.0
06,09,2008,0.0
06,10,2008,0.0
06,11,2008,0.0
06,12,2008,0.0
06,13,2008,0.0
06,14,2008,0.0
06,15,2008,0.0
06,16,2008,0.0
06,17,2008,0.0
06,18,2008,0.0
06,19,2008,0.0
06,20,2008,0.0
06,21,2008,0.0
06,22,2008,0.0
06,23,2008,1.0
06,24,2008,0.0
06,25,2008,0.0
06,26,2008,0.0
06,27,2008,0.0
06,28,2008,0.0
06,29,2008,0.0
06,30,2008,0.0
07,01,2008,10.0
07,02,2008,0.0
07,03,2008,1.0
07,04,2008,0.0
07,05,2008,0.0
07,06,2008,9.5
07,07,2008,0.0
07,08,2008,1.0
07,09,2008,0.0
07,10,2008,10.5
07,11,2008,7.2
07,12,2008,5.0
07,13,2008,7.0
07,14,2008,16.5
07,15,2008,0.0
07,16,2008,0.0
07,17,2008,0.0
07,18,2008,11.5
07,19,2008,25.0
07,20,2008,0.0
07,21,2008,0.0
07,22,2008,0.0
07,23,2008,19.0
07,24,2008,0.0
07,25,2008,7.5
07,26,2008,0.0
07,27,2008,26.5
07,28,2008,1.0
07,29,2008,0.0
07,30,2008,0.0
07,31,2008,0.0
08,01,2008,0.0
08,02,2008,0.0
08,03,2008,56.5
08,04,2008,0.0
08,05,2008,0.0
08,06,2008,0.0
08,07,2008,0.0
08,08,2008,23.5
08,09,2008,0.0
08,10,2008,0.0
08,11,2008,8.0
08,12,2008,1.0
08,13,2008,2.0
08,14,2008,2.5
08,15,2008,0.0
08,16,2008,12.5
08,17,2008,0.0
08,18,2008,0.0
08,19,2008,0.0
08,20,2008,0.0
08,21,2008,0.0
08,22,2008,0.0
08,23,2008,0.0
08,24,2008,0.0
08,25,2008,0.0
08,26,2008,0.0
08,27,2008,0.0
08,28,2008,5.3
08,29,2008,0.0
08,30,2008,0.0
08,31,2008,0.0
09,01,2008,0.0
09,02,2008,0.0
09,03,2008,0.0
09,04,2008,0.0
09,05,2008,0.0
09,06,2008,0.0
09,07,2008,0.0
09,08,2008,0.0
09,09,2008,0.0
09,10,2008,0.0
09,11,2008,0.0
09,12,2008,0.0
09,13,2008,0.0
09,14,2008,0.0
09,15,2008,0.0
09,16,2008,0.0
09,17,2008,0.0
09,18,2008,0.0
09,19,2008,0.0
09,20,2008,0.0
09,21,2008,0.0
09,22,2008,0.0
09,23,2008,0.0
09,24,2008,0.0
09,25,2008,0.0
09,26,2008,0.0
09,27,2008,12.0
09,28,2008,0.0
09,29,2008,0.0
09,30,2008,0.0
10,01,2008,0.0
10,02,2008,0.0
10,03,2008,0.0
10,04,2008,0.0
10,05,2008,0.0
10,06,2008,0.0
10,07,2008,0.0
10,08,2008,0.0
10,09,2008,0.0
10,10,2008,0.0
10,11,2008,0.0
10,12,2008,0.0
10,13,2008,0.0
10,14,2008,0.0
10,15,2008,0.0
10,16,2008,0.0
10,17,2008,0.0
10,18,2008,0.0
10,19,2008,0.0
10,20,2008,0.0
10,21,2008,0.0
10,22,2008,0.0
10,23,2008,0.0
10,24,2008,0.0
10,25,2008,0.0
10,26,2008,0.0
10,27,2008,0.0
10,28,2008,0.0
10,29,2008,0.0
10,30,2008,0.0
10,31,2008,0.0
11,01,2008,0.0
11,02,2008,0.0
11,03,2008,0.0
11,04,2008,0.0
11,05,2008,0.0
11,06,2008,0.0
11,07,2008,0.0
11,08,2008,0.0
11,09,2008,0.0
11,10,2008,0.0
11,11,2008,0.0
11,12,2008,0.0
11,13,2008,0.0
11,14,2008,0.0
11,15,2008,0.0
11,16,2008,0.0
11,17,2008,0.0
11,18,2008,0.0
11,19,2008,0.0
11,20,2008,0.0
11,21,2008,0.0
11,22,2008,0.0
11,23,2008,0.0
11,24,2008,0.0
11,25,2008,0.0
11,26,2008,0.0
11,27,2008,20.5
11,28,2008,0.0
11,29,2008,0.0
11,30,2008,0.0
12,01,2008,0.0
12,02,2008,0.0
12,03,2008,0.0
12,04,2008,0.0
12,05,2008,0.0
12,06,2008,0.0
12,07,2008,0.0
12,08,2008,0.0
12,09,2008,0.0
12,10,2008,0.0
12,11,2008,0.0
12,12,2008,0.0
12,13,2008,0.0
12,14,2008,0.0
12,15,2008,0.0
12,16,2008,5.3
12,17,2008,7.0
12,18,2008,1.5
12,19,2008,0.0
12,20,2008,0.0
12,21,2008,0.0
12,22,2008,0.0
12,23,2008,0.0
12,24,2008,0.0
12,25,2008,0.0
12,26,2008,6.0
12,27,2008,0.0
12,28,2008,0.0
12,29,2008,0.0
12,30,2008,0.0
12,31,2008,0.0
01,01,2009,0.0
01,02,2009,0.0
01,03,2009,0.0
01,04,2009,5.0
01,05,2009,0.0
01,06,2009,0.0
01,07,2009,0.0
01,08,2009,0.0
01,09,2009,0.0
01,10,2009,0.0
01,11,2009,0.0
01,12,2009,0.0
01,13,2009,0.0
01,14,2009,0.0
01,15,2009,0.0
01,16,2009,0.0
01,17,2009,0.0
01,18,2009,0.0
01,19,2009,0.0
01,20,2009,0.0
01,21,2009,0.0
01,22,2009,2.7
01,23,2009,2.5
01,24,2009,0.0
01,25,2009,0.0
01,26,2009,0.0
01,27,2009,0.0
01,28,2009,0.0
01,29,2009,0.0
01,30,2009,0.0
01,31,2009,0.0
02,01,2009,0.0
02,02,2009,0.0
02,03,2009,0.0
02,04,2009,0.0
02,05,2009,0.0
02,06,2009,0.0
02,07,2009,4.6
02,08,2009,0.0
02,09,2009,10.0
02,10,2009,0.0
02,11,2009,0.0
02,12,2009,0.0
02,13,2009,0.0
02,14,2009,0.0
02,15,2009,0.0
02,16,2009,0.0
02,17,2009,0.0
02,18,2009,0.0
02,19,2009,0.0
02,20,2009,0.0
02,21,2009,0.0
02,22,2009,0.0
02,23,2009,0.0
02,24,2009,0.0
02,25,2009,0.0
02,26,2009,0.0
02,27,2009,0.0
02,28,2009,0.0
03,01,2009,0.0
03,02,2009,0.0
03,03,2009,0.0
03,04,2009,0.0
03,05,2009,0.0
03,06,2009,0.0
03,07,2009,0.0
03,08,2009,5.3
03,09,2009,0.0
03,10,2009,0.0
03,11,2009,0.0
03,12,2009,0.0
03,13,2009,0.0
03,14,2009,0.0
03,15,2009,0.0
03,16,2009,0.0
03,17,2009,0.0
03,18,2009,0.0
03,19,2009,0.0
03,20,2009,0.0
03,21,2009,0.0
03,22,2009,0.0
03,23,2009,0.0
03,24,2009,0.0
03,25,2009,0.0
03,26,2009,0.0
03,27,2009,0.0
03,28,2009,0.0
03,29,2009,0.0
03,30,2009,0.0
03,31,2009,0.0
04,01,2009,0.0
04,02,2009,0.0
04,03,2009,0.0
04,04,2009,0.0
04,05,2009,0.0
04,06,2009,0.0
04,07,2009,0.0
04,08,2009,0.0
04,09,2009,0.0
04,10,2009,0.0
04,11,2009,0.0
04,12,2009,0.0
04,13,2009,0.0
04,14,2009,0.0
04,15,2009,0.0
04,16,2009,0.0
04,17,2009,0.0
04,18,2009,0.0
04,19,2009,0.0
04,20,2009,0.0
04,21,2009,0.0
04,22,2009,0.0
04,23,2009,0.0
04,24,2009,0.0
04,25,2009,0.0
04,26,2009,0.0
04,27,2009,0.0
04,28,2009,0.0
04,29,2009,0.0
04,30,2009,0.0
05,01,2009,0.0
05,02,2009,0.0
05,03,2009,0.0
05,04,2009,0.0
05,05,2009,0.0
05,06,2009,0.0
05,07,2009,0.0
05,08,2009,0.0
05,09,2009,0.0
05,10,2009,0.0
05,11,2009,0.0
05,12,2009,0.0
05,13,2009,0.0
05,14,2009,0.0
05,15,2009,0.0
05,16,2009,0.0
05,17,2009,0.0
05,18,2009,0.0
05,19,2009,1.0
05,20,2009,2.5
05,21,2009,2.0
05,22,2009,0.0
05,23,2009,0.0
05,24,2009,0.0
05,25,2009,0.0
05,26,2009,0.0
05,27,2009,0.0
05,28,2009,0.0
05,29,2009,0.0
05,30,2009,0.0
05,31,2009,0.0
06,01,2009,0.0
06,02,2009,0.0
06,03,2009,0.0
06,04,2009,0.0
06,05,2009,0.0
06,06,2009,0.0
06,07,2009,0.0
06,08,2009,1.0
06,09,2009,0.0
06,10,2009,0.0
06,11,2009,0.0
06,12,2009,0.0
06,13,2009,0.0
06,14,2009,0.0
06,15,2009,0.0
06,16,2009,0.0
06,17,2009,0.0
06,18,2009,3.0
06,19,2009,1.5
06,20,2009,0.0
06,21,2009,0.0
06,22,2009,0.0
06,23,2009,0.0
06,24,2009,0.0
06,25,2009,0.0
06,26,2009,25.0
06,27,2009,0.0
06,28,2009,4.5
06,29,2009,27.0
06,30,2009,2.0
07,01,2009,1.0
07,02,2009,5.5
07,03,2009,1.0
07,04,2009,0.0
07,05,2009,0.0
07,06,2009,0.0
07,07,2009,0.0
07,08,2009,6.5
07,09,2009,0.0
07,10,2009,0.0
07,11,2009,0.0
07,12,2009,0.0
07,13,2009,0.0
07,14,2009,2.0
07,15,2009,0.0
07,16,2009,3.0
07,17,2009,0.0
07,18,2009,0.0
07,19,2009,0.0
07,20,2009,0.0
07,21,2009,0.0
07,22,2009,5.5
07,23,2009,0.0
07,24,2009,0.0
07,25,2009,0.0
07,26,2009,0.0
07,27,2009,0.0
07,28,2009,4.0
07,29,2009,0.0
07,30,2009,0.0
07,31,2009,0.0
08,01,2009,0.0
08,02,2009,0.0
08,03,2009,0.0
08,04,2009,0.0
08,05,2009,0.0
08,06,2009,0.0
08,07,2009,0.0
08,08,2009,0.0
08,09,2009,0.0
08,10,2009,3.0
08,11,2009,0.0
08,12,2009,35.0
08,13,2009,6.5
08,14,2009,0.0
08,15,2009,0.0
08,16,2009,0.0
08,17,2009,0.0
08,18,2009,0.0
08,19,2009,0.0
08,20,2009,0.0
08,21,2009,3.0
08,22,2009,1.8
08,23,2009,9.0
08,24,2009,2.5
08,25,2009,30.0
08,26,2009,0.0
08,27,2009,0.0
08,28,2009,0.0
08,29,2009,0.0
08,30,2009,0.0
08,31,2009,0.0
09,01,2009,0.0
09,02,2009,0.0
09,03,2009,0.0
09,04,2009,0.0
09,05,2009,0.0
09,06,2009,0.0
09,07,2009,0.0
09,08,2009,4.2
09,09,2009,0.0
09,10,2009,0.0
09,11,2009,0.0
09,12,2009,3.0
09,13,2009,0.0
09,14,2009,0.0
09,15,2009,0.0
09,16,2009,0.0
09,17,2009,0.0
09,18,2009,0.0
09,19,2009,0.0
09,20,2009,0.0
09,21,2009,0.0
09,22,2009,0.0
09,23,2009,0.0
09,24,2009,0.0
09,25,2009,0.0
09,26,2009,0.0
09,27,2009,0.0
09,28,2009,0.0
09,29,2009,0.0
09,30,2009,0.0
10,01,2009,0.0
10,02,2009,6.0
10,03,2009,7.0
10,04,2009,0.0
10,05,2009,0.0
10,06,2009,0.0
10,07,2009,0.0
10,08,2009,0.0
10,09,2009,0.0
10,10,2009,0.0
10,11,2009,0.0
10,12,2009,0.0
10,13,2009,0.0
10,14,2009,0.0
10,15,2009,0.0
10,16,2009,0.0
10,17,2009,0.0
10,18,2009,1.0
10,19,2009,1.0
10,20,2009,0.0
10,21,2009,0.0
10,22,2009,0.0
10,23,2009,0.0
10,24,2009,0.0
10,25,2009,0.0
10,26,2009,0.0
10,27,2009,4.0
10,28,2009,0.0
10,29,2009,0.0
10,30,2009,0.0
10,31,2009,0.0
11,01,2009,0.0
11,02,2009,0.0
11,03,2009,0.0
11,04,2009,0.0
11,05,2009,0.0
11,06,2009,0.0
11,07,2009,0.0
11,08,2009,0.0
11,09,2009,0.0
11,10,2009,0.0
11,11,2009,0.0
11,12,2009,0.0
11,13,2009,0.0
11,14,2009,0.0
11,15,2009,0.0
11,16,2009,0.0
11,17,2009,0.0
11,18,2009,0.0
11,19,2009,0.0
11,20,2009,0.0
11,21,2009,0.0
11,22,2009,0.0
11,23,2009,0.0
11,24,2009,0.0
11,25,2009,0.0
11,26,2009,0.0
11,27,2009,0.0
11,28,2009,2.0
11,29,2009,4.5
11,30,2009,1.5
12,01,2009,0.0
12,02,2009,0.0
12,03,2009,0.0
12,04,2009,0.0
12,05,2009,0.0
12,06,2009,0.0
12,07,2009,0.0
12,08,2009,0.0
12,09,2009,0.0
12,10,2009,0.0
12,11,2009,0.0
12,12,2009,0.0
12,13,2009,0.0
12,14,2009,0.0
12,15,2009,0.0
12,16,2009,0.0
12,17,2009,0.0
12,18,2009,0.0
12,19,2009,0.0
12,20,2009,0.0
12,21,2009,0.0
12,22,2009,4.0
12,23,2009,4.5
12,24,2009,0.0
12,25,2009,0.0
12,26,2009,0.0
12,27,2009,0.0
12,28,2009,3.0
12,29,2009,0.0
12,30,2009,0.0
12,31,2009,0.0
01,01,2010,0.0
01,02,2010,0.0
01,03,2010,0.0
01,04,2010,0.0
01,05,2010,0.0
01,06,2010,0.0
01,07,2010,0.0
01,08,2010,0.0
01,09,2010,0.0
01,10,2010,0.0
01,11,2010,0.0
01,12,2010,0.0
01,13,2010,0.0
01,14,2010,0.0
01,15,2010,0.0
01,16,2010,0.0
01,17,2010,0.0
01,18,2010,0.0
01,19,2010,0.0
01,20,2010,1.0
01,21,2010,43.0
01,22,2010,18.0
01,23,2010,1.0
01,24,2010,0.0
01,25,2010,0.0
01,26,2010,0.0
01,27,2010,17.3
01,28,2010,0.0
01,29,2010,0.0
01,30,2010,0.0
01,31,2010,0.0
02,01,2010,0.0
02,02,2010,17.0
02,03,2010,5.0
02,04,2010,0.0
02,05,2010,0.0
02,06,2010,0.0
02,07,2010,0.0
02,08,2010,0.0
02,09,2010,3.0
02,10,2010,0.0
02,11,2010,0.0
02,12,2010,0.0
02,13,2010,0.0
02,14,2010,0.0
02,15,2010,0.0
02,16,2010,0.0
02,17,2010,0.0
02,18,2010,0.0
02,19,2010,0.0
02,20,2010,6.5
02,21,2010,0.0
02,22,2010,0.0
02,23,2010,0.0
02,24,2010,0.0
02,25,2010,0.0
02,26,2010,0.0
02,27,2010,3.2
02,28,2010,0.0
03,01,2010,0.0
03,02,2010,0.0
03,03,2010,0.0
03,04,2010,0.0
03,05,2010,0.0
03,06,2010,0.0
03,07,2010,12.0
03,08,2010,0.0
03,09,2010,0.0
03,10,2010,0.0
03,11,2010,0.0
03,12,2010,0.0
03,13,2010,0.0
03,14,2010,0.0
03,15,2010,0.0
03,16,2010,0.0
03,17,2010,0.0
03,18,2010,0.0
03,19,2010,0.0
03,20,2010,0.0
03,21,2010,0.0
03,22,2010,0.0
03,23,2010,8.0
03,24,2010,0.0
03,25,2010,0.0
03,26,2010,0.0
03,27,2010,0.0
03,28,2010,0.0
03,29,2010,0.0
03,30,2010,0.0
03,31,2010,0.0
04,01,2010,null
04,02,2010,null
04,03,2010,null
04,04,2010,null
04,05,2010,null
04,06,2010,null
04,07,2010,null
04,08,2010,null
04,09,2010,null
04,10,2010,null
04,11,2010,null
04,12,2010,null
04,13,2010,null
04,14,2010,null
04,15,2010,null
04,16,2010,null
04,17,2010,null
04,18,2010,null
04,19,2010,null
04,20,2010,null
04,21,2010,null
04,22,2010,null
04,23,2010,null
04,24,2010,null
04,25,2010,null
04,26,2010,null
04,27,2010,null
04,28,2010,null
04,29,2010,null
04,30,2010,null
05,01,2010,0.0
05,02,2010,0.0
05,03,2010,0.0
05,04,2010,0.0
05,05,2010,0.0
05,06,2010,0.0
05,07,2010,0.0
05,08,2010,0.0
05,09,2010,0.0
05,10,2010,0.0
05,11,2010,0.0
05,12,2010,0.0
05,13,2010,0.0
05,14,2010,0.0
05,15,2010,0.0
05,16,2010,0.0
05,17,2010,0.0
05,18,2010,0.0
05,19,2010,0.0
05,20,2010,0.0
05,21,2010,0.0
05,22,2010,0.0
05,23,2010,0.0
05,24,2010,0.0
05,25,2010,0.0
05,26,2010,0.0
05,27,2010,0.0
05,28,2010,0.0
05,29,2010,0.0
05,30,2010,0.0
05,31,2010,0.0
06,01,2010,0.0
06,02,2010,0.0
06,03,2010,0.0
06,04,2010,0.0
06,05,2010,0.0
06,06,2010,0.0
06,07,2010,0.0
06,08,2010,0.0
06,09,2010,0.0
06,10,2010,0.0
06,11,2010,0.0
06,12,2010,0.0
06,13,2010,0.0
06,14,2010,0.0
06,15,2010,0.0
06,16,2010,0.0
06,17,2010,0.0
06,18,2010,0.0
06,19,2010,0.0
06,20,2010,0.0
06,21,2010,0.0
06,22,2010,0.0
06,23,2010,0.0
06,24,2010,0.0
06,25,2010,0.0
06,26,2010,0.0
06,27,2010,0.0
06,28,2010,1.0
06,29,2010,0.0
06,30,2010,0.0
07,01,2010,0.0
07,02,2010,0.0
07,03,2010,0.0
07,04,2010,0.0
07,05,2010,0.0
07,06,2010,0.0
07,07,2010,0.0
07,08,2010,0.0
07,09,2010,0.0
07,10,2010,16.0
07,11,2010,0.0
07,12,2010,0.0
07,13,2010,5.5
07,14,2010,0.0
07,15,2010,6.0
07,16,2010,0.0
07,17,2010,1.0
07,18,2010,1.0
07,19,2010,23.5
07,20,2010,0.0
07,21,2010,22.5
07,22,2010,0.0
07,23,2010,0.0
07,24,2010,2.5
07,25,2010,2.0
07,26,2010,16.0
07,27,2010,0.0
07,28,2010,0.0
07,29,2010,15.5
07,30,2010,18.5
07,31,2010,17.0
08,01,2010,0.0
08,02,2010,0.0
08,03,2010,0.0
08,04,2010,0.0
08,05,2010,5.5
08,06,2010,15.3
08,07,2010,1.0
08,08,2010,5.5
08,09,2010,0.0
08,10,2010,0.0
08,11,2010,0.0
08,12,2010,1.0
08,13,2010,0.0
08,14,2010,0.0
08,15,2010,4.5
08,16,2010,0.0
08,17,2010,0.0
08,18,2010,7.0
08,19,2010,0.0
08,20,2010,0.0
08,21,2010,0.0
08,22,2010,41.0
08,23,2010,0.0
08,24,2010,42.0
08,25,2010,0.0
08,26,2010,0.0
08,27,2010,15.5
08,28,2010,1.0
08,29,2010,3.0
08,30,2010,0.0
08,31,2010,0.0
09,01,2010,0.0
09,02,2010,0.0
09,03,2010,0.0
09,04,2010,0.0
09,05,2010,0.0
09,06,2010,13.0
09,07,2010,0.0
09,08,2010,0.0
09,09,2010,0.0
09,10,2010,0.0
09,11,2010,0.0
09,12,2010,0.0
09,13,2010,6.5
09,14,2010,0.0
09,15,2010,0.0
09,16,2010,0.0
09,17,2010,0.0
09,18,2010,0.0
09,19,2010,0.0
09,20,2010,2.0
09,21,2010,7.5
09,22,2010,5.0
09,23,2010,0.0
09,24,2010,0.0
09,25,2010,0.0
09,26,2010,0.0
09,27,2010,0.0
09,28,2010,0.0
09,29,2010,0.0
09,30,2010,0.0
10,01,2010,0.0
10,02,2010,0.0
10,03,2010,0.0
10,04,2010,4.0
10,05,2010,0.0
10,06,2010,0.0
10,07,2010,0.0
10,08,2010,0.0
10,09,2010,0.0
10,10,2010,0.0
10,11,2010,0.0
10,12,2010,0.0
10,13,2010,0.0
10,14,2010,0.0
10,15,2010,0.0
10,16,2010,0.0
10,17,2010,0.0
10,18,2010,0.0
10,19,2010,0.0
10,20,2010,0.0
10,21,2010,0.0
10,22,2010,0.0
10,23,2010,0.0
10,24,2010,0.0
10,25,2010,0.0
10,26,2010,0.0
10,27,2010,0.0
10,28,2010,0.0
10,29,2010,0.0
10,30,2010,0.0
10,31,2010,0.0
11,01,2010,0.0
11,02,2010,0.0
11,03,2010,0.0
11,04,2010,0.0
11,05,2010,0.0
11,06,2010,0.0
11,07,2010,0.0
11,08,2010,0.0
11,09,2010,0.0
11,10,2010,0.0
11,11,2010,0.0
11,12,2010,0.0
11,13,2010,0.0
11,14,2010,0.0
11,15,2010,0.0
11,16,2010,0.0
11,17,2010,0.0
11,18,2010,0.0
11,19,2010,0.0
11,20,2010,0.0
11,21,2010,0.0
11,22,2010,0.0
11,23,2010,0.0
11,24,2010,0.0
11,25,2010,0.0
11,26,2010,0.0
11,27,2010,0.0
11,28,2010,0.0
11,29,2010,0.0
11,30,2010,0.0
12,01,2010,0.0
12,02,2010,0.0
12,03,2010,0.0
12,04,2010,0.0
12,05,2010,0.0
12,06,2010,0.0
12,07,2010,0.0
12,08,2010,0.0
12,09,2010,0.0
12,10,2010,0.0
12,11,2010,0.0
12,12,2010,0.0
12,13,2010,0.0
12,14,2010,0.0
12,15,2010,0.0
12,16,2010,0.0
12,17,2010,0.0
12,18,2010,0.0
12,19,2010,0.0
12,20,2010,0.0
12,21,2010,0.0
12,22,2010,2.2
12,23,2010,0.0
12,24,2010,0.0
12,25,2010,0.0
12,26,2010,0.0
12,27,2010,0.0
12,28,2010,0.0
12,29,2010,2.0
12,30,2010,0.0
12,31,2010,3.0
01,01,2011,0.0
01,02,2011,0.0
01,03,2011,0.0
01,04,2011,0.0
01,05,2011,0.0
01,06,2011,0.0
01,07,2011,0.0
01,08,2011,0.0
01,09,2011,0.0
01,10,2011,0.0
01,11,2011,0.0
01,12,2011,0.0
01,13,2011,0.0
01,14,2011,0.0
01,15,2011,0.0
01,16,2011,0.0
01,17,2011,0.0
01,18,2011,0.0
01,19,2011,0.0
01,20,2011,0.0
01,21,2011,0.0
01,22,2011,0.0
01,23,2011,0.0
01,24,2011,0.0
01,25,2011,0.0
01,26,2011,0.0
01,27,2011,0.0
01,28,2011,0.0
01,29,2011,0.0
01,30,2011,0.0
01,31,2011,0.0
02,01,2011,0.0
02,02,2011,0.0
02,03,2011,0.0
02,04,2011,0.0
02,05,2011,0.0
02,06,2011,0.0
02,07,2011,0.0
02,08,2011,0.0
02,09,2011,0.0
02,10,2011,0.0
02,11,2011,0.0
02,12,2011,0.0
02,13,2011,0.0
02,14,2011,0.0
02,15,2011,0.0
02,16,2011,0.0
02,17,2011,0.0
02,18,2011,0.0
02,19,2011,0.0
02,20,2011,0.0
02,21,2011,0.0
02,22,2011,0.0
02,23,2011,0.0
02,24,2011,0.0
02,25,2011,0.0
02,26,2011,0.0
02,27,2011,3.0
02,28,2011,0.0
03,01,2011,0.0
03,02,2011,0.0
03,03,2011,0.0
03,04,2011,0.0
03,05,2011,0.0
03,06,2011,0.0
03,07,2011,0.0
03,08,2011,0.0
03,09,2011,0.0
03,10,2011,0.0
03,11,2011,0.0
03,12,2011,0.0
03,13,2011,0.0
03,14,2011,0.0
03,15,2011,0.0
03,16,2011,0.0
03,17,2011,0.0
03,18,2011,0.0
03,19,2011,0.0
03,20,2011,0.0
03,21,2011,0.0
03,22,2011,0.0
03,23,2011,0.0
03,24,2011,0.0
03,25,2011,0.0
03,26,2011,0.0
03,27,2011,0.0
03,28,2011,0.0
03,29,2011,0.0
03,30,2011,0.0
03,31,2011,0.0
04,01,2011,0.0
04,02,2011,0.0
04,03,2011,0.0
04,04,2011,0.0
04,05,2011,0.0
04,06,2011,2.2
04,07,2011,0.0
04,08,2011,0.0
04,09,2011,0.0
04,10,2011,0.0
04,11,2011,0.0
04,12,2011,0.0
04,13,2011,0.0
04,14,2011,0.0
04,15,2011,0.0
04,16,2011,0.0
04,17,2011,0.0
04,18,2011,0.0
04,19,2011,0.0
04,20,2011,0.0
04,21,2011,0.0
04,22,2011,0.0
04,23,2011,0.0
04,24,2011,0.0
04,25,2011,0.0
04,26,2011,0.0
04,27,2011,0.0
04,28,2011,0.0
04,29,2011,0.0
04,30,2011,0.0
05,01,2011,0.0
05,02,2011,0.0
05,03,2011,0.0
05,04,2011,0.0
05,05,2011,0.0
05,06,2011,0.0
05,07,2011,0.0
05,08,2011,0.0
05,09,2011,0.0
05,10,2011,0.0
05,11,2011,0.0
05,12,2011,0.0
05,13,2011,0.0
05,14,2011,0.0
05,15,2011,0.0
05,16,2011,0.0
05,17,2011,0.0
05,18,2011,0.0
05,19,2011,0.0
05,20,2011,0.0
05,21,2011,0.0
05,22,2011,0.0
05,23,2011,0.0
05,24,2011,0.0
05,25,2011,0.0
05,26,2011,0.0
05,27,2011,0.0
05,28,2011,0.0
05,29,2011,0.0
05,30,2011,0.0
05,31,2011,0.0
06,01,2011,0.0
06,02,2011,0.0
06,03,2011,0.0
06,04,2011,0.0
06,05,2011,0.0
06,06,2011,0.0
06,07,2011,0.0
06,08,2011,0.0
06,09,2011,0.0
06,10,2011,0.0
06,11,2011,0.0
06,12,2011,0.0
06,13,2011,0.0
06,14,2011,0.0
06,15,2011,0.0
06,16,2011,0.0
06,17,2011,0.0
06,18,2011,0.0
06,19,2011,0.0
06,20,2011,0.0
06,21,2011,0.0
06,22,2011,0.0
06,23,2011,0.0
06,24,2011,0.0
06,25,2011,0.0
06,26,2011,0.0
06,27,2011,0.0
06,28,2011,0.0
06,29,2011,0.0
06,30,2011,5.0
07,01,2011,0.0
07,02,2011,0.0
07,03,2011,3.5
07,04,2011,0.0
07,05,2011,0.0
07,06,2011,0.0
07,07,2011,0.0
07,08,2011,0.0
07,09,2011,6.2
07,10,2011,1.0
07,11,2011,0.0
07,12,2011,0.0
07,13,2011,0.0
07,14,2011,0.0
07,15,2011,0.0
07,16,2011,0.0
07,17,2011,3.5
07,18,2011,1.0
07,19,2011,1.0
07,20,2011,0.0
07,21,2011,6.5
07,22,2011,1.5
07,23,2011,5.0
07,24,2011,0.0
07,25,2011,0.0
07,26,2011,0.0
07,27,2011,0.0
07,28,2011,20.0
07,29,2011,2.0
07,30,2011,0.0
07,31,2011,22.0
