Id:,14069
Estación:,HUEJUCAR (OBS)-JAL
Posición:,22.3575N -103.203333333W
Variable:,Temp Promedio (oC)
Fecha Inicial:,02/01/1947
Fecha Final:,02/02/2012
No Dato:,nan
Mes,Día,Anio,Datos
02,01,1947,15.25
02,02,1947,13.75
02,03,1947,13.0
02,04,1947,12.75
02,05,1947,13.65
02,06,1947,13.75
02,07,1947,12.8
02,08,1947,13.0
02,09,1947,null
02,10,1947,16.0
02,11,1947,13.5
02,12,1947,11.6
02,13,1947,11.8
02,14,1947,12.5
02,15,1947,12.75
02,16,1947,12.4
02,17,1947,12.5
02,18,1947,12.75
02,19,1947,12.5
02,20,1947,13.0
02,21,1947,13.75
02,22,1947,13.25
02,23,1947,13.0
02,24,1947,12.75
02,25,1947,12.75
02,26,1947,14.8
02,27,1947,15.25
02,28,1947,16.6
03,01,1947,null
03,02,1947,14.0
03,03,1947,15.5
03,04,1947,15.5
03,05,1947,14.75
03,06,1947,13.75
03,07,1947,null
03,08,1947,17.0
03,09,1947,null
03,10,1947,14.0
03,11,1947,14.0
03,12,1947,13.75
03,13,1947,14.0
03,14,1947,14.25
03,15,1947,14.25
03,16,1947,14.35
03,17,1947,13.75
03,18,1947,null
03,19,1947,null
03,20,1947,12.6
03,21,1947,14.55
03,22,1947,16.25
03,23,1947,16.5
03,24,1947,17.0
03,25,1947,18.25
03,26,1947,19.25
03,27,1947,19.5
03,28,1947,20.0
03,29,1947,21.0
03,30,1947,19.0
03,31,1947,18.0
04,01,1947,16.5
04,02,1947,16.7
04,03,1947,17.5
04,04,1947,18.5
04,05,1947,18.0
04,06,1947,17.75
04,07,1947,18.25
04,08,1947,19.5
04,09,1947,19.5
04,10,1947,18.5
04,11,1947,16.0
04,12,1947,15.75
04,13,1947,16.2
04,14,1947,14.75
04,15,1947,12.5
04,16,1947,13.1
04,17,1947,16.0
04,18,1947,17.05
04,19,1947,18.15
04,20,1947,16.25
04,21,1947,17.6
04,22,1947,18.8
04,23,1947,19.75
04,24,1947,18.75
04,25,1947,19.25
04,26,1947,19.25
04,27,1947,20.0
04,28,1947,null
04,29,1947,20.95
04,30,1947,null
05,01,1947,20.75
05,02,1947,19.75
05,03,1947,18.75
05,04,1947,17.8
05,05,1947,19.5
05,06,1947,14.75
05,07,1947,17.3
05,08,1947,17.75
05,09,1947,18.25
05,10,1947,null
05,11,1947,19.5
05,12,1947,19.25
05,13,1947,21.0
05,14,1947,21.8
05,15,1947,22.75
05,16,1947,22.75
05,17,1947,22.0
05,18,1947,21.25
05,19,1947,20.1
05,20,1947,22.75
05,21,1947,22.25
05,22,1947,19.25
05,23,1947,null
05,24,1947,21.5
05,25,1947,22.0
05,26,1947,21.5
05,27,1947,20.75
05,28,1947,22.25
05,29,1947,24.0
05,30,1947,24.0
05,31,1947,25.4
06,01,1947,24.5
06,02,1947,23.75
06,03,1947,23.5
06,04,1947,23.75
06,05,1947,24.75
06,06,1947,22.75
06,07,1947,23.0
06,08,1947,22.5
06,09,1947,22.75
06,10,1947,21.25
06,11,1947,21.75
06,12,1947,22.75
06,13,1947,22.0
06,14,1947,null
06,15,1947,23.5
06,16,1947,21.75
06,17,1947,22.25
06,18,1947,21.75
06,19,1947,23.75
06,20,1947,22.25
06,21,1947,23.25
06,22,1947,23.0
06,23,1947,null
06,24,1947,20.9
06,25,1947,null
06,26,1947,20.5
06,27,1947,21.25
06,28,1947,22.0
06,29,1947,null
06,30,1947,24.0
07,01,1947,21.0
07,02,1947,21.25
07,03,1947,21.0
07,04,1947,20.25
07,05,1947,20.45
07,06,1947,null
07,07,1947,22.25
07,08,1947,22.7
07,09,1947,22.0
07,10,1947,22.0
07,11,1947,22.0
07,12,1947,null
07,13,1947,21.95
07,14,1947,21.4
07,15,1947,null
07,16,1947,17.5
07,17,1947,21.1
07,18,1947,null
07,19,1947,null
07,20,1947,22.5
07,21,1947,23.0
07,22,1947,23.25
07,23,1947,22.0
07,24,1947,22.75
07,25,1947,22.0
07,26,1947,21.25
07,27,1947,21.0
07,28,1947,21.0
07,29,1947,20.25
07,30,1947,22.0
07,31,1947,21.75
08,01,1947,21.25
08,02,1947,22.0
08,03,1947,null
08,04,1947,20.95
08,05,1947,20.0
08,06,1947,20.0
08,07,1947,19.5
08,08,1947,20.75
08,09,1947,20.25
08,10,1947,20.0
08,11,1947,null
08,12,1947,18.85
08,13,1947,20.0
08,14,1947,20.5
08,15,1947,null
08,16,1947,22.0
08,17,1947,19.5
08,18,1947,19.5
08,19,1947,19.7
08,20,1947,21.5
08,21,1947,19.5
08,22,1947,16.8
08,23,1947,null
08,24,1947,20.5
08,25,1947,20.4
08,26,1947,null
08,27,1947,18.75
08,28,1947,19.5
08,29,1947,20.75
08,30,1947,19.5
08,31,1947,19.0
09,01,1947,20.15
09,02,1947,20.25
09,03,1947,20.0
09,04,1947,20.4
09,05,1947,19.75
09,06,1947,20.5
09,07,1947,20.5
09,08,1947,20.5
09,09,1947,21.0
09,10,1947,20.5
09,11,1947,19.75
09,12,1947,19.25
09,13,1947,19.45
09,14,1947,19.45
09,15,1947,20.25
09,16,1947,20.75
09,17,1947,20.25
09,18,1947,20.25
09,19,1947,19.5
09,20,1947,19.0
09,21,1947,20.0
09,22,1947,19.75
09,23,1947,19.05
09,24,1947,17.0
09,25,1947,15.75
09,26,1947,16.75
09,27,1947,17.25
09,28,1947,17.25
09,29,1947,15.75
09,30,1947,16.0
10,01,1947,17.0
10,02,1947,16.0
10,03,1947,17.5
10,04,1947,17.75
10,05,1947,19.25
10,06,1947,18.75
10,07,1947,20.25
10,08,1947,19.75
10,09,1947,20.25
10,10,1947,19.5
10,11,1947,18.75
10,12,1947,20.25
10,13,1947,19.75
10,14,1947,null
10,15,1947,19.75
10,16,1947,18.75
10,17,1947,19.25
10,18,1947,18.25
10,19,1947,19.25
10,20,1947,null
10,21,1947,20.0
10,22,1947,18.5
10,23,1947,18.0
10,24,1947,19.25
10,25,1947,19.25
10,26,1947,19.75
10,27,1947,19.75
10,28,1947,20.0
10,29,1947,18.75
10,30,1947,18.25
10,31,1947,18.5
11,01,1947,19.0
11,02,1947,18.75
11,03,1947,16.25
11,04,1947,null
11,05,1947,15.45
11,06,1947,15.5
11,07,1947,15.25
11,08,1947,16.75
11,09,1947,17.0
11,10,1947,16.25
11,11,1947,14.75
11,12,1947,null
11,13,1947,13.5
11,14,1947,null
11,15,1947,16.25
11,16,1947,14.4
11,17,1947,12.75
11,18,1947,12.75
11,19,1947,null
11,20,1947,14.0
11,21,1947,14.25
11,22,1947,null
11,23,1947,16.0
11,24,1947,15.75
11,25,1947,16.0
11,26,1947,15.75
11,27,1947,13.75
11,28,1947,11.0
11,29,1947,11.45
11,30,1947,8.3
12,01,1947,10.75
12,02,1947,12.65
12,03,1947,12.75
12,04,1947,null
12,05,1947,15.0
12,06,1947,null
12,07,1947,15.5
12,08,1947,14.9
12,09,1947,13.6
12,10,1947,null
12,11,1947,16.0
12,12,1947,14.75
12,13,1947,13.25
12,14,1947,12.7
12,15,1947,null
12,16,1947,9.55
12,17,1947,null
12,18,1947,7.75
12,19,1947,null
12,20,1947,12.8
12,21,1947,13.5
12,22,1947,null
12,23,1947,13.45
12,24,1947,null
12,25,1947,null
12,26,1947,10.75
12,27,1947,10.5
12,28,1947,null
12,29,1947,null
12,30,1947,13.0
12,31,1947,13.0
01,01,1948,null
01,02,1948,11.75
01,03,1948,11.15
01,04,1948,9.0
01,05,1948,null
01,06,1948,null
01,07,1948,13.0
01,08,1948,13.0
01,09,1948,null
01,10,1948,13.0
01,11,1948,12.6
01,12,1948,null
01,13,1948,14.05
01,14,1948,13.0
01,15,1948,null
01,16,1948,9.25
01,17,1948,null
01,18,1948,8.1
01,19,1948,null
01,20,1948,9.65
01,21,1948,8.75
01,22,1948,null
01,23,1948,null
01,24,1948,null
01,25,1948,null
01,26,1948,null
01,27,1948,null
01,28,1948,null
01,29,1948,null
01,30,1948,null
01,31,1948,null
02,01,1948,null
02,02,1948,null
02,03,1948,null
02,04,1948,null
02,05,1948,null
02,06,1948,16.0
02,07,1948,16.0
02,08,1948,null
02,09,1948,15.75
02,10,1948,null
02,11,1948,15.0
02,12,1948,null
02,13,1948,13.25
02,14,1948,null
02,15,1948,14.0
02,16,1948,15.25
02,17,1948,null
02,18,1948,null
02,19,1948,18.0
02,20,1948,17.5
02,21,1948,null
02,22,1948,16.5
02,23,1948,13.75
02,24,1948,11.05
02,25,1948,12.0
02,26,1948,null
02,27,1948,17.0
02,28,1948,16.0
02,29,1948,14.5
03,01,1948,null
03,02,1948,14.75
03,03,1948,12.75
03,04,1948,12.5
03,05,1948,null
03,06,1948,14.0
03,07,1948,14.25
03,08,1948,13.5
03,09,1948,14.5
03,10,1948,15.0
03,11,1948,13.0
03,12,1948,15.0
03,13,1948,null
03,14,1948,18.25
03,15,1948,19.25
03,16,1948,18.5
03,17,1948,18.0
03,18,1948,18.0
03,19,1948,17.75
03,20,1948,17.25
03,21,1948,17.75
03,22,1948,15.25
03,23,1948,16.25
03,24,1948,17.25
03,25,1948,18.5
03,26,1948,null
03,27,1948,19.0
03,28,1948,20.25
03,29,1948,21.25
03,30,1948,20.25
03,31,1948,20.25
04,01,1948,17.25
04,02,1948,17.75
04,03,1948,18.25
04,04,1948,19.25
04,05,1948,19.75
04,06,1948,21.75
04,07,1948,23.25
04,08,1948,22.25
04,09,1948,22.5
04,10,1948,22.25
04,11,1948,19.75
04,12,1948,19.5
04,13,1948,19.5
04,14,1948,20.5
04,15,1948,20.25
04,16,1948,20.55
04,17,1948,20.5
04,18,1948,20.0
04,19,1948,20.25
04,20,1948,18.25
04,21,1948,19.75
04,22,1948,20.75
04,23,1948,20.0
04,24,1948,18.5
04,25,1948,17.5
04,26,1948,17.75
04,27,1948,19.25
04,28,1948,22.0
04,29,1948,24.0
04,30,1948,23.5
05,01,1948,null
05,02,1948,23.0
05,03,1948,23.75
05,04,1948,23.75
05,05,1948,24.5
05,06,1948,25.0
05,07,1948,22.0
05,08,1948,23.0
05,09,1948,21.5
05,10,1948,23.0
05,11,1948,21.0
05,12,1948,22.0
05,13,1948,23.25
05,14,1948,23.0
05,15,1948,19.0
05,16,1948,20.25
05,17,1948,19.5
05,18,1948,20.5
05,19,1948,20.25
05,20,1948,21.25
05,21,1948,17.5
05,22,1948,21.5
05,23,1948,21.75
05,24,1948,22.0
05,25,1948,22.75
05,26,1948,22.5
05,27,1948,22.75
05,28,1948,21.25
05,29,1948,21.25
05,30,1948,22.0
05,31,1948,23.75
06,01,1948,24.25
06,02,1948,23.0
06,03,1948,21.5
06,04,1948,22.25
06,05,1948,null
06,06,1948,24.0
06,07,1948,22.75
06,08,1948,23.0
06,09,1948,23.0
06,10,1948,24.5
06,11,1948,23.75
06,12,1948,20.75
06,13,1948,22.75
06,14,1948,23.25
06,15,1948,24.75
06,16,1948,24.25
06,17,1948,23.75
06,18,1948,23.75
06,19,1948,23.75
06,20,1948,24.0
06,21,1948,19.9
06,22,1948,21.5
06,23,1948,null
06,24,1948,22.0
06,25,1948,20.1
06,26,1948,19.5
06,27,1948,22.0
06,28,1948,22.25
06,29,1948,22.25
06,30,1948,19.25
07,01,1948,18.0
07,02,1948,18.5
07,03,1948,null
07,04,1948,21.25
07,05,1948,21.5
07,06,1948,21.25
07,07,1948,21.5
07,08,1948,21.0
07,09,1948,20.5
07,10,1948,20.85
07,11,1948,null
07,12,1948,22.0
07,13,1948,21.25
07,14,1948,20.0
07,15,1948,20.0
07,16,1948,20.5
07,17,1948,20.25
07,18,1948,21.0
07,19,1948,19.05
07,20,1948,20.0
07,21,1948,18.75
07,22,1948,17.85
07,23,1948,17.85
07,24,1948,null
07,25,1948,20.75
07,26,1948,21.75
07,27,1948,21.25
07,28,1948,21.05
07,29,1948,20.5
07,30,1948,20.0
07,31,1948,20.25
08,01,1948,null
08,02,1948,20.25
08,03,1948,20.15
08,04,1948,19.5
08,05,1948,20.6
08,06,1948,20.1
08,07,1948,19.5
08,08,1948,20.0
08,09,1948,20.75
08,10,1948,20.75
08,11,1948,20.85
08,12,1948,21.0
08,13,1948,20.25
08,14,1948,21.0
08,15,1948,21.25
08,16,1948,19.0
08,17,1948,21.75
08,18,1948,20.2
08,19,1948,20.5
08,20,1948,21.0
08,21,1948,21.0
08,22,1948,19.75
08,23,1948,20.25
08,24,1948,20.25
08,25,1948,19.25
08,26,1948,20.0
08,27,1948,20.25
08,28,1948,null
08,29,1948,21.0
08,30,1948,21.25
08,31,1948,20.5
09,01,1948,19.0
09,02,1948,19.0
09,03,1948,20.0
09,04,1948,19.5
09,05,1948,20.0
09,06,1948,20.25
09,07,1948,20.25
09,08,1948,19.25
09,09,1948,null
09,10,1948,null
09,11,1948,20.0
09,12,1948,21.0
09,13,1948,19.75
09,14,1948,19.45
09,15,1948,19.0
09,16,1948,19.0
09,17,1948,18.0
09,18,1948,null
09,19,1948,18.25
09,20,1948,18.75
09,21,1948,18.5
09,22,1948,null
09,23,1948,20.0
09,24,1948,19.75
09,25,1948,19.75
09,26,1948,null
09,27,1948,18.5
09,28,1948,17.25
09,29,1948,14.5
09,30,1948,14.75
10,01,1948,15.25
10,02,1948,16.25
10,03,1948,16.5
10,04,1948,16.25
10,05,1948,15.0
10,06,1948,15.75
10,07,1948,18.25
10,08,1948,18.75
10,09,1948,18.5
10,10,1948,null
10,11,1948,20.5
10,12,1948,null
10,13,1948,20.5
10,14,1948,19.75
10,15,1948,19.0
10,16,1948,18.5
10,17,1948,null
10,18,1948,19.0
10,19,1948,null
10,20,1948,19.75
10,21,1948,17.75
10,22,1948,18.25
10,23,1948,17.0
10,24,1948,17.0
10,25,1948,16.0
10,26,1948,15.5
10,27,1948,14.75
10,28,1948,15.5
10,29,1948,16.25
10,30,1948,16.25
10,31,1948,17.5
11,01,1948,17.25
11,02,1948,17.5
11,03,1948,17.75
11,04,1948,16.75
11,05,1948,16.0
11,06,1948,15.75
11,07,1948,14.25
11,08,1948,15.5
11,09,1948,16.5
11,10,1948,15.5
11,11,1948,16.75
11,12,1948,null
11,13,1948,15.95
11,14,1948,17.5
11,15,1948,17.5
11,16,1948,18.0
11,17,1948,18.0
11,18,1948,18.25
11,19,1948,16.0
11,20,1948,14.75
11,21,1948,13.0
11,22,1948,13.0
11,23,1948,13.75
11,24,1948,null
11,25,1948,14.75
11,26,1948,null
11,27,1948,18.5
11,28,1948,18.75
11,29,1948,14.5
11,30,1948,14.75
12,01,1948,14.25
12,02,1948,14.0
12,03,1948,15.75
12,04,1948,16.0
12,05,1948,15.75
12,06,1948,16.0
12,07,1948,16.0
12,08,1948,15.0
12,09,1948,13.25
12,10,1948,13.75
12,11,1948,null
12,12,1948,null
12,13,1948,null
12,14,1948,15.25
12,15,1948,null
12,16,1948,14.35
12,17,1948,null
12,18,1948,16.5
12,19,1948,15.9
12,20,1948,16.5
12,21,1948,14.75
12,22,1948,14.75
12,23,1948,16.0
12,24,1948,16.0
12,25,1948,15.25
12,26,1948,15.75
12,27,1948,16.9
12,28,1948,15.5
12,29,1948,14.5
12,30,1948,11.75
12,31,1948,null
01,01,1949,13.5
01,02,1949,13.0
01,03,1949,11.0
01,04,1949,null
01,05,1949,null
01,06,1949,15.25
01,07,1949,15.0
01,08,1949,16.75
01,09,1949,14.5
01,10,1949,14.0
01,11,1949,15.75
01,12,1949,15.0
01,13,1949,15.0
01,14,1949,null
01,15,1949,14.5
01,16,1949,12.0
01,17,1949,null
01,18,1949,10.75
01,19,1949,10.6
01,20,1949,null
01,21,1949,null
01,22,1949,null
01,23,1949,15.5
01,24,1949,12.75
01,25,1949,12.5
01,26,1949,null
01,27,1949,12.0
01,28,1949,null
01,29,1949,12.25
01,30,1949,null
01,31,1949,null
02,01,1949,9.5
02,02,1949,null
02,03,1949,12.25
02,04,1949,null
02,05,1949,null
02,06,1949,13.75
02,07,1949,13.5
02,08,1949,14.0
02,09,1949,13.5
02,10,1949,14.25
02,11,1949,null
02,12,1949,15.25
02,13,1949,16.0
02,14,1949,15.0
02,15,1949,14.5
02,16,1949,14.75
02,17,1949,null
02,18,1949,null
02,19,1949,14.5
02,20,1949,13.75
02,21,1949,15.0
02,22,1949,15.0
02,23,1949,18.5
02,24,1949,19.0
02,25,1949,16.5
02,26,1949,16.75
02,27,1949,14.5
02,28,1949,14.5
03,01,1949,null
03,02,1949,15.5
03,03,1949,14.75
03,04,1949,15.75
03,05,1949,16.0
03,06,1949,16.75
03,07,1949,17.75
03,08,1949,null
03,09,1949,17.5
03,10,1949,16.25
03,11,1949,17.0
03,12,1949,16.75
03,13,1949,15.25
03,14,1949,15.25
03,15,1949,15.25
03,16,1949,null
03,17,1949,18.5
03,18,1949,17.9
03,19,1949,18.5
03,20,1949,18.5
03,21,1949,17.75
03,22,1949,null
03,23,1949,17.5
03,24,1949,18.25
03,25,1949,18.5
03,26,1949,17.75
03,27,1949,15.5
03,28,1949,16.75
03,29,1949,16.0
03,30,1949,15.75
03,31,1949,15.25
04,01,1949,16.0
04,02,1949,null
04,03,1949,12.75
04,04,1949,null
04,05,1949,14.75
04,06,1949,12.25
04,07,1949,13.5
04,08,1949,13.7
04,09,1949,17.0
04,10,1949,18.0
04,11,1949,18.0
04,12,1949,17.25
04,13,1949,17.5
04,14,1949,17.0
04,15,1949,17.75
04,16,1949,19.5
04,17,1949,19.5
04,18,1949,18.0
04,19,1949,17.5
04,20,1949,18.5
04,21,1949,17.75
04,22,1949,null
04,23,1949,18.75
04,24,1949,18.5
04,25,1949,17.5
04,26,1949,17.5
04,27,1949,19.75
04,28,1949,21.5
04,29,1949,22.5
04,30,1949,21.25
05,01,1949,19.25
05,02,1949,19.0
05,03,1949,20.75
05,04,1949,null
05,05,1949,21.75
05,06,1949,19.25
05,07,1949,18.5
05,08,1949,20.25
05,09,1949,19.75
05,10,1949,20.0
05,11,1949,19.5
05,12,1949,20.5
05,13,1949,19.5
05,14,1949,19.75
05,15,1949,20.25
05,16,1949,20.75
05,17,1949,18.0
05,18,1949,18.75
05,19,1949,20.75
05,20,1949,23.25
05,21,1949,25.0
05,22,1949,25.0
05,23,1949,25.5
05,24,1949,24.0
05,25,1949,24.75
05,26,1949,25.5
05,27,1949,21.15
05,28,1949,22.25
05,29,1949,22.25
05,30,1949,22.5
05,31,1949,24.25
06,01,1949,24.0
06,02,1949,24.0
06,03,1949,23.25
06,04,1949,null
06,05,1949,24.0
06,06,1949,24.5
06,07,1949,23.0
06,08,1949,24.25
06,09,1949,22.0
06,10,1949,21.5
06,11,1949,null
06,12,1949,23.9
06,13,1949,18.65
06,14,1949,20.75
06,15,1949,21.25
06,16,1949,22.5
06,17,1949,22.5
06,18,1949,23.25
06,19,1949,23.0
06,20,1949,21.5
06,21,1949,20.5
06,22,1949,20.0
06,23,1949,null
06,24,1949,22.75
06,25,1949,21.25
06,26,1949,null
06,27,1949,21.25
06,28,1949,20.5
06,29,1949,19.5
06,30,1949,19.25
07,01,1949,20.25
07,02,1949,20.75
07,03,1949,20.0
07,04,1949,21.75
07,05,1949,20.75
07,06,1949,20.75
07,07,1949,21.75
07,08,1949,22.0
07,09,1949,23.0
07,10,1949,21.75
07,11,1949,20.75
07,12,1949,20.75
07,13,1949,21.25
07,14,1949,22.0
07,15,1949,19.75
07,16,1949,20.25
07,17,1949,18.5
07,18,1949,19.5
07,19,1949,19.0
07,20,1949,18.75
07,21,1949,19.75
07,22,1949,20.6
07,23,1949,19.5
07,24,1949,21.0
07,25,1949,20.5
07,26,1949,20.5
07,27,1949,19.5
07,28,1949,20.75
07,29,1949,19.75
07,30,1949,19.75
07,31,1949,18.5
08,01,1949,18.5
08,02,1949,19.0
08,03,1949,19.5
08,04,1949,20.0
08,05,1949,19.0
08,06,1949,20.0
08,07,1949,18.8
08,08,1949,20.3
08,09,1949,21.0
08,10,1949,21.5
08,11,1949,20.5
08,12,1949,20.0
08,13,1949,20.75
08,14,1949,18.5
08,15,1949,20.0
08,16,1949,20.0
08,17,1949,20.5
08,18,1949,21.55
08,19,1949,19.5
08,20,1949,19.5
08,21,1949,20.25
08,22,1949,20.25
08,23,1949,19.5
08,24,1949,18.75
08,25,1949,19.75
08,26,1949,20.5
08,27,1949,19.75
08,28,1949,21.5
08,29,1949,21.25
08,30,1949,20.25
08,31,1949,19.5
09,01,1949,19.25
09,02,1949,21.5
09,03,1949,19.5
09,04,1949,19.75
09,05,1949,20.5
09,06,1949,21.5
09,07,1949,21.0
09,08,1949,19.75
09,09,1949,20.75
09,10,1949,20.7
09,11,1949,20.0
09,12,1949,20.3
09,13,1949,21.25
09,14,1949,21.75
09,15,1949,19.75
09,16,1949,20.75
09,17,1949,19.75
09,18,1949,20.75
09,19,1949,21.0
09,20,1949,21.0
09,21,1949,20.25
09,22,1949,20.25
09,23,1949,20.25
09,24,1949,19.25
09,25,1949,18.75
09,26,1949,20.5
09,27,1949,20.0
09,28,1949,20.25
09,29,1949,20.0
09,30,1949,19.0
10,01,1949,16.75
10,02,1949,18.0
10,03,1949,18.25
10,04,1949,18.5
10,05,1949,18.75
10,06,1949,19.25
10,07,1949,19.25
10,08,1949,20.5
10,09,1949,20.5
10,10,1949,20.5
10,11,1949,20.0
10,12,1949,19.25
10,13,1949,19.5
10,14,1949,19.5
10,15,1949,20.0
10,16,1949,20.0
10,17,1949,20.0
10,18,1949,20.0
10,19,1949,20.25
10,20,1949,19.25
10,21,1949,19.75
10,22,1949,20.0
10,23,1949,19.5
10,24,1949,20.0
10,25,1949,19.5
10,26,1949,19.25
10,27,1949,18.25
10,28,1949,17.5
10,29,1949,15.0
10,30,1949,12.75
10,31,1949,13.0
11,01,1949,12.75
11,02,1949,15.25
11,03,1949,14.5
11,04,1949,14.0
11,05,1949,12.0
11,06,1949,12.75
11,07,1949,12.5
11,08,1949,11.5
11,09,1949,12.0
11,10,1949,12.25
11,11,1949,13.0
11,12,1949,12.75
11,13,1949,12.25
11,14,1949,12.25
11,15,1949,10.5
11,16,1949,11.5
11,17,1949,10.0
11,18,1949,12.5
11,19,1949,11.25
11,20,1949,14.0
11,21,1949,12.25
11,22,1949,14.25
11,23,1949,14.0
11,24,1949,14.25
11,25,1949,14.75
11,26,1949,15.25
11,27,1949,15.0
11,28,1949,15.25
11,29,1949,15.25
11,30,1949,15.75
12,01,1949,15.5
12,02,1949,13.75
12,03,1949,14.25
12,04,1949,14.25
12,05,1949,14.0
12,06,1949,13.0
12,07,1949,15.0
12,08,1949,15.0
12,09,1949,13.75
12,10,1949,14.25
12,11,1949,12.75
12,12,1949,12.0
12,13,1949,14.0
12,14,1949,14.5
12,15,1949,16.5
12,16,1949,17.0
12,17,1949,16.5
12,18,1949,13.75
12,19,1949,13.0
12,20,1949,13.5
12,21,1949,13.75
12,22,1949,13.0
12,23,1949,11.5
12,24,1949,10.5
12,25,1949,12.0
12,26,1949,12.0
12,27,1949,13.25
12,28,1949,14.8
12,29,1949,13.0
12,30,1949,12.75
12,31,1949,14.75
01,01,1950,14.75
01,02,1950,15.4
01,03,1950,15.2
01,04,1950,14.9
01,05,1950,12.5
01,06,1950,12.5
01,07,1950,13.5
01,08,1950,13.25
01,09,1950,13.75
01,10,1950,15.0
01,11,1950,16.25
01,12,1950,15.55
01,13,1950,14.5
01,14,1950,13.65
01,15,1950,13.75
01,16,1950,13.75
01,17,1950,14.25
01,18,1950,14.25
01,19,1950,14.75
01,20,1950,14.5
01,21,1950,13.3
01,22,1950,13.0
01,23,1950,12.95
01,24,1950,12.0
01,25,1950,13.05
01,26,1950,11.5
01,27,1950,12.65
01,28,1950,13.1
01,29,1950,15.0
01,30,1950,15.25
01,31,1950,15.0
02,01,1950,15.5
02,02,1950,15.5
02,03,1950,15.25
02,04,1950,15.0
02,05,1950,14.75
02,06,1950,14.25
02,07,1950,14.5
02,08,1950,15.5
02,09,1950,15.5
02,10,1950,15.15
02,11,1950,14.5
02,12,1950,13.4
02,13,1950,11.75
02,14,1950,9.7
02,15,1950,10.5
02,16,1950,null
02,17,1950,11.95
02,18,1950,13.75
02,19,1950,13.95
02,20,1950,14.5
02,21,1950,16.0
02,22,1950,14.6
02,23,1950,12.35
02,24,1950,12.5
02,25,1950,14.75
02,26,1950,17.0
02,27,1950,17.25
02,28,1950,17.25
03,01,1950,19.75
03,02,1950,19.5
03,03,1950,18.0
03,04,1950,17.75
03,05,1950,16.0
03,06,1950,15.15
03,07,1950,14.5
03,08,1950,13.0
03,09,1950,14.25
03,10,1950,15.5
03,11,1950,16.75
03,12,1950,17.5
03,13,1950,16.75
03,14,1950,15.5
03,15,1950,15.25
03,16,1950,15.9
03,17,1950,16.0
03,18,1950,15.75
03,19,1950,12.1
03,20,1950,16.15
03,21,1950,15.75
03,22,1950,16.25
03,23,1950,17.15
03,24,1950,18.5
03,25,1950,19.25
03,26,1950,19.5
03,27,1950,16.5
03,28,1950,16.25
03,29,1950,17.25
03,30,1950,18.25
03,31,1950,19.0
04,01,1950,18.5
04,02,1950,19.75
04,03,1950,20.0
04,04,1950,19.5
04,05,1950,16.75
04,06,1950,18.25
04,07,1950,19.25
04,08,1950,19.0
04,09,1950,18.5
04,10,1950,19.25
04,11,1950,19.75
04,12,1950,21.5
04,13,1950,21.5
04,14,1950,20.75
04,15,1950,20.25
04,16,1950,20.75
04,17,1950,19.75
04,18,1950,19.75
04,19,1950,20.5
04,20,1950,21.0
04,21,1950,21.0
04,22,1950,21.5
04,23,1950,22.0
04,24,1950,19.5
04,25,1950,19.5
04,26,1950,20.0
04,27,1950,20.25
04,28,1950,20.25
04,29,1950,19.5
04,30,1950,19.75
05,01,1950,21.5
05,02,1950,21.5
05,03,1950,20.75
05,04,1950,22.0
05,05,1950,22.5
05,06,1950,23.0
05,07,1950,23.5
05,08,1950,24.75
05,09,1950,22.5
05,10,1950,25.0
05,11,1950,22.25
05,12,1950,23.25
05,13,1950,24.25
05,14,1950,23.75
05,15,1950,24.2
05,16,1950,23.0
05,17,1950,24.0
05,18,1950,25.0
05,19,1950,23.0
05,20,1950,22.5
05,21,1950,22.75
05,22,1950,22.75
05,23,1950,22.25
05,24,1950,22.5
05,25,1950,23.25
05,26,1950,23.75
05,27,1950,24.25
05,28,1950,23.0
05,29,1950,23.25
05,30,1950,23.25
05,31,1950,19.2
06,01,1950,21.5
06,02,1950,19.75
06,03,1950,20.55
06,04,1950,20.25
06,05,1950,22.0
06,06,1950,23.0
06,07,1950,22.5
06,08,1950,23.0
06,09,1950,24.25
06,10,1950,23.0
06,11,1950,22.25
06,12,1950,22.5
06,13,1950,22.5
06,14,1950,22.25
06,15,1950,22.25
06,16,1950,22.5
06,17,1950,21.75
06,18,1950,22.5
06,19,1950,23.75
06,20,1950,22.0
06,21,1950,22.25
06,22,1950,20.75
06,23,1950,21.25
06,24,1950,22.0
06,25,1950,20.75
06,26,1950,22.0
06,27,1950,19.75
06,28,1950,21.0
06,29,1950,21.0
06,30,1950,20.75
07,01,1950,20.25
07,02,1950,20.75
07,03,1950,21.25
07,04,1950,21.65
07,05,1950,15.0
07,06,1950,18.25
07,07,1950,19.25
07,08,1950,20.0
07,09,1950,18.5
07,10,1950,19.0
07,11,1950,20.75
07,12,1950,20.9
07,13,1950,20.75
07,14,1950,21.0
07,15,1950,20.0
07,16,1950,20.0
07,17,1950,21.5
07,18,1950,20.25
07,19,1950,18.75
07,20,1950,19.25
07,21,1950,19.0
07,22,1950,20.25
07,23,1950,20.5
07,24,1950,20.25
07,25,1950,19.75
07,26,1950,21.0
07,27,1950,20.0
07,28,1950,19.5
07,29,1950,18.25
07,30,1950,18.0
07,31,1950,19.25
08,01,1950,19.5
08,02,1950,19.75
08,03,1950,18.25
08,04,1950,20.25
08,05,1950,20.0
08,06,1950,19.5
08,07,1950,20.0
08,08,1950,19.5
08,09,1950,16.75
08,10,1950,19.75
08,11,1950,19.25
08,12,1950,19.0
08,13,1950,19.25
08,14,1950,19.25
08,15,1950,20.5
08,16,1950,21.0
08,17,1950,19.5
08,18,1950,19.5
08,19,1950,20.0
08,20,1950,20.5
08,21,1950,19.0
08,22,1950,19.5
08,23,1950,16.75
08,24,1950,19.75
08,25,1950,19.5
08,26,1950,20.5
08,27,1950,20.5
08,28,1950,20.75
08,29,1950,20.25
08,30,1950,21.0
08,31,1950,21.0
09,01,1950,21.0
09,02,1950,20.25
09,03,1950,21.5
09,04,1950,18.5
09,05,1950,18.0
09,06,1950,20.0
09,07,1950,19.25
09,08,1950,20.4
09,09,1950,21.25
09,10,1950,20.75
09,11,1950,20.0
09,12,1950,21.0
09,13,1950,19.75
09,14,1950,20.0
09,15,1950,20.0
09,16,1950,20.75
09,17,1950,21.25
09,18,1950,20.25
09,19,1950,20.0
09,20,1950,20.5
09,21,1950,19.5
09,22,1950,20.5
09,23,1950,20.25
09,24,1950,20.0
09,25,1950,21.0
09,26,1950,19.5
09,27,1950,18.75
09,28,1950,19.5
09,29,1950,20.0
09,30,1950,20.25
10,01,1950,20.0
10,02,1950,20.75
10,03,1950,20.0
10,04,1950,19.25
10,05,1950,18.5
10,06,1950,19.75
10,07,1950,20.5
10,08,1950,19.75
10,09,1950,20.25
10,10,1950,19.25
10,11,1950,19.25
10,12,1950,18.75
10,13,1950,18.5
10,14,1950,19.5
10,15,1950,19.75
10,16,1950,18.0
10,17,1950,16.0
10,18,1950,16.75
10,19,1950,16.75
10,20,1950,16.0
10,21,1950,13.75
10,22,1950,14.5
10,23,1950,16.0
10,24,1950,16.25
10,25,1950,17.0
10,26,1950,16.75
10,27,1950,16.75
10,28,1950,17.25
10,29,1950,16.25
10,30,1950,16.5
10,31,1950,16.0
11,01,1950,16.75
11,02,1950,17.25
11,03,1950,15.5
11,04,1950,15.75
11,05,1950,15.85
11,06,1950,14.25
11,07,1950,15.0
11,08,1950,14.25
11,09,1950,14.5
11,10,1950,14.5
11,11,1950,14.5
11,12,1950,15.75
11,13,1950,16.0
11,14,1950,17.2
11,15,1950,16.0
11,16,1950,15.5
11,17,1950,15.75
11,18,1950,16.5
11,19,1950,16.25
11,20,1950,15.0
11,21,1950,16.0
11,22,1950,15.0
11,23,1950,16.0
11,24,1950,14.75
11,25,1950,null
11,26,1950,14.75
11,27,1950,13.25
11,28,1950,14.0
11,29,1950,13.5
11,30,1950,12.5
12,01,1950,12.0
12,02,1950,12.5
12,03,1950,12.75
12,04,1950,15.5
12,05,1950,13.5
12,06,1950,13.0
12,07,1950,11.5
12,08,1950,11.0
12,09,1950,13.5
12,10,1950,13.0
12,11,1950,null
12,12,1950,11.35
12,13,1950,12.0
12,14,1950,11.75
12,15,1950,12.5
12,16,1950,13.5
12,17,1950,13.5
12,18,1950,12.0
12,19,1950,11.75
12,20,1950,11.3
12,21,1950,11.5
12,22,1950,11.0
12,23,1950,null
12,24,1950,11.9
12,25,1950,12.0
12,26,1950,12.5
12,27,1950,10.5
12,28,1950,10.5
12,29,1950,9.9
12,30,1950,null
12,31,1950,16.0
01,01,1951,11.5
01,02,1951,11.5
01,03,1951,11.5
01,04,1951,9.25
01,05,1951,9.25
01,06,1951,11.0
01,07,1951,11.0
01,08,1951,10.0
01,09,1951,11.5
01,10,1951,12.25
01,11,1951,11.5
01,12,1951,9.9
01,13,1951,11.4
01,14,1951,9.0
01,15,1951,9.25
01,16,1951,11.0
01,17,1951,8.5
01,18,1951,8.55
01,19,1951,12.5
01,20,1951,11.5
01,21,1951,11.25
01,22,1951,11.0
01,23,1951,14.0
01,24,1951,13.5
01,25,1951,13.5
01,26,1951,14.5
01,27,1951,13.0
01,28,1951,13.25
01,29,1951,14.0
01,30,1951,13.75
01,31,1951,13.25
02,01,1951,12.25
02,02,1951,11.25
02,03,1951,null
02,04,1951,10.75
02,05,1951,10.75
02,06,1951,11.25
02,07,1951,10.0
02,08,1951,null
02,09,1951,14.5
02,10,1951,13.9
02,11,1951,13.0
02,12,1951,13.35
02,13,1951,12.75
02,14,1951,null
02,15,1951,13.25
02,16,1951,12.0
02,17,1951,13.0
02,18,1951,13.5
02,19,1951,14.75
02,20,1951,14.0
02,21,1951,15.1
02,22,1951,14.75
02,23,1951,null
02,24,1951,16.5
02,25,1951,17.5
02,26,1951,17.1
02,27,1951,17.0
02,28,1951,17.4
03,01,1951,18.0
03,02,1951,18.45
03,03,1951,17.25
03,04,1951,16.25
03,05,1951,16.0
03,06,1951,17.25
03,07,1951,18.5
03,08,1951,19.0
03,09,1951,19.0
03,10,1951,19.0
03,11,1951,16.5
03,12,1951,16.75
03,13,1951,15.5
03,14,1951,14.75
03,15,1951,14.75
03,16,1951,15.25
03,17,1951,15.0
03,18,1951,14.5
03,19,1951,12.75
03,20,1951,14.75
03,21,1951,14.15
03,22,1951,14.25
03,23,1951,15.0
03,24,1951,12.75
03,25,1951,16.6
03,26,1951,16.55
03,27,1951,17.25
03,28,1951,15.5
03,29,1951,14.5
03,30,1951,12.25
03,31,1951,13.5
04,01,1951,14.75
04,02,1951,15.5
04,03,1951,17.0
04,04,1951,18.5
04,05,1951,18.75
04,06,1951,18.0
04,07,1951,15.5
04,08,1951,16.5
04,09,1951,16.75
04,10,1951,15.0
04,11,1951,17.0
04,12,1951,18.0
04,13,1951,19.0
04,14,1951,18.5
04,15,1951,17.0
04,16,1951,18.75
04,17,1951,18.75
04,18,1951,20.0
04,19,1951,20.25
04,20,1951,20.25
04,21,1951,19.75
04,22,1951,20.75
04,23,1951,20.75
04,24,1951,21.5
04,25,1951,20.5
04,26,1951,20.5
04,27,1951,20.75
04,28,1951,21.25
04,29,1951,21.75
04,30,1951,17.75
05,01,1951,17.25
05,02,1951,17.25
05,03,1951,18.5
05,04,1951,20.25
05,05,1951,20.5
05,06,1951,22.25
05,07,1951,21.0
05,08,1951,18.25
05,09,1951,18.0
05,10,1951,18.25
05,11,1951,18.75
05,12,1951,19.0
05,13,1951,17.75
05,14,1951,17.75
05,15,1951,18.75
05,16,1951,20.5
05,17,1951,22.0
05,18,1951,22.75
05,19,1951,23.5
05,20,1951,21.0
05,21,1951,19.0
05,22,1951,22.25
05,23,1951,23.0
05,24,1951,23.75
05,25,1951,22.75
05,26,1951,21.5
05,27,1951,21.25
05,28,1951,21.5
05,29,1951,20.25
05,30,1951,18.5
05,31,1951,21.0
06,01,1951,22.5
06,02,1951,20.0
06,03,1951,21.5
06,04,1951,21.75
06,05,1951,21.0
06,06,1951,23.25
06,07,1951,24.25
06,08,1951,22.75
06,09,1951,22.25
06,10,1951,23.25
06,11,1951,24.75
06,12,1951,24.5
06,13,1951,24.25
06,14,1951,21.75
06,15,1951,23.75
06,16,1951,24.0
06,17,1951,23.0
06,18,1951,23.25
06,19,1951,25.0
06,20,1951,26.0
06,21,1951,24.25
06,22,1951,23.25
06,23,1951,24.0
06,24,1951,24.25
06,25,1951,22.75
06,26,1951,21.25
06,27,1951,20.9
06,28,1951,21.0
06,29,1951,21.25
06,30,1951,20.5
07,01,1951,20.0
07,02,1951,20.75
07,03,1951,21.25
07,04,1951,21.5
07,05,1951,21.5
07,06,1951,21.0
07,07,1951,22.0
07,08,1951,20.5
07,09,1951,21.75
07,10,1951,22.25
07,11,1951,21.0
07,12,1951,19.75
07,13,1951,19.75
07,14,1951,18.95
07,15,1951,17.75
07,16,1951,20.25
07,17,1951,20.75
07,18,1951,19.5
07,19,1951,21.25
07,20,1951,21.75
07,21,1951,21.25
07,22,1951,21.75
07,23,1951,21.0
07,24,1951,20.25
07,25,1951,18.5
07,26,1951,20.25
07,27,1951,18.25
07,28,1951,19.25
07,29,1951,20.75
07,30,1951,22.5
07,31,1951,23.0
08,01,1951,22.75
08,02,1951,20.25
08,03,1951,19.5
08,04,1951,20.0
08,05,1951,19.5
08,06,1951,20.75
08,07,1951,22.25
08,08,1951,22.0
08,09,1951,20.0
08,10,1951,20.75
08,11,1951,20.5
08,12,1951,19.75
08,13,1951,20.25
08,14,1951,19.75
08,15,1951,19.75
08,16,1951,20.25
08,17,1951,22.0
08,18,1951,21.5
08,19,1951,20.75
08,20,1951,20.0
08,21,1951,20.0
08,22,1951,20.5
08,23,1951,21.25
08,24,1951,21.25
08,25,1951,20.75
08,26,1951,21.5
08,27,1951,20.0
08,28,1951,21.0
08,29,1951,21.75
08,30,1951,21.5
08,31,1951,20.25
09,01,1951,20.25
09,02,1951,22.25
09,03,1951,22.0
09,04,1951,21.25
09,05,1951,19.0
09,06,1951,19.5
09,07,1951,20.0
09,08,1951,20.5
09,09,1951,20.25
09,10,1951,20.0
09,11,1951,19.25
09,12,1951,20.5
09,13,1951,18.0
09,14,1951,19.5
09,15,1951,18.0
09,16,1951,17.0
09,17,1951,17.0
09,18,1951,18.25
09,19,1951,19.75
09,20,1951,17.0
09,21,1951,16.5
09,22,1951,16.75
09,23,1951,18.0
09,24,1951,15.75
09,25,1951,17.25
09,26,1951,18.75
09,27,1951,19.5
09,28,1951,21.25
09,29,1951,18.0
09,30,1951,18.25
10,01,1951,18.25
10,02,1951,19.0
10,03,1951,18.0
10,04,1951,18.75
10,05,1951,18.0
10,06,1951,20.25
10,07,1951,18.5
10,08,1951,17.5
10,09,1951,17.5
10,10,1951,18.5
10,11,1951,17.0
10,12,1951,17.0
10,13,1951,14.0
10,14,1951,14.75
10,15,1951,14.5
10,16,1951,15.5
10,17,1951,16.75
10,18,1951,13.5
10,19,1951,13.5
10,20,1951,14.5
10,21,1951,14.25
10,22,1951,13.25
10,23,1951,16.0
10,24,1951,13.5
10,25,1951,13.5
10,26,1951,12.75
10,27,1951,18.0
10,28,1951,19.5
10,29,1951,17.0
10,30,1951,16.5
10,31,1951,19.0
11,01,1951,19.0
11,02,1951,17.5
11,03,1951,17.0
11,04,1951,16.5
11,05,1951,17.5
11,06,1951,16.5
11,07,1951,16.75
11,08,1951,16.75
11,09,1951,15.0
11,10,1951,15.0
11,11,1951,16.75
11,12,1951,16.0
11,13,1951,14.5
11,14,1951,15.5
11,15,1951,13.5
11,16,1951,14.0
11,17,1951,13.75
11,18,1951,14.25
11,19,1951,13.75
11,20,1951,14.0
11,21,1951,13.25
11,22,1951,14.0
11,23,1951,13.5
11,24,1951,15.75
11,25,1951,15.0
11,26,1951,14.5
11,27,1951,12.5
11,28,1951,16.25
11,29,1951,15.25
11,30,1951,17.0
12,01,1951,16.5
12,02,1951,15.0
12,03,1951,13.0
12,04,1951,15.0
12,05,1951,null
12,06,1951,10.75
12,07,1951,11.25
12,08,1951,10.75
12,09,1951,12.5
12,10,1951,12.5
12,11,1951,15.25
12,12,1951,15.25
12,13,1951,15.75
12,14,1951,13.75
12,15,1951,11.0
12,16,1951,13.25
12,17,1951,12.5
12,18,1951,null
12,19,1951,12.75
12,20,1951,12.25
12,21,1951,12.25
12,22,1951,13.75
12,23,1951,14.75
12,24,1951,14.75
12,25,1951,14.0
12,26,1951,13.25
12,27,1951,15.25
12,28,1951,13.25
12,29,1951,13.75
12,30,1951,13.5
12,31,1951,12.75
01,01,1952,12.75
01,02,1952,12.25
01,03,1952,12.75
01,04,1952,14.0
01,05,1952,13.75
01,06,1952,14.0
01,07,1952,14.05
01,08,1952,13.5
01,09,1952,13.0
01,10,1952,14.0
01,11,1952,13.05
01,12,1952,14.25
01,13,1952,13.9
01,14,1952,14.5
01,15,1952,13.0
01,16,1952,13.25
01,17,1952,14.2
01,18,1952,15.5
01,19,1952,14.0
01,20,1952,14.4
01,21,1952,14.5
01,22,1952,13.75
01,23,1952,13.0
01,24,1952,13.5
01,25,1952,13.6
01,26,1952,15.0
01,27,1952,14.0
01,28,1952,13.5
01,29,1952,10.6
01,30,1952,12.0
01,31,1952,12.25
02,01,1952,11.75
02,02,1952,12.5
02,03,1952,10.1
02,04,1952,null
02,05,1952,7.65
02,06,1952,8.55
02,07,1952,7.3
02,08,1952,9.7
02,09,1952,11.25
02,10,1952,13.25
02,11,1952,13.75
02,12,1952,13.5
02,13,1952,12.0
02,14,1952,10.5
02,15,1952,12.25
02,16,1952,9.5
02,17,1952,9.75
02,18,1952,10.5
02,19,1952,9.25
02,20,1952,10.25
02,21,1952,13.0
02,22,1952,14.0
02,23,1952,15.0
02,24,1952,11.75
02,25,1952,14.75
02,26,1952,12.25
02,27,1952,10.25
02,28,1952,12.5
02,29,1952,14.25
03,01,1952,16.5
03,02,1952,15.5
03,03,1952,13.0
03,04,1952,13.0
03,05,1952,13.0
03,06,1952,14.5
03,07,1952,14.75
03,08,1952,14.75
03,09,1952,14.5
03,10,1952,13.05
03,11,1952,16.25
03,12,1952,14.25
03,13,1952,15.25
03,14,1952,15.25
03,15,1952,16.45
03,16,1952,18.5
03,17,1952,18.75
03,18,1952,16.0
03,19,1952,17.75
03,20,1952,18.05
03,21,1952,17.25
03,22,1952,15.75
03,23,1952,15.5
03,24,1952,15.0
03,25,1952,12.0
03,26,1952,12.75
03,27,1952,14.75
03,28,1952,14.5
03,29,1952,14.8
03,30,1952,14.0
03,31,1952,14.75
04,01,1952,16.8
04,02,1952,16.5
04,03,1952,16.75
04,04,1952,15.75
04,05,1952,16.2
04,06,1952,19.25
04,07,1952,16.0
04,08,1952,17.0
04,09,1952,18.25
04,10,1952,18.75
04,11,1952,18.25
04,12,1952,17.0
04,13,1952,18.1
04,14,1952,16.0
04,15,1952,17.25
04,16,1952,18.8
04,17,1952,18.25
04,18,1952,19.65
04,19,1952,18.5
04,20,1952,19.5
04,21,1952,19.5
04,22,1952,18.75
04,23,1952,17.75
04,24,1952,17.75
04,25,1952,17.0
04,26,1952,16.25
04,27,1952,16.25
04,28,1952,16.25
04,29,1952,17.0
04,30,1952,17.75
05,01,1952,19.1
05,02,1952,17.75
05,03,1952,17.5
05,04,1952,16.5
05,05,1952,18.25
05,06,1952,19.25
05,07,1952,18.5
05,08,1952,20.0
05,09,1952,21.5
05,10,1952,22.0
05,11,1952,23.0
05,12,1952,18.5
05,13,1952,19.25
05,14,1952,20.25
05,15,1952,18.5
05,16,1952,19.25
05,17,1952,18.0
05,18,1952,16.5
05,19,1952,15.0
05,20,1952,16.75
05,21,1952,19.75
05,22,1952,20.75
05,23,1952,21.0
05,24,1952,23.5
05,25,1952,22.75
05,26,1952,21.25
05,27,1952,20.5
05,28,1952,17.75
05,29,1952,19.75
05,30,1952,16.25
05,31,1952,18.25
06,01,1952,20.0
06,02,1952,20.25
06,03,1952,20.5
06,04,1952,18.25
06,05,1952,21.75
06,06,1952,23.25
06,07,1952,21.25
06,08,1952,21.25
06,09,1952,21.25
06,10,1952,19.75
06,11,1952,20.65
06,12,1952,20.5
06,13,1952,22.25
06,14,1952,23.25
06,15,1952,22.25
06,16,1952,20.0
06,17,1952,21.75
06,18,1952,20.75
06,19,1952,23.5
06,20,1952,21.7
06,21,1952,22.25
06,22,1952,22.25
06,23,1952,17.0
06,24,1952,19.0
06,25,1952,18.25
06,26,1952,21.75
06,27,1952,20.5
06,28,1952,20.0
06,29,1952,19.0
06,30,1952,20.5
07,01,1952,21.75
07,02,1952,18.25
07,03,1952,20.5
07,04,1952,21.25
07,05,1952,21.25
07,06,1952,21.75
07,07,1952,20.75
07,08,1952,22.0
07,09,1952,19.75
07,10,1952,22.0
07,11,1952,19.75
07,12,1952,21.5
07,13,1952,21.0
07,14,1952,20.25
07,15,1952,20.75
07,16,1952,21.5
07,17,1952,21.75
07,18,1952,22.25
07,19,1952,22.5
07,20,1952,21.25
07,21,1952,21.5
07,22,1952,19.5
07,23,1952,21.75
07,24,1952,20.5
07,25,1952,19.0
07,26,1952,17.75
07,27,1952,16.0
07,28,1952,19.5
07,29,1952,16.0
07,30,1952,18.5
07,31,1952,16.0
08,01,1952,18.5
08,02,1952,19.75
08,03,1952,19.5
08,04,1952,16.0
08,05,1952,18.0
08,06,1952,18.25
08,07,1952,20.0
08,08,1952,20.0
08,09,1952,20.75
08,10,1952,18.0
08,11,1952,19.5
08,12,1952,20.75
08,13,1952,17.25
08,14,1952,19.75
08,15,1952,19.75
08,16,1952,20.25
08,17,1952,21.25
08,18,1952,21.25
08,19,1952,20.75
08,20,1952,21.25
08,21,1952,19.5
08,22,1952,20.0
08,23,1952,20.5
08,24,1952,19.5
08,25,1952,19.5
08,26,1952,19.25
08,27,1952,20.0
08,28,1952,19.5
08,29,1952,19.5
08,30,1952,21.0
08,31,1952,21.5
09,01,1952,22.5
09,02,1952,22.0
09,03,1952,20.5
09,04,1952,20.0
09,05,1952,20.0
09,06,1952,20.5
09,07,1952,20.5
09,08,1952,19.5
09,09,1952,19.5
09,10,1952,20.5
09,11,1952,20.0
09,12,1952,null
09,13,1952,21.25
09,14,1952,19.25
09,15,1952,21.0
09,16,1952,21.0
09,17,1952,16.0
09,18,1952,16.5
09,19,1952,23.25
09,20,1952,20.0
09,21,1952,19.5
09,22,1952,19.75
09,23,1952,18.25
09,24,1952,20.25
09,25,1952,18.75
09,26,1952,19.25
09,27,1952,19.75
09,28,1952,19.75
09,29,1952,17.75
09,30,1952,18.0
10,01,1952,17.5
10,02,1952,17.5
10,03,1952,17.0
10,04,1952,17.5
10,05,1952,17.0
10,06,1952,16.5
10,07,1952,16.5
10,08,1952,17.0
10,09,1952,15.5
10,10,1952,14.0
10,11,1952,13.25
10,12,1952,14.75
10,13,1952,14.5
10,14,1952,14.25
10,15,1952,14.0
10,16,1952,14.5
10,17,1952,14.25
10,18,1952,15.25
10,19,1952,13.25
10,20,1952,14.5
10,21,1952,14.25
10,22,1952,13.25
10,23,1952,13.25
10,24,1952,13.25
10,25,1952,15.0
10,26,1952,13.25
10,27,1952,12.75
10,28,1952,12.25
10,29,1952,12.0
10,30,1952,11.25
10,31,1952,13.0
11,01,1952,13.75
11,02,1952,15.25
11,03,1952,15.5
11,04,1952,16.25
11,05,1952,16.75
11,06,1952,11.0
11,07,1952,17.0
11,08,1952,17.75
11,09,1952,17.0
11,10,1952,17.5
11,11,1952,16.25
11,12,1952,null
11,13,1952,15.0
11,14,1952,13.5
11,15,1952,14.0
11,16,1952,13.0
11,17,1952,null
11,18,1952,14.5
11,19,1952,15.5
11,20,1952,14.5
11,21,1952,13.5
11,22,1952,12.0
11,23,1952,12.25
11,24,1952,null
11,25,1952,12.25
11,26,1952,null
11,27,1952,13.5
11,28,1952,null
11,29,1952,13.25
11,30,1952,12.25
12,01,1952,12.25
12,02,1952,13.4
12,03,1952,11.75
12,04,1952,12.5
12,05,1952,11.0
12,06,1952,10.25
12,07,1952,10.75
12,08,1952,12.75
12,09,1952,13.5
12,10,1952,12.25
12,11,1952,11.7
12,12,1952,12.75
12,13,1952,14.5
12,14,1952,13.75
12,15,1952,13.5
12,16,1952,13.95
12,17,1952,13.5
12,18,1952,10.0
12,19,1952,10.25
12,20,1952,12.0
12,21,1952,11.5
12,22,1952,10.25
12,23,1952,10.25
12,24,1952,11.25
12,25,1952,11.0
12,26,1952,10.1
12,27,1952,13.7
12,28,1952,13.0
12,29,1952,13.25
12,30,1952,14.75
12,31,1952,10.5
01,01,1953,10.5
01,02,1953,10.25
01,03,1953,10.75
01,04,1953,9.25
01,05,1953,10.0
01,06,1953,9.5
01,07,1953,9.25
01,08,1953,11.5
01,09,1953,12.75
01,10,1953,10.5
01,11,1953,11.25
01,12,1953,10.5
01,13,1953,11.25
01,14,1953,12.0
01,15,1953,11.0
01,16,1953,10.25
01,17,1953,10.75
01,18,1953,10.5
01,19,1953,11.0
01,20,1953,11.0
01,21,1953,14.0
01,22,1953,11.0
01,23,1953,12.5
01,24,1953,10.0
01,25,1953,11.0
01,26,1953,10.5
01,27,1953,12.0
01,28,1953,11.5
01,29,1953,11.0
01,30,1953,10.0
01,31,1953,10.5
02,01,1953,11.5
02,02,1953,10.75
02,03,1953,11.0
02,04,1953,12.25
02,05,1953,13.75
02,06,1953,14.25
02,07,1953,15.5
02,08,1953,14.5
02,09,1953,15.0
02,10,1953,15.25
02,11,1953,15.75
02,12,1953,15.75
02,13,1953,17.0
02,14,1953,15.25
02,15,1953,15.5
02,16,1953,14.75
02,17,1953,13.5
02,18,1953,13.25
02,19,1953,13.5
02,20,1953,12.75
02,21,1953,11.25
02,22,1953,10.5
02,23,1953,10.75
02,24,1953,12.5
02,25,1953,15.0
02,26,1953,17.0
02,27,1953,18.5
02,28,1953,16.75
03,01,1953,17.0
03,02,1953,17.0
03,03,1953,15.0
03,04,1953,15.75
03,05,1953,16.25
03,06,1953,16.5
03,07,1953,18.0
03,08,1953,null
03,09,1953,18.5
03,10,1953,19.0
03,11,1953,19.0
03,12,1953,18.5
03,13,1953,18.0
03,14,1953,17.0
03,15,1953,17.0
03,16,1953,18.75
03,17,1953,null
03,18,1953,19.0
03,19,1953,18.75
03,20,1953,17.75
03,21,1953,15.0
03,22,1953,14.5
03,23,1953,14.75
03,24,1953,15.25
03,25,1953,15.75
03,26,1953,17.75
03,27,1953,19.75
03,28,1953,21.0
03,29,1953,14.5
03,30,1953,16.25
03,31,1953,17.5
04,01,1953,18.75
04,02,1953,16.0
04,03,1953,15.5
04,04,1953,15.0
04,05,1953,15.5
04,06,1953,14.0
04,07,1953,15.0
04,08,1953,15.5
04,09,1953,16.0
04,10,1953,18.0
04,11,1953,17.25
04,12,1953,16.0
04,13,1953,18.75
04,14,1953,17.5
04,15,1953,18.25
04,16,1953,20.0
04,17,1953,18.25
04,18,1953,20.0
04,19,1953,19.25
04,20,1953,19.75
04,21,1953,20.75
04,22,1953,18.25
04,23,1953,19.0
04,24,1953,17.5
04,25,1953,16.5
04,26,1953,17.25
04,27,1953,18.25
04,28,1953,18.25
04,29,1953,16.25
04,30,1953,18.75
05,01,1953,19.0
05,02,1953,18.75
05,03,1953,19.25
05,04,1953,18.25
05,05,1953,17.25
05,06,1953,16.25
05,07,1953,17.5
05,08,1953,18.0
05,09,1953,17.75
05,10,1953,18.5
05,11,1953,19.5
05,12,1953,16.5
05,13,1953,16.0
05,14,1953,18.25
05,15,1953,16.25
05,16,1953,18.75
05,17,1953,16.5
05,18,1953,17.25
05,19,1953,19.5
05,20,1953,21.25
05,21,1953,22.25
05,22,1953,25.5
05,23,1953,23.25
05,24,1953,22.75
05,25,1953,20.5
05,26,1953,22.5
05,27,1953,23.5
05,28,1953,24.0
05,29,1953,24.25
05,30,1953,22.5
05,31,1953,22.5
06,01,1953,21.75
06,02,1953,22.75
06,03,1953,24.0
06,04,1953,21.75
06,05,1953,24.5
06,06,1953,23.25
06,07,1953,23.5
06,08,1953,25.75
06,09,1953,23.5
06,10,1953,22.0
06,11,1953,21.75
06,12,1953,22.0
06,13,1953,21.75
06,14,1953,21.25
06,15,1953,21.75
06,16,1953,20.5
06,17,1953,23.0
06,18,1953,20.0
06,19,1953,22.5
06,20,1953,22.0
06,21,1953,24.25
06,22,1953,23.75
06,23,1953,23.25
06,24,1953,23.0
06,25,1953,19.75
06,26,1953,19.75
06,27,1953,18.75
06,28,1953,20.75
06,29,1953,22.0
06,30,1953,20.5
07,01,1953,null
07,02,1953,21.25
07,03,1953,21.75
07,04,1953,22.25
07,05,1953,19.25
07,06,1953,19.25
07,07,1953,20.0
07,08,1953,21.5
07,09,1953,21.0
07,10,1953,20.5
07,11,1953,18.0
07,12,1953,21.75
07,13,1953,21.25
07,14,1953,18.75
07,15,1953,20.25
07,16,1953,20.75
07,17,1953,17.5
07,18,1953,19.5
07,19,1953,21.0
07,20,1953,20.5
07,21,1953,22.0
07,22,1953,21.0
07,23,1953,21.5
07,24,1953,20.5
07,25,1953,21.0
07,26,1953,21.5
07,27,1953,21.0
07,28,1953,20.75
07,29,1953,19.75
07,30,1953,20.25
07,31,1953,21.0
08,01,1953,20.5
08,02,1953,21.0
08,03,1953,20.75
08,04,1953,17.5
08,05,1953,19.75
08,06,1953,20.75
08,07,1953,21.25
08,08,1953,18.0
08,09,1953,19.5
08,10,1953,20.75
08,11,1953,21.5
08,12,1953,18.25
08,13,1953,19.5
08,14,1953,20.5
08,15,1953,20.0
08,16,1953,19.5
08,17,1953,18.75
08,18,1953,20.0
08,19,1953,18.75
08,20,1953,20.75
08,21,1953,20.75
08,22,1953,21.75
08,23,1953,18.25
08,24,1953,18.75
08,25,1953,19.5
08,26,1953,20.5
08,27,1953,19.5
08,28,1953,19.25
08,29,1953,19.0
08,30,1953,21.75
08,31,1953,18.0
09,01,1953,19.5
09,02,1953,18.75
09,03,1953,18.5
09,04,1953,18.5
09,05,1953,18.0
09,06,1953,18.25
09,07,1953,19.5
09,08,1953,19.5
09,09,1953,16.75
09,10,1953,16.75
09,11,1953,17.0
09,12,1953,18.0
09,13,1953,17.25
09,14,1953,16.5
09,15,1953,17.5
09,16,1953,18.75
09,17,1953,17.5
09,18,1953,19.5
09,19,1953,18.0
09,20,1953,18.75
09,21,1953,18.0
09,22,1953,17.75
09,23,1953,16.0
09,24,1953,17.0
09,25,1953,16.0
09,26,1953,16.0
09,27,1953,16.5
09,28,1953,16.5
09,29,1953,16.25
09,30,1953,16.75
10,01,1953,17.5
10,02,1953,17.75
10,03,1953,19.5
10,04,1953,20.0
10,05,1953,20.0
10,06,1953,19.5
10,07,1953,19.0
10,08,1953,17.0
10,09,1953,18.5
10,10,1953,20.0
10,11,1953,18.0
10,12,1953,14.0
10,13,1953,16.25
10,14,1953,15.5
10,15,1953,15.5
10,16,1953,null
10,17,1953,18.5
10,18,1953,16.0
10,19,1953,16.5
10,20,1953,17.25
10,21,1953,17.75
10,22,1953,16.5
10,23,1953,19.0
10,24,1953,18.5
10,25,1953,18.0
10,26,1953,17.0
10,27,1953,16.0
10,28,1953,17.5
10,29,1953,18.0
10,30,1953,17.0
10,31,1953,17.5
11,01,1953,16.0
11,02,1953,null
11,03,1953,16.0
11,04,1953,14.5
11,05,1953,14.0
11,06,1953,14.5
11,07,1953,15.25
11,08,1953,14.5
11,09,1953,15.0
11,10,1953,14.0
11,11,1953,11.25
11,12,1953,10.5
11,13,1953,10.5
11,14,1953,9.5
11,15,1953,10.75
11,16,1953,10.75
11,17,1953,12.0
11,18,1953,12.5
11,19,1953,13.5
11,20,1953,14.5
11,21,1953,11.5
11,22,1953,10.5
11,23,1953,12.0
11,24,1953,12.5
11,25,1953,10.0
11,26,1953,12.0
11,27,1953,12.0
11,28,1953,12.0
11,29,1953,12.5
11,30,1953,12.0
12,01,1953,12.25
12,02,1953,12.0
12,03,1953,10.75
12,04,1953,11.25
12,05,1953,10.0
12,06,1953,11.75
12,07,1953,11.75
12,08,1953,14.0
12,09,1953,14.75
12,10,1953,14.0
12,11,1953,14.25
12,12,1953,10.25
12,13,1953,8.75
12,14,1953,7.5
12,15,1953,8.25
12,16,1953,8.75
12,17,1953,9.5
12,18,1953,9.0
12,19,1953,10.5
12,20,1953,8.75
12,21,1953,9.0
12,22,1953,9.75
12,23,1953,9.5
12,24,1953,9.5
12,25,1953,9.25
12,26,1953,11.0
12,27,1953,14.25
12,28,1953,10.25
12,29,1953,11.5
12,30,1953,12.0
12,31,1953,13.0
01,01,1954,12.0
01,02,1954,null
01,03,1954,13.5
01,04,1954,14.75
01,05,1954,15.25
01,06,1954,14.5
01,07,1954,15.0
01,08,1954,13.0
01,09,1954,11.5
01,10,1954,10.25
01,11,1954,12.0
01,12,1954,10.75
01,13,1954,10.25
01,14,1954,11.5
01,15,1954,11.5
01,16,1954,12.25
01,17,1954,13.5
01,18,1954,13.25
01,19,1954,12.75
01,20,1954,12.5
01,21,1954,12.5
01,22,1954,13.0
01,23,1954,13.25
01,24,1954,13.75
01,25,1954,13.0
01,26,1954,15.25
01,27,1954,15.75
01,28,1954,15.5
01,29,1954,15.25
01,30,1954,14.5
01,31,1954,14.0
02,01,1954,14.25
02,02,1954,14.75
02,03,1954,14.75
02,04,1954,13.75
02,05,1954,15.0
02,06,1954,11.25
02,07,1954,14.0
02,08,1954,12.0
02,09,1954,12.5
02,10,1954,13.75
02,11,1954,13.75
02,12,1954,15.0
02,13,1954,15.75
02,14,1954,16.75
02,15,1954,16.25
02,16,1954,16.0
02,17,1954,15.5
02,18,1954,14.75
02,19,1954,16.0
02,20,1954,13.0
02,21,1954,12.0
02,22,1954,11.75
02,23,1954,13.0
02,24,1954,12.75
02,25,1954,13.5
02,26,1954,12.25
02,27,1954,13.75
02,28,1954,13.5
03,01,1954,14.5
03,02,1954,13.5
03,03,1954,14.5
03,04,1954,15.75
03,05,1954,15.75
03,06,1954,17.25
03,07,1954,16.5
03,08,1954,16.0
03,09,1954,13.75
03,10,1954,14.25
03,11,1954,14.25
03,12,1954,15.0
03,13,1954,13.75
03,14,1954,13.75
03,15,1954,15.0
03,16,1954,17.0
03,17,1954,15.75
03,18,1954,15.5
03,19,1954,16.5
03,20,1954,15.0
03,21,1954,16.25
03,22,1954,19.5
03,23,1954,19.5
03,24,1954,19.75
03,25,1954,16.5
03,26,1954,17.5
03,27,1954,17.5
03,28,1954,17.0
03,29,1954,19.0
03,30,1954,18.5
03,31,1954,19.25
04,01,1954,20.25
04,02,1954,20.5
04,03,1954,21.25
04,04,1954,21.5
04,05,1954,22.5
04,06,1954,21.0
04,07,1954,21.5
04,08,1954,22.0
04,09,1954,20.0
04,10,1954,17.5
04,11,1954,18.75
04,12,1954,null
04,13,1954,17.5
04,14,1954,18.75
04,15,1954,18.0
04,16,1954,17.5
04,17,1954,17.5
04,18,1954,17.5
04,19,1954,16.75
04,20,1954,19.25
04,21,1954,16.75
04,22,1954,17.5
04,23,1954,18.0
04,24,1954,19.25
04,25,1954,19.25
04,26,1954,16.75
04,27,1954,19.75
04,28,1954,20.0
04,29,1954,18.5
04,30,1954,18.25
05,01,1954,18.25
05,02,1954,17.0
05,03,1954,18.75
05,04,1954,17.5
05,05,1954,21.0
05,06,1954,23.0
05,07,1954,23.0
05,08,1954,22.25
05,09,1954,20.5
05,10,1954,19.0
05,11,1954,22.0
05,12,1954,21.75
05,13,1954,21.75
05,14,1954,18.75
05,15,1954,19.5
05,16,1954,19.75
05,17,1954,20.0
05,18,1954,21.5
05,19,1954,19.0
05,20,1954,20.5
05,21,1954,21.75
05,22,1954,21.5
05,23,1954,20.5
05,24,1954,20.0
05,25,1954,19.5
05,26,1954,22.5
05,27,1954,21.25
05,28,1954,21.5
05,29,1954,20.0
05,30,1954,23.5
05,31,1954,24.0
06,01,1954,25.0
06,02,1954,23.75
06,03,1954,25.25
06,04,1954,23.25
06,05,1954,24.25
06,06,1954,21.0
06,07,1954,19.0
06,08,1954,19.25
06,09,1954,22.0
06,10,1954,24.0
06,11,1954,22.25
06,12,1954,21.5
06,13,1954,21.0
06,14,1954,20.0
06,15,1954,21.5
06,16,1954,22.0
06,17,1954,20.25
06,18,1954,21.75
06,19,1954,22.5
06,20,1954,22.25
06,21,1954,21.75
06,22,1954,22.0
06,23,1954,20.5
06,24,1954,20.5
06,25,1954,21.5
06,26,1954,19.5
06,27,1954,20.5
06,28,1954,19.0
06,29,1954,19.0
06,30,1954,20.5
07,01,1954,20.75
07,02,1954,19.75
07,03,1954,19.25
07,04,1954,17.5
07,05,1954,20.5
07,06,1954,18.75
07,07,1954,20.0
07,08,1954,18.25
07,09,1954,17.5
07,10,1954,17.75
07,11,1954,17.0
07,12,1954,17.75
07,13,1954,19.25
07,14,1954,18.5
07,15,1954,20.5
07,16,1954,19.0
07,17,1954,15.0
07,18,1954,16.5
07,19,1954,18.0
07,20,1954,19.5
07,21,1954,20.0
07,22,1954,17.75
07,23,1954,17.3
07,24,1954,18.0
07,25,1954,20.0
07,26,1954,19.0
07,27,1954,19.0
07,28,1954,18.0
07,29,1954,18.0
07,30,1954,18.75
07,31,1954,19.5
08,01,1954,20.75
08,02,1954,18.0
08,03,1954,19.0
08,04,1954,17.75
08,05,1954,18.25
08,06,1954,19.0
08,07,1954,18.5
08,08,1954,20.0
08,09,1954,21.25
08,10,1954,21.0
08,11,1954,22.5
08,12,1954,20.25
08,13,1954,21.0
08,14,1954,19.0
08,15,1954,21.25
08,16,1954,17.25
08,17,1954,19.25
08,18,1954,18.25
08,19,1954,18.0
08,20,1954,18.0
08,21,1954,18.0
08,22,1954,17.0
08,23,1954,17.25
08,24,1954,18.25
08,25,1954,18.25
08,26,1954,15.5
08,27,1954,19.0
08,28,1954,19.0
08,29,1954,20.75
08,30,1954,18.5
08,31,1954,19.25
09,01,1954,18.5
09,02,1954,19.25
09,03,1954,18.0
09,04,1954,18.0
09,05,1954,18.75
09,06,1954,17.0
09,07,1954,19.0
09,08,1954,20.5
09,09,1954,20.0
09,10,1954,19.25
09,11,1954,20.0
09,12,1954,21.75
09,13,1954,21.75
09,14,1954,19.75
09,15,1954,20.0
09,16,1954,21.75
09,17,1954,18.75
09,18,1954,18.5
09,19,1954,16.0
09,20,1954,20.5
09,21,1954,19.0
09,22,1954,21.0
09,23,1954,19.5
09,24,1954,19.75
09,25,1954,19.0
09,26,1954,19.0
09,27,1954,19.5
09,28,1954,19.5
09,29,1954,19.0
09,30,1954,18.0
10,01,1954,16.5
10,02,1954,17.5
10,03,1954,20.0
10,04,1954,18.75
10,05,1954,17.0
10,06,1954,17.0
10,07,1954,18.25
10,08,1954,18.0
10,09,1954,19.0
10,10,1954,19.75
10,11,1954,17.75
10,12,1954,19.0
10,13,1954,16.25
10,14,1954,17.0
10,15,1954,20.0
10,16,1954,18.25
10,17,1954,15.75
10,18,1954,16.5
10,19,1954,16.5
10,20,1954,14.75
10,21,1954,13.0
10,22,1954,16.75
10,23,1954,17.75
10,24,1954,15.5
10,25,1954,17.0
10,26,1954,17.25
10,27,1954,17.25
10,28,1954,15.5
10,29,1954,16.75
10,30,1954,17.75
10,31,1954,17.25
11,01,1954,16.25
11,02,1954,17.0
11,03,1954,17.0
11,04,1954,null
11,05,1954,14.5
11,06,1954,15.25
11,07,1954,13.75
11,08,1954,15.75
11,09,1954,15.5
11,10,1954,14.25
11,11,1954,14.0
11,12,1954,12.0
11,13,1954,10.25
11,14,1954,12.0
11,15,1954,11.75
11,16,1954,13.75
11,17,1954,11.5
11,18,1954,13.5
11,19,1954,12.75
11,20,1954,13.0
11,21,1954,14.75
11,22,1954,12.5
11,23,1954,12.5
11,24,1954,10.5
11,25,1954,11.25
11,26,1954,11.25
11,27,1954,13.0
11,28,1954,11.25
11,29,1954,13.5
11,30,1954,13.25
12,01,1954,12.75
12,02,1954,15.5
12,03,1954,13.75
12,04,1954,15.0
12,05,1954,15.5
12,06,1954,15.5
12,07,1954,15.5
12,08,1954,12.5
12,09,1954,13.0
12,10,1954,13.25
12,11,1954,12.0
12,12,1954,12.75
12,13,1954,11.0
12,14,1954,11.85
12,15,1954,11.5
12,16,1954,11.0
12,17,1954,15.5
12,18,1954,12.75
12,19,1954,12.5
12,20,1954,11.5
12,21,1954,10.5
12,22,1954,9.0
12,23,1954,10.25
12,24,1954,14.0
12,25,1954,12.5
12,26,1954,14.0
12,27,1954,10.7
12,28,1954,10.95
12,29,1954,10.0
12,30,1954,9.0
12,31,1954,10.0
01,01,1955,null
01,02,1955,13.25
01,03,1955,13.75
01,04,1955,13.0
01,05,1955,12.5
01,06,1955,11.75
01,07,1955,13.5
01,08,1955,13.5
01,09,1955,13.5
01,10,1955,10.0
01,11,1955,9.25
01,12,1955,null
01,13,1955,null
01,14,1955,14.5
01,15,1955,11.5
01,16,1955,11.75
01,17,1955,10.0
01,18,1955,8.25
01,19,1955,10.25
01,20,1955,9.75
01,21,1955,10.25
01,22,1955,null
01,23,1955,7.75
01,24,1955,null
01,25,1955,6.5
01,26,1955,null
01,27,1955,11.25
01,28,1955,12.5
01,29,1955,null
01,30,1955,11.0
01,31,1955,10.75
02,01,1955,11.0
02,02,1955,12.5
02,03,1955,12.5
02,04,1955,11.5
02,05,1955,11.75
02,06,1955,null
02,07,1955,8.0
02,08,1955,7.5
02,09,1955,null
02,10,1955,12.0
02,11,1955,12.0
02,12,1955,12.5
02,13,1955,13.0
02,14,1955,12.5
02,15,1955,null
02,16,1955,14.0
02,17,1955,12.5
02,18,1955,14.75
02,19,1955,14.5
02,20,1955,14.0
02,21,1955,14.0
02,22,1955,13.5
02,23,1955,13.5
02,24,1955,12.5
02,25,1955,13.0
02,26,1955,null
02,27,1955,null
02,28,1955,17.75
03,01,1955,17.25
03,02,1955,18.75
03,03,1955,17.75
03,04,1955,17.25
03,05,1955,16.5
03,06,1955,17.75
03,07,1955,18.5
03,08,1955,18.5
03,09,1955,18.75
03,10,1955,19.75
03,11,1955,19.0
03,12,1955,20.0
03,13,1955,18.5
03,14,1955,17.25
03,15,1955,16.5
03,16,1955,16.5
03,17,1955,null
03,18,1955,18.0
03,19,1955,17.0
03,20,1955,16.5
03,21,1955,16.75
03,22,1955,16.25
03,23,1955,16.5
03,24,1955,14.5
03,25,1955,15.0
03,26,1955,15.75
03,27,1955,16.5
03,28,1955,16.0
03,29,1955,13.0
03,30,1955,13.75
03,31,1955,15.0
04,01,1955,14.5
04,02,1955,16.75
04,03,1955,16.0
04,04,1955,15.25
04,05,1955,14.0
04,06,1955,16.25
04,07,1955,18.25
04,08,1955,17.5
04,09,1955,17.75
04,10,1955,17.25
04,11,1955,16.25
04,12,1955,15.25
04,13,1955,15.75
04,14,1955,null
04,15,1955,20.25
04,16,1955,18.5
04,17,1955,19.5
04,18,1955,22.0
04,19,1955,20.0
04,20,1955,20.0
04,21,1955,18.75
04,22,1955,20.5
04,23,1955,23.0
04,24,1955,23.0
04,25,1955,18.5
04,26,1955,20.75
04,27,1955,20.75
04,28,1955,19.3
04,29,1955,20.0
04,30,1955,20.5
05,01,1955,19.75
05,02,1955,null
05,03,1955,null
05,04,1955,null
05,05,1955,null
05,06,1955,null
05,07,1955,null
05,08,1955,null
05,09,1955,null
05,10,1955,null
05,11,1955,null
05,12,1955,null
05,13,1955,null
05,14,1955,null
05,15,1955,null
05,16,1955,null
05,17,1955,null
05,18,1955,null
05,19,1955,null
05,20,1955,null
05,21,1955,null
05,22,1955,null
05,23,1955,null
05,24,1955,null
05,25,1955,null
05,26,1955,null
05,27,1955,null
05,28,1955,null
05,29,1955,null
05,30,1955,null
05,31,1955,null
06,01,1955,null
06,02,1955,null
06,03,1955,null
06,04,1955,null
06,05,1955,null
06,06,1955,null
06,07,1955,null
06,08,1955,null
06,09,1955,null
06,10,1955,null
06,11,1955,null
06,12,1955,null
06,13,1955,null
06,14,1955,null
06,15,1955,null
06,16,1955,null
06,17,1955,null
06,18,1955,null
06,19,1955,null
06,20,1955,null
06,21,1955,null
06,22,1955,null
06,23,1955,null
06,24,1955,null
06,25,1955,null
06,26,1955,null
06,27,1955,null
06,28,1955,null
06,29,1955,null
06,30,1955,null
07,01,1955,null
07,02,1955,null
07,03,1955,null
07,04,1955,null
07,05,1955,null
07,06,1955,null
07,07,1955,null
07,08,1955,null
07,09,1955,null
07,10,1955,null
07,11,1955,null
07,12,1955,null
07,13,1955,null
07,14,1955,null
07,15,1955,null
07,16,1955,null
07,17,1955,null
07,18,1955,null
07,19,1955,null
07,20,1955,null
07,21,1955,null
07,22,1955,null
07,23,1955,null
07,24,1955,null
07,25,1955,null
07,26,1955,null
07,27,1955,null
07,28,1955,null
07,29,1955,null
07,30,1955,null
07,31,1955,null
08,01,1955,null
08,02,1955,null
08,03,1955,null
08,04,1955,null
08,05,1955,null
08,06,1955,null
08,07,1955,null
08,08,1955,null
08,09,1955,null
08,10,1955,null
08,11,1955,null
08,12,1955,null
08,13,1955,null
08,14,1955,null
08,15,1955,null
08,16,1955,null
08,17,1955,null
08,18,1955,null
08,19,1955,null
08,20,1955,null
08,21,1955,null
08,22,1955,null
08,23,1955,null
08,24,1955,null
08,25,1955,null
08,26,1955,null
08,27,1955,null
08,28,1955,null
08,29,1955,null
08,30,1955,null
08,31,1955,null
09,01,1955,null
09,02,1955,null
09,03,1955,null
09,04,1955,null
09,05,1955,null
09,06,1955,null
09,07,1955,null
09,08,1955,null
09,09,1955,null
09,10,1955,null
09,11,1955,null
09,12,1955,null
09,13,1955,null
09,14,1955,null
09,15,1955,null
09,16,1955,null
09,17,1955,null
09,18,1955,null
09,19,1955,null
09,20,1955,null
09,21,1955,null
09,22,1955,null
09,23,1955,null
09,24,1955,null
09,25,1955,null
09,26,1955,null
09,27,1955,null
09,28,1955,null
09,29,1955,null
09,30,1955,null
10,01,1955,null
10,02,1955,18.5
10,03,1955,18.25
10,04,1955,18.75
10,05,1955,17.5
10,06,1955,20.75
10,07,1955,18.5
10,08,1955,18.25
10,09,1955,15.5
10,10,1955,15.25
10,11,1955,16.5
10,12,1955,17.5
10,13,1955,18.5
10,14,1955,19.5
10,15,1955,16.5
10,16,1955,16.25
10,17,1955,null
10,18,1955,14.75
10,19,1955,12.25
10,20,1955,11.5
10,21,1955,12.5
10,22,1955,13.0
10,23,1955,13.0
10,24,1955,14.25
10,25,1955,12.0
10,26,1955,15.5
10,27,1955,16.0
10,28,1955,16.25
10,29,1955,15.0
10,30,1955,15.0
10,31,1955,14.25
11,01,1955,15.25
11,02,1955,null
11,03,1955,null
11,04,1955,null
11,05,1955,null
11,06,1955,null
11,07,1955,null
11,08,1955,null
11,09,1955,null
11,10,1955,null
11,11,1955,null
11,12,1955,null
11,13,1955,null
11,14,1955,null
11,15,1955,null
11,16,1955,null
11,17,1955,null
11,18,1955,null
11,19,1955,null
11,20,1955,null
11,21,1955,null
11,22,1955,null
11,23,1955,null
11,24,1955,null
11,25,1955,null
11,26,1955,null
11,27,1955,null
11,28,1955,null
11,29,1955,null
11,30,1955,null
12,01,1955,null
12,02,1955,null
12,03,1955,null
12,04,1955,null
12,05,1955,null
12,06,1955,null
12,07,1955,null
12,08,1955,null
12,09,1955,null
12,10,1955,null
12,11,1955,null
12,12,1955,null
12,13,1955,null
12,14,1955,null
12,15,1955,null
12,16,1955,null
12,17,1955,null
12,18,1955,null
12,19,1955,null
12,20,1955,null
12,21,1955,null
12,22,1955,null
12,23,1955,null
12,24,1955,null
12,25,1955,null
12,26,1955,null
12,27,1955,null
12,28,1955,null
12,29,1955,null
12,30,1955,null
12,31,1955,null
01,01,1956,null
01,02,1956,null
01,03,1956,null
01,04,1956,null
01,05,1956,null
01,06,1956,null
01,07,1956,null
01,08,1956,null
01,09,1956,null
01,10,1956,null
01,11,1956,null
01,12,1956,null
01,13,1956,null
01,14,1956,null
01,15,1956,null
01,16,1956,null
01,17,1956,null
01,18,1956,null
01,19,1956,null
01,20,1956,null
01,21,1956,null
01,22,1956,null
01,23,1956,null
01,24,1956,null
01,25,1956,null
01,26,1956,null
01,27,1956,null
01,28,1956,null
01,29,1956,null
01,30,1956,null
01,31,1956,null
02,01,1956,null
02,02,1956,null
02,03,1956,null
02,04,1956,null
02,05,1956,null
02,06,1956,null
02,07,1956,null
02,08,1956,null
02,09,1956,null
02,10,1956,null
02,11,1956,null
02,12,1956,null
02,13,1956,null
02,14,1956,null
02,15,1956,null
02,16,1956,null
02,17,1956,null
02,18,1956,null
02,19,1956,null
02,20,1956,null
02,21,1956,null
02,22,1956,null
02,23,1956,null
02,24,1956,null
02,25,1956,null
02,26,1956,null
02,27,1956,null
02,28,1956,null
02,29,1956,null
03,01,1956,null
03,02,1956,16.75
03,03,1956,16.5
03,04,1956,17.25
03,05,1956,17.25
03,06,1956,17.0
03,07,1956,14.75
03,08,1956,13.75
03,09,1956,14.75
03,10,1956,15.8
03,11,1956,15.0
03,12,1956,15.75
03,13,1956,15.5
03,14,1956,14.0
03,15,1956,12.25
03,16,1956,14.0
03,17,1956,16.5
03,18,1956,18.25
03,19,1956,19.75
03,20,1956,17.75
03,21,1956,15.25
03,22,1956,15.0
03,23,1956,15.75
03,24,1956,16.25
03,25,1956,16.25
03,26,1956,16.5
03,27,1956,16.5
03,28,1956,16.0
03,29,1956,15.5
03,30,1956,16.75
03,31,1956,18.0
04,01,1956,18.25
04,02,1956,18.75
04,03,1956,16.0
04,04,1956,14.25
04,05,1956,16.25
04,06,1956,17.5
04,07,1956,16.75
04,08,1956,18.75
04,09,1956,18.75
04,10,1956,16.75
04,11,1956,17.0
04,12,1956,17.5
04,13,1956,17.5
04,14,1956,19.0
04,15,1956,17.5
04,16,1956,16.0
04,17,1956,15.5
04,18,1956,17.75
04,19,1956,16.75
04,20,1956,17.5
04,21,1956,19.0
04,22,1956,18.75
04,23,1956,14.75
04,24,1956,15.0
04,25,1956,16.5
04,26,1956,19.0
04,27,1956,20.5
04,28,1956,20.5
04,29,1956,22.0
04,30,1956,20.5
05,01,1956,20.0
05,02,1956,20.0
05,03,1956,19.25
05,04,1956,21.0
05,05,1956,19.25
05,06,1956,18.25
05,07,1956,20.25
05,08,1956,23.0
05,09,1956,23.25
05,10,1956,21.25
05,11,1956,20.75
05,12,1956,22.5
05,13,1956,22.75
05,14,1956,20.5
05,15,1956,20.0
05,16,1956,21.5
05,17,1956,19.0
05,18,1956,17.0
05,19,1956,18.25
05,20,1956,21.0
05,21,1956,21.25
05,22,1956,19.25
05,23,1956,21.0
05,24,1956,18.5
05,25,1956,19.5
05,26,1956,23.75
05,27,1956,19.5
05,28,1956,19.0
05,29,1956,18.25
05,30,1956,20.25
05,31,1956,20.75
06,01,1956,18.75
06,02,1956,20.0
06,03,1956,20.25
06,04,1956,19.5
06,05,1956,20.0
06,06,1956,21.75
06,07,1956,22.75
06,08,1956,23.0
06,09,1956,21.0
06,10,1956,22.0
06,11,1956,22.0
06,12,1956,20.0
06,13,1956,20.0
06,14,1956,20.75
06,15,1956,19.5
06,16,1956,null
06,17,1956,21.25
06,18,1956,19.0
06,19,1956,19.0
06,20,1956,17.0
06,21,1956,21.25
06,22,1956,17.5
06,23,1956,18.25
06,24,1956,21.0
06,25,1956,17.0
06,26,1956,19.0
06,27,1956,19.0
06,28,1956,18.5
06,29,1956,19.5
06,30,1956,19.0
07,01,1956,17.0
07,02,1956,18.0
07,03,1956,20.0
07,04,1956,18.5
07,05,1956,20.0
07,06,1956,18.8
07,07,1956,19.75
07,08,1956,20.75
07,09,1956,17.0
07,10,1956,20.5
07,11,1956,17.0
07,12,1956,18.25
07,13,1956,17.0
07,14,1956,17.0
07,15,1956,17.0
07,16,1956,17.0
07,17,1956,20.0
07,18,1956,16.75
07,19,1956,17.25
07,20,1956,19.75
07,21,1956,19.5
07,22,1956,18.5
07,23,1956,15.5
07,24,1956,15.25
07,25,1956,14.25
07,26,1956,17.75
07,27,1956,17.3
07,28,1956,18.25
07,29,1956,17.5
07,30,1956,18.0
07,31,1956,18.5
08,01,1956,18.0
08,02,1956,18.75
08,03,1956,17.25
08,04,1956,17.75
08,05,1956,18.25
08,06,1956,17.75
08,07,1956,18.5
08,08,1956,17.75
08,09,1956,19.25
08,10,1956,18.5
08,11,1956,18.25
08,12,1956,19.0
08,13,1956,20.5
08,14,1956,20.25
08,15,1956,19.0
08,16,1956,19.5
08,17,1956,17.0
08,18,1956,18.5
08,19,1956,20.5
08,20,1956,19.0
08,21,1956,19.0
08,22,1956,19.0
08,23,1956,18.5
08,24,1956,21.75
08,25,1956,17.25
08,26,1956,14.75
08,27,1956,17.5
08,28,1956,16.75
08,29,1956,16.0
08,30,1956,17.0
08,31,1956,18.5
09,01,1956,18.0
09,02,1956,17.5
09,03,1956,19.5
09,04,1956,17.25
09,05,1956,17.5
09,06,1956,18.5
09,07,1956,19.75
09,08,1956,18.25
09,09,1956,18.5
09,10,1956,17.0
09,11,1956,18.0
09,12,1956,18.5
09,13,1956,18.0
09,14,1956,18.5
09,15,1956,19.75
09,16,1956,17.0
09,17,1956,18.25
09,18,1956,16.75
09,19,1956,17.25
09,20,1956,18.5
09,21,1956,16.75
09,22,1956,17.0
09,23,1956,18.0
09,24,1956,17.5
09,25,1956,16.75
09,26,1956,18.0
09,27,1956,18.0
09,28,1956,17.0
09,29,1956,16.5
09,30,1956,14.0
10,01,1956,14.0
10,02,1956,15.0
10,03,1956,15.5
10,04,1956,16.75
10,05,1956,18.25
10,06,1956,17.5
10,07,1956,16.5
10,08,1956,16.75
10,09,1956,16.0
10,10,1956,16.25
10,11,1956,16.0
10,12,1956,15.75
10,13,1956,16.0
10,14,1956,17.5
10,15,1956,17.0
10,16,1956,14.25
10,17,1956,16.25
10,18,1956,19.0
10,19,1956,16.5
10,20,1956,15.0
10,21,1956,17.0
10,22,1956,15.5
10,23,1956,14.0
10,24,1956,15.5
10,25,1956,16.0
10,26,1956,16.0
10,27,1956,15.5
10,28,1956,17.25
10,29,1956,17.75
10,30,1956,16.0
10,31,1956,15.5
11,01,1956,15.0
11,02,1956,14.5
11,03,1956,14.75
11,04,1956,14.0
11,05,1956,15.5
11,06,1956,15.75
11,07,1956,16.5
11,08,1956,14.75
11,09,1956,17.0
11,10,1956,15.0
11,11,1956,13.5
11,12,1956,14.5
11,13,1956,14.5
11,14,1956,13.0
11,15,1956,13.0
11,16,1956,14.0
11,17,1956,14.5
11,18,1956,15.5
11,19,1956,17.25
11,20,1956,15.5
11,21,1956,17.25
11,22,1956,15.0
11,23,1956,13.25
11,24,1956,16.75
11,25,1956,13.0
11,26,1956,14.0
11,27,1956,13.0
11,28,1956,10.25
11,29,1956,9.5
11,30,1956,null
12,01,1956,10.0
12,02,1956,10.75
12,03,1956,10.5
12,04,1956,10.75
12,05,1956,12.75
12,06,1956,13.25
12,07,1956,14.25
12,08,1956,13.25
12,09,1956,15.0
12,10,1956,12.75
12,11,1956,13.5
12,12,1956,12.5
12,13,1956,10.0
12,14,1956,9.75
12,15,1956,10.0
12,16,1956,10.75
12,17,1956,11.0
12,18,1956,10.0
12,19,1956,13.5
12,20,1956,12.5
12,21,1956,11.75
12,22,1956,11.5
12,23,1956,12.75
12,24,1956,13.5
12,25,1956,15.0
12,26,1956,13.75
12,27,1956,14.0
12,28,1956,11.75
12,29,1956,11.0
12,30,1956,12.0
12,31,1956,11.75
01,01,1957,12.75
01,02,1957,null
01,03,1957,null
01,04,1957,null
01,05,1957,null
01,06,1957,null
01,07,1957,null
01,08,1957,null
01,09,1957,null
01,10,1957,null
01,11,1957,null
01,12,1957,null
01,13,1957,null
01,14,1957,null
01,15,1957,null
01,16,1957,null
01,17,1957,null
01,18,1957,null
01,19,1957,null
01,20,1957,null
01,21,1957,null
01,22,1957,null
01,23,1957,null
01,24,1957,null
01,25,1957,null
01,26,1957,null
01,27,1957,null
01,28,1957,null
01,29,1957,null
01,30,1957,null
01,31,1957,null
02,01,1957,null
02,02,1957,17.0
02,03,1957,15.75
02,04,1957,15.25
02,05,1957,16.0
02,06,1957,16.0
02,07,1957,15.5
02,08,1957,16.5
02,09,1957,16.5
02,10,1957,16.25
02,11,1957,15.75
02,12,1957,14.0
02,13,1957,14.75
02,14,1957,15.0
02,15,1957,15.5
02,16,1957,15.25
02,17,1957,null
02,18,1957,12.0
02,19,1957,11.0
02,20,1957,13.25
02,21,1957,13.5
02,22,1957,14.75
02,23,1957,15.75
02,24,1957,14.25
02,25,1957,14.75
02,26,1957,14.5
02,27,1957,10.5
02,28,1957,12.0
03,01,1957,12.0
03,02,1957,12.25
03,03,1957,12.0
03,04,1957,10.25
03,05,1957,11.75
03,06,1957,11.25
03,07,1957,11.0
03,08,1957,null
03,09,1957,14.5
03,10,1957,null
03,11,1957,9.5
03,12,1957,null
03,13,1957,10.5
03,14,1957,11.5
03,15,1957,13.0
03,16,1957,14.25
03,17,1957,16.0
03,18,1957,16.0
03,19,1957,13.75
03,20,1957,16.0
03,21,1957,null
03,22,1957,13.5
03,23,1957,14.5
03,24,1957,11.25
03,25,1957,9.5
03,26,1957,9.25
03,27,1957,12.0
03,28,1957,9.5
03,29,1957,11.0
03,30,1957,null
03,31,1957,15.75
04,01,1957,15.0
04,02,1957,null
04,03,1957,null
04,04,1957,null
04,05,1957,null
04,06,1957,null
04,07,1957,null
04,08,1957,null
04,09,1957,null
04,10,1957,null
04,11,1957,null
04,12,1957,null
04,13,1957,null
04,14,1957,null
04,15,1957,null
04,16,1957,null
04,17,1957,null
04,18,1957,null
04,19,1957,null
04,20,1957,null
04,21,1957,null
04,22,1957,null
04,23,1957,null
04,24,1957,null
04,25,1957,null
04,26,1957,null
04,27,1957,null
04,28,1957,null
04,29,1957,null
04,30,1957,null
05,01,1957,null
05,02,1957,19.0
05,03,1957,18.5
05,04,1957,18.5
05,05,1957,18.5
05,06,1957,20.5
05,07,1957,20.0
05,08,1957,17.75
05,09,1957,16.25
05,10,1957,null
05,11,1957,17.25
05,12,1957,18.0
05,13,1957,18.5
05,14,1957,17.5
05,15,1957,18.0
05,16,1957,18.25
05,17,1957,17.75
05,18,1957,17.5
05,19,1957,17.5
05,20,1957,18.5
05,21,1957,18.75
05,22,1957,19.0
05,23,1957,18.5
05,24,1957,18.5
05,25,1957,22.0
05,26,1957,23.0
05,27,1957,21.0
05,28,1957,24.75
05,29,1957,24.0
05,30,1957,25.75
05,31,1957,22.0
06,01,1957,22.5
06,02,1957,21.0
06,03,1957,21.5
06,04,1957,22.25
06,05,1957,21.75
06,06,1957,21.0
06,07,1957,21.5
06,08,1957,20.25
06,09,1957,22.5
06,10,1957,21.75
06,11,1957,25.0
06,12,1957,24.75
06,13,1957,26.5
06,14,1957,27.0
06,15,1957,25.0
06,16,1957,25.0
06,17,1957,25.0
06,18,1957,22.5
06,19,1957,21.0
06,20,1957,20.5
06,21,1957,22.5
06,22,1957,24.0
06,23,1957,22.0
06,24,1957,24.5
06,25,1957,23.0
06,26,1957,22.75
06,27,1957,23.0
06,28,1957,26.0
06,29,1957,25.0
06,30,1957,24.5
07,01,1957,24.5
07,02,1957,23.0
07,03,1957,25.5
07,04,1957,24.0
07,05,1957,23.5
07,06,1957,23.5
07,07,1957,23.5
07,08,1957,23.0
07,09,1957,23.5
07,10,1957,22.5
07,11,1957,22.0
07,12,1957,23.5
07,13,1957,22.5
07,14,1957,26.0
07,15,1957,23.5
07,16,1957,23.5
07,17,1957,23.0
07,18,1957,22.5
07,19,1957,23.0
07,20,1957,21.5
07,21,1957,23.0
07,22,1957,25.0
07,23,1957,23.0
07,24,1957,23.0
07,25,1957,23.0
07,26,1957,21.5
07,27,1957,21.5
07,28,1957,22.5
07,29,1957,22.0
07,30,1957,23.0
07,31,1957,23.5
08,01,1957,24.0
08,02,1957,23.5
08,03,1957,24.0
08,04,1957,22.0
08,05,1957,22.5
08,06,1957,23.0
08,07,1957,22.5
08,08,1957,23.0
08,09,1957,24.0
08,10,1957,23.5
08,11,1957,21.5
08,12,1957,21.5
08,13,1957,22.0
08,14,1957,23.0
08,15,1957,22.0
08,16,1957,20.5
08,17,1957,21.0
08,18,1957,22.0
08,19,1957,22.5
08,20,1957,22.0
08,21,1957,22.0
08,22,1957,22.5
08,23,1957,21.75
08,24,1957,22.0
08,25,1957,22.5
08,26,1957,23.5
08,27,1957,23.5
08,28,1957,23.0
08,29,1957,22.0
08,30,1957,21.5
08,31,1957,21.0
09,01,1957,21.0
09,02,1957,22.0
09,03,1957,21.5
09,04,1957,22.0
09,05,1957,23.5
09,06,1957,21.5
09,07,1957,22.0
09,08,1957,22.0
09,09,1957,22.5
09,10,1957,21.0
09,11,1957,20.5
09,12,1957,22.5
09,13,1957,21.5
09,14,1957,20.5
09,15,1957,21.0
09,16,1957,21.0
09,17,1957,22.0
09,18,1957,21.0
09,19,1957,null
09,20,1957,21.0
09,21,1957,19.0
09,22,1957,19.0
09,23,1957,19.5
09,24,1957,18.5
09,25,1957,20.0
09,26,1957,20.0
09,27,1957,18.5
09,28,1957,17.5
09,29,1957,17.5
09,30,1957,17.5
10,01,1957,17.0
10,02,1957,14.0
10,03,1957,14.5
10,04,1957,15.5
10,05,1957,17.25
10,06,1957,19.5
10,07,1957,16.5
10,08,1957,20.0
10,09,1957,19.5
10,10,1957,20.5
10,11,1957,20.0
10,12,1957,19.0
10,13,1957,19.5
10,14,1957,19.0
10,15,1957,17.5
10,16,1957,17.0
10,17,1957,18.0
10,18,1957,20.5
10,19,1957,19.0
10,20,1957,19.5
10,21,1957,14.5
10,22,1957,null
10,23,1957,18.5
10,24,1957,17.5
10,25,1957,18.5
10,26,1957,17.5
10,27,1957,15.5
10,28,1957,null
10,29,1957,15.5
10,30,1957,15.5
10,31,1957,16.5
11,01,1957,18.0
11,02,1957,16.5
11,03,1957,16.0
11,04,1957,18.0
11,05,1957,18.0
11,06,1957,18.5
11,07,1957,16.0
11,08,1957,14.5
11,09,1957,17.0
11,10,1957,17.0
11,11,1957,16.5
11,12,1957,14.0
11,13,1957,16.0
11,14,1957,15.0
11,15,1957,14.0
11,16,1957,11.5
11,17,1957,14.5
11,18,1957,15.0
11,19,1957,16.0
11,20,1957,15.5
11,21,1957,14.5
11,22,1957,15.5
11,23,1957,15.0
11,24,1957,15.0
11,25,1957,13.5
11,26,1957,12.5
11,27,1957,null
11,28,1957,14.0
11,29,1957,16.5
11,30,1957,15.5
12,01,1957,null
12,02,1957,15.5
12,03,1957,16.5
12,04,1957,15.0
12,05,1957,17.5
12,06,1957,17.0
12,07,1957,16.5
12,08,1957,15.5
12,09,1957,15.0
12,10,1957,9.5
12,11,1957,10.0
12,12,1957,9.0
12,13,1957,10.5
12,14,1957,11.0
12,15,1957,13.5
12,16,1957,14.0
12,17,1957,15.0
12,18,1957,15.5
12,19,1957,13.5
12,20,1957,13.5
12,21,1957,12.5
12,22,1957,13.5
12,23,1957,14.0
12,24,1957,15.0
12,25,1957,15.5
12,26,1957,15.0
12,27,1957,16.0
12,28,1957,15.0
12,29,1957,15.5
12,30,1957,14.5
12,31,1957,14.5
01,01,1958,11.0
01,02,1958,null
01,03,1958,13.5
01,04,1958,11.0
01,05,1958,7.0
01,06,1958,9.5
01,07,1958,9.5
01,08,1958,null
01,09,1958,7.5
01,10,1958,10.0
01,11,1958,10.5
01,12,1958,8.5
01,13,1958,10.5
01,14,1958,10.0
01,15,1958,11.0
01,16,1958,10.5
01,17,1958,10.0
01,18,1958,12.5
01,19,1958,10.0
01,20,1958,10.0
01,21,1958,11.0
01,22,1958,9.5
01,23,1958,8.0
01,24,1958,12.0
01,25,1958,8.0
01,26,1958,9.0
01,27,1958,12.5
01,28,1958,12.0
01,29,1958,12.0
01,30,1958,12.0
01,31,1958,11.5
02,01,1958,12.5
02,02,1958,14.0
02,03,1958,14.0
02,04,1958,14.0
02,05,1958,13.0
02,06,1958,13.5
02,07,1958,13.0
02,08,1958,12.5
02,09,1958,12.0
02,10,1958,14.5
02,11,1958,15.5
02,12,1958,12.0
02,13,1958,11.5
02,14,1958,12.0
02,15,1958,11.0
02,16,1958,13.5
02,17,1958,14.0
02,18,1958,15.5
02,19,1958,14.0
02,20,1958,15.0
02,21,1958,14.0
02,22,1958,12.0
02,23,1958,14.0
02,24,1958,10.0
02,25,1958,11.0
02,26,1958,10.5
02,27,1958,14.0
02,28,1958,12.0
03,01,1958,12.0
03,02,1958,12.5
03,03,1958,12.0
03,04,1958,12.5
03,05,1958,11.5
03,06,1958,10.5
03,07,1958,13.0
03,08,1958,14.0
03,09,1958,15.0
03,10,1958,12.5
03,11,1958,12.0
03,12,1958,null
03,13,1958,13.5
03,14,1958,15.0
03,15,1958,16.0
03,16,1958,16.0
03,17,1958,16.5
03,18,1958,16.5
03,19,1958,15.5
03,20,1958,15.0
03,21,1958,16.0
03,22,1958,15.0
03,23,1958,14.5
03,24,1958,17.5
03,25,1958,18.0
03,26,1958,18.5
03,27,1958,13.5
03,28,1958,14.5
03,29,1958,15.5
03,30,1958,17.5
03,31,1958,18.0
04,01,1958,15.5
04,02,1958,16.0
04,03,1958,15.0
04,04,1958,16.5
04,05,1958,16.0
04,06,1958,16.0
04,07,1958,17.5
04,08,1958,17.5
04,09,1958,19.5
04,10,1958,15.5
04,11,1958,16.5
04,12,1958,18.5
04,13,1958,18.5
04,14,1958,19.0
04,15,1958,19.0
04,16,1958,21.0
04,17,1958,22.5
04,18,1958,23.5
04,19,1958,18.0
04,20,1958,18.5
04,21,1958,19.5
04,22,1958,20.0
04,23,1958,22.0
04,24,1958,20.0
04,25,1958,20.0
04,26,1958,22.0
04,27,1958,22.5
04,28,1958,21.0
04,29,1958,19.5
04,30,1958,21.0
05,01,1958,21.5
05,02,1958,24.5
05,03,1958,24.5
05,04,1958,23.0
05,05,1958,21.5
05,06,1958,22.0
05,07,1958,22.0
05,08,1958,22.0
05,09,1958,20.5
05,10,1958,20.5
05,11,1958,22.0
05,12,1958,22.5
05,13,1958,24.0
05,14,1958,23.0
05,15,1958,23.0
05,16,1958,22.5
05,17,1958,21.0
05,18,1958,21.5
05,19,1958,22.0
05,20,1958,19.0
05,21,1958,17.5
05,22,1958,18.0
05,23,1958,19.5
05,24,1958,20.0
05,25,1958,20.0
05,26,1958,22.5
05,27,1958,22.5
05,28,1958,23.5
05,29,1958,22.5
05,30,1958,22.0
05,31,1958,23.5
06,01,1958,24.5
06,02,1958,25.0
06,03,1958,25.0
06,04,1958,24.0
06,05,1958,26.0
06,06,1958,20.0
06,07,1958,22.0
06,08,1958,24.5
06,09,1958,23.5
06,10,1958,23.0
06,11,1958,23.0
06,12,1958,25.0
06,13,1958,26.5
06,14,1958,24.5
06,15,1958,24.0
06,16,1958,23.5
06,17,1958,20.0
06,18,1958,20.0
06,19,1958,21.0
06,20,1958,22.0
06,21,1958,null
06,22,1958,24.0
06,23,1958,23.0
06,24,1958,25.0
06,25,1958,23.0
06,26,1958,24.5
06,27,1958,22.0
06,28,1958,23.0
06,29,1958,18.0
06,30,1958,22.0
07,01,1958,20.0
07,02,1958,22.0
07,03,1958,21.5
07,04,1958,22.5
07,05,1958,21.5
07,06,1958,21.5
07,07,1958,21.5
07,08,1958,21.5
07,09,1958,22.5
07,10,1958,23.0
07,11,1958,22.0
07,12,1958,21.5
07,13,1958,20.5
07,14,1958,22.0
07,15,1958,23.0
07,16,1958,20.5
07,17,1958,18.5
07,18,1958,20.5
07,19,1958,20.0
07,20,1958,19.5
07,21,1958,20.5
07,22,1958,21.0
07,23,1958,18.5
07,24,1958,18.5
07,25,1958,17.5
07,26,1958,20.5
07,27,1958,18.5
07,28,1958,20.5
07,29,1958,18.5
07,30,1958,19.5
07,31,1958,19.5
08,01,1958,20.5
08,02,1958,20.0
08,03,1958,22.5
08,04,1958,20.0
08,05,1958,20.0
08,06,1958,20.5
08,07,1958,21.0
08,08,1958,20.5
08,09,1958,22.0
08,10,1958,20.5
08,11,1958,20.5
08,12,1958,20.0
08,13,1958,19.0
08,14,1958,22.5
08,15,1958,21.0
08,16,1958,19.5
08,17,1958,19.5
08,18,1958,22.0
08,19,1958,21.5
08,20,1958,21.0
08,21,1958,21.0
08,22,1958,21.0
08,23,1958,22.0
08,24,1958,22.0
08,25,1958,19.0
08,26,1958,22.5
08,27,1958,21.0
08,28,1958,19.0
08,29,1958,22.0
08,30,1958,19.5
08,31,1958,20.0
09,01,1958,19.0
09,02,1958,null
09,03,1958,20.0
09,04,1958,21.0
09,05,1958,20.5
09,06,1958,20.5
09,07,1958,19.5
09,08,1958,21.0
09,09,1958,21.5
09,10,1958,21.0
09,11,1958,21.0
09,12,1958,21.5
09,13,1958,21.0
09,14,1958,20.5
09,15,1958,21.0
09,16,1958,21.5
09,17,1958,21.0
09,18,1958,22.0
09,19,1958,21.5
09,20,1958,20.5
09,21,1958,17.5
09,22,1958,18.0
09,23,1958,21.5
09,24,1958,21.0
09,25,1958,21.0
09,26,1958,18.5
09,27,1958,19.0
09,28,1958,19.0
09,29,1958,18.0
09,30,1958,19.5
10,01,1958,21.0
10,02,1958,20.5
10,03,1958,19.0
10,04,1958,20.0
10,05,1958,19.5
10,06,1958,22.0
10,07,1958,18.5
10,08,1958,18.0
10,09,1958,20.5
10,10,1958,20.0
10,11,1958,18.5
10,12,1958,18.5
10,13,1958,20.0
10,14,1958,20.5
10,15,1958,20.5
10,16,1958,20.5
10,17,1958,19.5
10,18,1958,17.5
10,19,1958,18.5
10,20,1958,18.75
10,21,1958,18.0
10,22,1958,18.0
10,23,1958,19.5
10,24,1958,18.0
10,25,1958,18.5
10,26,1958,18.5
10,27,1958,19.5
10,28,1958,17.5
10,29,1958,15.5
10,30,1958,15.5
10,31,1958,17.5
11,01,1958,16.0
11,02,1958,15.75
11,03,1958,12.5
11,04,1958,14.0
11,05,1958,14.5
11,06,1958,16.5
11,07,1958,15.0
11,08,1958,16.0
11,09,1958,14.5
11,10,1958,14.0
11,11,1958,15.0
11,12,1958,14.5
11,13,1958,14.5
11,14,1958,16.0
11,15,1958,16.5
11,16,1958,15.5
11,17,1958,16.0
11,18,1958,16.5
11,19,1958,17.5
11,20,1958,16.5
11,21,1958,16.0
11,22,1958,15.0
11,23,1958,14.5
11,24,1958,15.0
11,25,1958,13.5
11,26,1958,14.0
11,27,1958,16.0
11,28,1958,15.5
11,29,1958,15.5
11,30,1958,16.0
12,01,1958,15.5
12,02,1958,17.0
12,03,1958,14.5
12,04,1958,12.5
12,05,1958,12.0
12,06,1958,13.5
12,07,1958,14.5
12,08,1958,11.5
12,09,1958,12.5
12,10,1958,13.0
12,11,1958,15.5
12,12,1958,15.5
12,13,1958,16.5
12,14,1958,14.0
12,15,1958,13.5
12,16,1958,10.0
12,17,1958,8.5
12,18,1958,6.5
12,19,1958,8.5
12,20,1958,null
12,21,1958,14.5
12,22,1958,14.5
12,23,1958,13.5
12,24,1958,14.0
12,25,1958,15.0
12,26,1958,12.5
12,27,1958,12.5
12,28,1958,11.0
12,29,1958,10.0
12,30,1958,9.0
12,31,1958,9.0
01,01,1959,12.0
01,02,1959,11.75
01,03,1959,9.0
01,04,1959,9.5
01,05,1959,7.5
01,06,1959,8.5
01,07,1959,12.0
01,08,1959,11.5
01,09,1959,12.0
01,10,1959,11.5
01,11,1959,10.5
01,12,1959,11.0
01,13,1959,12.0
01,14,1959,11.0
01,15,1959,11.0
01,16,1959,12.0
01,17,1959,12.5
01,18,1959,12.25
01,19,1959,12.5
01,20,1959,11.75
01,21,1959,10.0
01,22,1959,12.0
01,23,1959,12.5
01,24,1959,12.0
01,25,1959,12.5
01,26,1959,12.5
01,27,1959,12.0
01,28,1959,12.5
01,29,1959,11.5
01,30,1959,12.0
01,31,1959,13.5
02,01,1959,15.0
02,02,1959,null
02,03,1959,null
02,04,1959,15.0
02,05,1959,11.5
02,06,1959,11.5
02,07,1959,null
02,08,1959,14.0
02,09,1959,15.0
02,10,1959,13.5
02,11,1959,14.0
02,12,1959,null
02,13,1959,16.0
02,14,1959,15.0
02,15,1959,14.0
02,16,1959,14.5
02,17,1959,null
02,18,1959,16.0
02,19,1959,15.5
02,20,1959,15.5
02,21,1959,16.0
02,22,1959,16.0
02,23,1959,17.0
02,24,1959,17.5
02,25,1959,16.0
02,26,1959,14.0
02,27,1959,15.5
02,28,1959,14.0
03,01,1959,15.0
03,02,1959,13.0
03,03,1959,14.5
03,04,1959,15.0
03,05,1959,18.0
03,06,1959,16.0
03,07,1959,13.5
03,08,1959,14.5
03,09,1959,15.0
03,10,1959,14.5
03,11,1959,16.0
03,12,1959,16.5
03,13,1959,16.0
03,14,1959,15.5
03,15,1959,14.5
03,16,1959,14.5
03,17,1959,13.5
03,18,1959,13.5
03,19,1959,12.0
03,20,1959,13.5
03,21,1959,13.5
03,22,1959,15.5
03,23,1959,14.0
03,24,1959,14.5
03,25,1959,null
03,26,1959,17.0
03,27,1959,17.5
03,28,1959,17.5
03,29,1959,18.0
03,30,1959,16.5
03,31,1959,15.5
04,01,1959,14.5
04,02,1959,16.0
04,03,1959,18.0
04,04,1959,17.25
04,05,1959,18.0
04,06,1959,19.0
04,07,1959,20.5
04,08,1959,19.5
04,09,1959,18.5
04,10,1959,17.5
04,11,1959,18.5
04,12,1959,18.0
04,13,1959,19.5
04,14,1959,17.5
04,15,1959,15.0
04,16,1959,14.5
04,17,1959,12.0
04,18,1959,12.5
04,19,1959,15.5
04,20,1959,15.5
04,21,1959,15.5
04,22,1959,16.0
04,23,1959,16.5
04,24,1959,17.5
04,25,1959,18.5
04,26,1959,20.0
04,27,1959,18.5
04,28,1959,18.0
04,29,1959,19.5
04,30,1959,17.5
05,01,1959,18.0
05,02,1959,16.0
05,03,1959,17.5
05,04,1959,17.5
05,05,1959,18.5
05,06,1959,19.5
05,07,1959,19.5
05,08,1959,18.5
05,09,1959,18.0
05,10,1959,20.5
05,11,1959,17.5
05,12,1959,17.5
05,13,1959,18.0
05,14,1959,18.0
05,15,1959,17.5
05,16,1959,17.5
05,17,1959,17.5
05,18,1959,17.5
05,19,1959,17.0
05,20,1959,15.5
05,21,1959,18.0
05,22,1959,18.0
05,23,1959,18.5
05,24,1959,17.5
05,25,1959,19.0
05,26,1959,18.5
05,27,1959,21.0
05,28,1959,21.0
05,29,1959,19.5
05,30,1959,17.0
05,31,1959,21.0
06,01,1959,22.0
06,02,1959,23.0
06,03,1959,22.0
06,04,1959,22.5
06,05,1959,18.5
06,06,1959,20.5
06,07,1959,20.5
06,08,1959,21.0
06,09,1959,20.0
06,10,1959,20.5
06,11,1959,20.0
06,12,1959,21.0
06,13,1959,22.0
06,14,1959,21.5
06,15,1959,20.0
06,16,1959,19.5
06,17,1959,20.0
06,18,1959,18.5
06,19,1959,18.5
06,20,1959,21.0
06,21,1959,21.0
06,22,1959,19.0
06,23,1959,20.5
06,24,1959,22.5
06,25,1959,20.0
06,26,1959,19.5
06,27,1959,18.0
06,28,1959,21.0
06,29,1959,20.5
06,30,1959,17.5
07,01,1959,20.0
07,02,1959,20.0
07,03,1959,20.0
07,04,1959,18.5
07,05,1959,19.5
07,06,1959,19.5
07,07,1959,18.5
07,08,1959,21.0
07,09,1959,20.5
07,10,1959,19.5
07,11,1959,18.0
07,12,1959,20.5
07,13,1959,18.5
07,14,1959,18.0
07,15,1959,18.5
07,16,1959,17.0
07,17,1959,19.5
07,18,1959,17.0
07,19,1959,17.0
07,20,1959,18.0
07,21,1959,18.0
07,22,1959,20.5
07,23,1959,17.0
07,24,1959,18.0
07,25,1959,19.5
07,26,1959,18.5
07,27,1959,19.5
07,28,1959,20.5
07,29,1959,19.0
07,30,1959,19.5
07,31,1959,20.0
08,01,1959,20.5
08,02,1959,19.0
08,03,1959,19.5
08,04,1959,19.5
08,05,1959,20.0
08,06,1959,19.5
08,07,1959,18.5
08,08,1959,18.5
08,09,1959,20.0
08,10,1959,19.5
08,11,1959,20.5
08,12,1959,21.0
08,13,1959,20.5
08,14,1959,19.5
08,15,1959,19.0
08,16,1959,18.0
08,17,1959,19.5
08,18,1959,19.0
08,19,1959,18.5
08,20,1959,19.0
08,21,1959,18.0
08,22,1959,18.5
08,23,1959,20.0
08,24,1959,21.0
08,25,1959,21.0
08,26,1959,19.0
08,27,1959,19.5
08,28,1959,20.0
08,29,1959,20.0
08,30,1959,21.5
08,31,1959,19.0
09,01,1959,20.5
09,02,1959,20.0
09,03,1959,21.0
09,04,1959,21.0
09,05,1959,19.0
09,06,1959,19.0
09,07,1959,18.5
09,08,1959,18.0
09,09,1959,17.0
09,10,1959,19.5
09,11,1959,18.0
09,12,1959,16.0
09,13,1959,16.5
09,14,1959,16.0
09,15,1959,15.5
09,16,1959,16.0
09,17,1959,17.0
09,18,1959,20.0
09,19,1959,20.0
09,20,1959,18.5
09,21,1959,18.5
09,22,1959,20.0
09,23,1959,20.0
09,24,1959,18.5
09,25,1959,19.5
09,26,1959,18.5
09,27,1959,20.5
09,28,1959,20.0
09,29,1959,20.0
09,30,1959,20.5
10,01,1959,20.5
10,02,1959,19.0
10,03,1959,19.5
10,04,1959,19.0
10,05,1959,16.0
10,06,1959,16.5
10,07,1959,16.5
10,08,1959,18.0
10,09,1959,18.0
10,10,1959,17.0
10,11,1959,17.0
10,12,1959,17.5
10,13,1959,19.0
10,14,1959,19.0
10,15,1959,19.5
10,16,1959,17.0
10,17,1959,20.0
10,18,1959,18.5
10,19,1959,14.5
10,20,1959,18.0
10,21,1959,16.5
10,22,1959,16.0
10,23,1959,19.0
10,24,1959,18.5
10,25,1959,16.0
10,26,1959,16.0
10,27,1959,16.5
10,28,1959,16.0
10,29,1959,19.0
10,30,1959,17.5
10,31,1959,15.5
11,01,1959,17.5
11,02,1959,18.5
11,03,1959,18.0
11,04,1959,17.5
11,05,1959,17.5
11,06,1959,20.0
11,07,1959,16.0
11,08,1959,16.5
11,09,1959,15.0
11,10,1959,15.5
11,11,1959,14.5
11,12,1959,15.0
11,13,1959,15.5
11,14,1959,15.0
11,15,1959,15.0
11,16,1959,16.0
11,17,1959,15.5
11,18,1959,15.0
11,19,1959,15.5
11,20,1959,15.5
11,21,1959,14.5
11,22,1959,12.5
11,23,1959,13.0
11,24,1959,11.5
11,25,1959,12.0
11,26,1959,12.5
11,27,1959,10.0
11,28,1959,15.5
11,29,1959,14.0
11,30,1959,14.0
12,01,1959,14.5
12,02,1959,12.5
12,03,1959,11.0
12,04,1959,13.0
12,05,1959,10.5
12,06,1959,15.5
12,07,1959,11.5
12,08,1959,16.0
12,09,1959,16.0
12,10,1959,16.5
12,11,1959,16.0
12,12,1959,14.5
12,13,1959,15.5
12,14,1959,14.0
12,15,1959,12.5
12,16,1959,14.0
12,17,1959,10.0
12,18,1959,12.0
12,19,1959,10.0
12,20,1959,11.0
12,21,1959,12.5
12,22,1959,12.0
12,23,1959,11.5
12,24,1959,12.5
12,25,1959,12.5
12,26,1959,13.5
12,27,1959,13.0
12,28,1959,13.0
12,29,1959,12.0
12,30,1959,11.0
12,31,1959,10.0
01,01,1960,9.5
01,02,1960,null
01,03,1960,null
01,04,1960,null
01,05,1960,null
01,06,1960,null
01,07,1960,null
01,08,1960,null
01,09,1960,null
01,10,1960,null
01,11,1960,null
01,12,1960,null
01,13,1960,null
01,14,1960,null
01,15,1960,null
01,16,1960,null
01,17,1960,null
01,18,1960,null
01,19,1960,null
01,20,1960,null
01,21,1960,null
01,22,1960,null
01,23,1960,null
01,24,1960,null
01,25,1960,null
01,26,1960,null
01,27,1960,null
01,28,1960,null
01,29,1960,null
01,30,1960,null
01,31,1960,null
02,01,1960,null
02,02,1960,14.5
02,03,1960,12.5
02,04,1960,10.5
02,05,1960,9.0
02,06,1960,11.5
02,07,1960,14.3
02,08,1960,12.5
02,09,1960,13.5
02,10,1960,4.25
02,11,1960,11.5
02,12,1960,12.0
02,13,1960,6.0
02,14,1960,4.0
02,15,1960,9.0
02,16,1960,10.0
02,17,1960,12.5
02,18,1960,12.5
02,19,1960,12.0
02,20,1960,12.5
02,21,1960,15.0
02,22,1960,14.5
02,23,1960,13.0
02,24,1960,11.5
02,25,1960,8.5
02,26,1960,9.0
02,27,1960,11.0
02,28,1960,12.5
02,29,1960,14.5
03,01,1960,null
03,02,1960,14.0
03,03,1960,13.5
03,04,1960,15.0
03,05,1960,15.0
03,06,1960,16.5
03,07,1960,17.5
03,08,1960,17.0
03,09,1960,17.0
03,10,1960,17.5
03,11,1960,17.0
03,12,1960,16.0
03,13,1960,16.0
03,14,1960,16.5
03,15,1960,16.0
03,16,1960,14.5
03,17,1960,14.5
03,18,1960,13.0
03,19,1960,13.0
03,20,1960,12.5
03,21,1960,14.5
03,22,1960,15.5
03,23,1960,15.5
03,24,1960,18.5
03,25,1960,18.0
03,26,1960,18.0
03,27,1960,15.0
03,28,1960,16.5
03,29,1960,17.5
03,30,1960,17.0
03,31,1960,17.5
04,01,1960,17.5
04,02,1960,16.5
04,03,1960,15.0
04,04,1960,14.0
04,05,1960,12.5
04,06,1960,13.5
04,07,1960,14.5
04,08,1960,14.5
04,09,1960,17.0
04,10,1960,17.5
04,11,1960,18.5
04,12,1960,18.5
04,13,1960,18.0
04,14,1960,18.5
04,15,1960,17.0
04,16,1960,17.5
04,17,1960,13.0
04,18,1960,20.0
04,19,1960,19.0
04,20,1960,21.0
04,21,1960,21.0
04,22,1960,20.5
04,23,1960,19.5
04,24,1960,19.5
04,25,1960,19.0
04,26,1960,17.0
04,27,1960,16.0
04,28,1960,18.0
04,29,1960,18.5
04,30,1960,17.5
05,01,1960,null
05,02,1960,20.5
05,03,1960,18.5
05,04,1960,17.5
05,05,1960,17.5
05,06,1960,17.5
05,07,1960,19.0
05,08,1960,19.5
05,09,1960,19.5
05,10,1960,18.5
05,11,1960,20.0
05,12,1960,20.5
05,13,1960,20.5
05,14,1960,21.0
05,15,1960,19.5
05,16,1960,22.5
05,17,1960,21.5
05,18,1960,20.0
05,19,1960,19.5
05,20,1960,20.0
05,21,1960,22.0
05,22,1960,22.0
05,23,1960,23.5
05,24,1960,23.0
05,25,1960,23.5
05,26,1960,24.0
05,27,1960,21.0
05,28,1960,21.5
05,29,1960,23.0
05,30,1960,23.5
05,31,1960,22.0
06,01,1960,22.5
06,02,1960,23.5
06,03,1960,24.0
06,04,1960,25.0
06,05,1960,24.0
06,06,1960,24.0
06,07,1960,23.0
06,08,1960,24.0
06,09,1960,24.0
06,10,1960,23.5
06,11,1960,23.5
06,12,1960,24.0
06,13,1960,24.5
06,14,1960,24.0
06,15,1960,23.5
06,16,1960,24.0
06,17,1960,24.0
06,18,1960,24.5
06,19,1960,24.0
06,20,1960,23.0
06,21,1960,22.5
06,22,1960,24.0
06,23,1960,23.5
06,24,1960,23.5
06,25,1960,19.5
06,26,1960,23.5
06,27,1960,24.0
06,28,1960,23.5
06,29,1960,23.5
06,30,1960,22.5
07,01,1960,null
07,02,1960,19.5
07,03,1960,19.5
07,04,1960,19.0
07,05,1960,17.5
07,06,1960,19.0
07,07,1960,19.0
07,08,1960,20.5
07,09,1960,20.0
07,10,1960,21.0
07,11,1960,21.5
07,12,1960,22.0
07,13,1960,21.5
07,14,1960,21.0
07,15,1960,20.0
07,16,1960,20.5
07,17,1960,22.0
07,18,1960,20.5
07,19,1960,21.0
07,20,1960,21.0
07,21,1960,19.5
07,22,1960,22.0
07,23,1960,21.0
07,24,1960,22.0
07,25,1960,23.0
07,26,1960,24.5
07,27,1960,19.5
07,28,1960,20.0
07,29,1960,23.0
07,30,1960,21.0
07,31,1960,21.5
08,01,1960,23.0
08,02,1960,22.5
08,03,1960,22.0
08,04,1960,21.5
08,05,1960,23.0
08,06,1960,21.5
08,07,1960,22.0
08,08,1960,23.0
08,09,1960,21.0
08,10,1960,21.5
08,11,1960,21.0
08,12,1960,22.0
08,13,1960,20.0
08,14,1960,18.0
08,15,1960,19.5
08,16,1960,20.5
08,17,1960,20.0
08,18,1960,21.0
08,19,1960,19.5
08,20,1960,22.5
08,21,1960,21.5
08,22,1960,22.0
08,23,1960,20.5
08,24,1960,19.0
08,25,1960,21.5
08,26,1960,22.5
08,27,1960,21.0
08,28,1960,20.5
08,29,1960,21.5
08,30,1960,18.5
08,31,1960,20.5
09,01,1960,18.5
09,02,1960,19.5
09,03,1960,20.0
09,04,1960,20.5
09,05,1960,20.0
09,06,1960,18.0
09,07,1960,17.5
09,08,1960,19.0
09,09,1960,19.0
09,10,1960,20.5
09,11,1960,19.5
09,12,1960,20.0
09,13,1960,18.0
09,14,1960,17.0
09,15,1960,17.0
09,16,1960,18.0
09,17,1960,18.0
09,18,1960,19.5
09,19,1960,16.5
09,20,1960,18.0
09,21,1960,17.0
09,22,1960,19.0
09,23,1960,20.5
09,24,1960,18.5
09,25,1960,21.0
09,26,1960,19.5
09,27,1960,16.5
09,28,1960,16.0
09,29,1960,16.5
09,30,1960,16.0
10,01,1960,null
10,02,1960,18.5
10,03,1960,19.0
10,04,1960,19.5
10,05,1960,20.5
10,06,1960,18.5
10,07,1960,20.0
10,08,1960,19.0
10,09,1960,17.5
10,10,1960,18.5
10,11,1960,18.5
10,12,1960,20.0
10,13,1960,19.0
10,14,1960,18.5
10,15,1960,19.0
10,16,1960,17.0
10,17,1960,19.5
10,18,1960,19.0
10,19,1960,19.0
10,20,1960,21.0
10,21,1960,20.0
10,22,1960,15.5
10,23,1960,18.5
10,24,1960,19.0
10,25,1960,20.0
10,26,1960,20.0
10,27,1960,18.5
10,28,1960,19.5
10,29,1960,19.5
10,30,1960,18.5
10,31,1960,17.0
11,01,1960,16.0
11,02,1960,16.0
11,03,1960,16.0
11,04,1960,15.5
11,05,1960,15.5
11,06,1960,18.0
11,07,1960,17.0
11,08,1960,16.5
11,09,1960,16.5
11,10,1960,16.5
11,11,1960,15.5
11,12,1960,16.0
11,13,1960,16.0
11,14,1960,16.5
11,15,1960,18.5
11,16,1960,18.0
11,17,1960,18.5
11,18,1960,17.5
11,19,1960,18.5
11,20,1960,17.0
11,21,1960,16.0
11,22,1960,15.5
11,23,1960,16.5
11,24,1960,17.0
11,25,1960,17.5
11,26,1960,15.5
11,27,1960,16.5
11,28,1960,16.5
11,29,1960,16.5
11,30,1960,15.5
12,01,1960,null
12,02,1960,15.5
12,03,1960,15.0
12,04,1960,14.5
12,05,1960,12.5
12,06,1960,14.5
12,07,1960,14.0
12,08,1960,17.0
12,09,1960,15.0
12,10,1960,14.0
12,11,1960,15.5
12,12,1960,13.5
12,13,1960,15.5
12,14,1960,15.0
12,15,1960,10.5
12,16,1960,14.0
12,17,1960,13.0
12,18,1960,12.5
12,19,1960,13.5
12,20,1960,14.0
12,21,1960,13.5
12,22,1960,11.0
12,23,1960,13.0
12,24,1960,12.0
12,25,1960,11.5
12,26,1960,12.0
12,27,1960,11.0
12,28,1960,12.0
12,29,1960,12.5
12,30,1960,13.0
12,31,1960,13.0
01,01,1961,14.0
01,02,1961,13.5
01,03,1961,13.5
01,04,1961,14.5
01,05,1961,15.0
01,06,1961,14.5
01,07,1961,15.0
01,08,1961,14.0
01,09,1961,10.0
01,10,1961,11.0
01,11,1961,15.0
01,12,1961,14.5
01,13,1961,13.5
01,14,1961,11.0
01,15,1961,11.5
01,16,1961,12.5
01,17,1961,11.0
01,18,1961,15.5
01,19,1961,17.5
01,20,1961,16.0
01,21,1961,13.5
01,22,1961,13.5
01,23,1961,12.5
01,24,1961,11.5
01,25,1961,11.5
01,26,1961,12.5
01,27,1961,12.0
01,28,1961,11.5
01,29,1961,12.5
01,30,1961,12.5
01,31,1961,14.0
02,01,1961,13.5
02,02,1961,11.5
02,03,1961,13.0
02,04,1961,12.5
02,05,1961,10.0
02,06,1961,10.5
02,07,1961,10.5
02,08,1961,11.0
02,09,1961,11.0
02,10,1961,13.0
02,11,1961,9.5
02,12,1961,11.0
02,13,1961,11.5
02,14,1961,13.0
02,15,1961,14.0
02,16,1961,14.5
02,17,1961,17.0
02,18,1961,14.0
02,19,1961,12.0
02,20,1961,13.0
02,21,1961,14.0
02,22,1961,13.0
02,23,1961,11.5
02,24,1961,13.0
02,25,1961,11.0
02,26,1961,14.5
02,27,1961,13.0
02,28,1961,15.0
03,01,1961,null
03,02,1961,14.5
03,03,1961,17.5
03,04,1961,16.0
03,05,1961,13.5
03,06,1961,13.0
03,07,1961,13.5
03,08,1961,14.5
03,09,1961,20.5
03,10,1961,18.5
03,11,1961,18.0
03,12,1961,19.0
03,13,1961,15.5
03,14,1961,13.5
03,15,1961,16.0
03,16,1961,15.5
03,17,1961,13.5
03,18,1961,13.0
03,19,1961,12.5
03,20,1961,13.0
03,21,1961,14.0
03,22,1961,14.0
03,23,1961,15.0
03,24,1961,15.0
03,25,1961,15.5
03,26,1961,14.5
03,27,1961,15.5
03,28,1961,15.0
03,29,1961,15.5
03,30,1961,16.5
03,31,1961,12.5
04,01,1961,14.5
04,02,1961,13.0
04,03,1961,13.0
04,04,1961,12.5
04,05,1961,19.0
04,06,1961,17.0
04,07,1961,14.0
04,08,1961,17.0
04,09,1961,18.5
04,10,1961,16.5
04,11,1961,16.0
04,12,1961,17.0
04,13,1961,17.0
04,14,1961,17.5
04,15,1961,19.5
04,16,1961,19.5
04,17,1961,19.5
04,18,1961,20.0
04,19,1961,16.5
04,20,1961,20.5
04,21,1961,20.0
04,22,1961,20.5
04,23,1961,20.0
04,24,1961,20.0
04,25,1961,22.0
04,26,1961,21.0
04,27,1961,22.5
04,28,1961,24.0
04,29,1961,25.0
04,30,1961,26.5
05,01,1961,null
05,02,1961,21.0
05,03,1961,22.0
05,04,1961,20.0
05,05,1961,21.0
05,06,1961,20.0
05,07,1961,21.0
05,08,1961,15.5
05,09,1961,19.5
05,10,1961,23.0
05,11,1961,23.0
05,12,1961,23.5
05,13,1961,24.0
05,14,1961,24.5
05,15,1961,23.5
05,16,1961,23.5
05,17,1961,25.5
05,18,1961,26.0
05,19,1961,23.0
05,20,1961,25.5
05,21,1961,22.5
05,22,1961,21.0
05,23,1961,22.5
05,24,1961,20.5
05,25,1961,23.0
05,26,1961,22.0
05,27,1961,21.5
05,28,1961,21.5
05,29,1961,22.5
05,30,1961,24.5
05,31,1961,22.0
06,01,1961,22.0
06,02,1961,23.5
06,03,1961,22.0
06,04,1961,21.0
06,05,1961,22.0
06,06,1961,22.0
06,07,1961,21.0
06,08,1961,23.5
06,09,1961,21.5
06,10,1961,19.5
06,11,1961,23.0
06,12,1961,23.5
06,13,1961,22.0
06,14,1961,24.0
06,15,1961,22.5
06,16,1961,22.5
06,17,1961,22.5
06,18,1961,20.5
06,19,1961,19.0
06,20,1961,20.0
06,21,1961,19.0
06,22,1961,20.5
06,23,1961,19.5
06,24,1961,21.5
06,25,1961,22.0
06,26,1961,21.0
06,27,1961,22.5
06,28,1961,23.0
06,29,1961,23.0
06,30,1961,21.5
07,01,1961,null
07,02,1961,18.5
07,03,1961,19.0
07,04,1961,19.0
07,05,1961,20.0
07,06,1961,20.0
07,07,1961,18.0
07,08,1961,18.0
07,09,1961,19.5
07,10,1961,19.5
07,11,1961,20.5
07,12,1961,20.3
07,13,1961,21.0
07,14,1961,20.0
07,15,1961,23.0
07,16,1961,20.0
07,17,1961,19.5
07,18,1961,19.5
07,19,1961,20.0
07,20,1961,21.0
07,21,1961,19.0
07,22,1961,19.5
07,23,1961,18.5
07,24,1961,20.0
07,25,1961,20.5
07,26,1961,19.0
07,27,1961,20.0
07,28,1961,21.0
07,29,1961,20.0
07,30,1961,19.5
07,31,1961,20.0
08,01,1961,19.0
08,02,1961,null
08,03,1961,null
08,04,1961,null
08,05,1961,null
08,06,1961,null
08,07,1961,null
08,08,1961,null
08,09,1961,null
08,10,1961,null
08,11,1961,null
08,12,1961,null
08,13,1961,null
08,14,1961,null
08,15,1961,null
08,16,1961,null
08,17,1961,null
08,18,1961,null
08,19,1961,null
08,20,1961,null
08,21,1961,null
08,22,1961,null
08,23,1961,null
08,24,1961,null
08,25,1961,null
08,26,1961,null
08,27,1961,null
08,28,1961,null
08,29,1961,null
08,30,1961,null
08,31,1961,null
09,01,1961,null
09,02,1961,21.5
09,03,1961,22.0
09,04,1961,21.5
09,05,1961,19.5
09,06,1961,19.5
09,07,1961,18.5
09,08,1961,20.0
09,09,1961,20.5
09,10,1961,19.0
09,11,1961,20.0
09,12,1961,20.5
09,13,1961,20.5
09,14,1961,19.5
09,15,1961,18.0
09,16,1961,18.5
09,17,1961,20.5
09,18,1961,18.0
09,19,1961,18.0
09,20,1961,19.5
09,21,1961,18.0
09,22,1961,19.0
09,23,1961,19.5
09,24,1961,18.5
09,25,1961,18.5
09,26,1961,19.5
09,27,1961,20.0
09,28,1961,18.5
09,29,1961,18.0
09,30,1961,18.0
10,01,1961,null
10,02,1961,19.0
10,03,1961,20.0
10,04,1961,18.5
10,05,1961,18.0
10,06,1961,19.5
10,07,1961,18.0
10,08,1961,19.0
10,09,1961,18.5
10,10,1961,19.0
10,11,1961,22.0
10,12,1961,19.5
10,13,1961,19.0
10,14,1961,18.5
10,15,1961,17.0
10,16,1961,15.0
10,17,1961,15.5
10,18,1961,16.0
10,19,1961,15.5
10,20,1961,18.0
10,21,1961,18.0
10,22,1961,16.5
10,23,1961,16.5
10,24,1961,16.5
10,25,1961,18.0
10,26,1961,18.5
10,27,1961,17.0
10,28,1961,17.0
10,29,1961,16.5
10,30,1961,14.5
10,31,1961,17.0
11,01,1961,18.0
11,02,1961,16.0
11,03,1961,16.5
11,04,1961,14.0
11,05,1961,17.5
11,06,1961,18.5
11,07,1961,15.0
11,08,1961,16.5
11,09,1961,16.0
11,10,1961,16.0
11,11,1961,18.0
11,12,1961,17.5
11,13,1961,18.0
11,14,1961,14.5
11,15,1961,15.0
11,16,1961,16.0
11,17,1961,16.0
11,18,1961,18.5
11,19,1961,16.5
11,20,1961,16.0
11,21,1961,15.0
11,22,1961,15.0
11,23,1961,14.0
11,24,1961,13.0
11,25,1961,15.0
11,26,1961,15.5
11,27,1961,13.5
11,28,1961,13.5
11,29,1961,13.0
11,30,1961,13.0
12,01,1961,null
12,02,1961,14.5
12,03,1961,15.0
12,04,1961,13.0
12,05,1961,12.5
12,06,1961,12.5
12,07,1961,13.5
12,08,1961,13.0
12,09,1961,12.0
12,10,1961,14.5
12,11,1961,15.5
12,12,1961,17.0
12,13,1961,16.5
12,14,1961,12.5
12,15,1961,13.0
12,16,1961,13.0
12,17,1961,15.5
12,18,1961,15.0
12,19,1961,12.0
12,20,1961,9.5
12,21,1961,11.0
12,22,1961,12.0
12,23,1961,10.5
12,24,1961,11.5
12,25,1961,10.5
12,26,1961,11.0
12,27,1961,11.0
12,28,1961,11.5
12,29,1961,13.0
12,30,1961,13.5
12,31,1961,11.5
01,01,1962,11.0
01,02,1962,8.5
01,03,1962,9.5
01,04,1962,10.0
01,05,1962,11.5
01,06,1962,14.0
01,07,1962,15.0
01,08,1962,11.0
01,09,1962,12.0
01,10,1962,11.0
01,11,1962,12.0
01,12,1962,11.0
01,13,1962,10.0
01,14,1962,10.5
01,15,1962,10.0
01,16,1962,10.0
01,17,1962,7.5
01,18,1962,7.0
01,19,1962,9.5
01,20,1962,15.5
01,21,1962,13.0
01,22,1962,14.0
01,23,1962,14.0
01,24,1962,15.5
01,25,1962,14.8
01,26,1962,12.0
01,27,1962,10.5
01,28,1962,11.0
01,29,1962,10.5
01,30,1962,13.0
01,31,1962,14.0
02,01,1962,13.0
02,02,1962,10.5
02,03,1962,14.5
02,04,1962,13.5
02,05,1962,14.5
02,06,1962,14.5
02,07,1962,14.0
02,08,1962,13.5
02,09,1962,14.0
02,10,1962,15.5
02,11,1962,16.5
02,12,1962,17.0
02,13,1962,15.0
02,14,1962,15.0
02,15,1962,14.5
02,16,1962,14.5
02,17,1962,15.0
02,18,1962,15.5
02,19,1962,14.5
02,20,1962,13.5
02,21,1962,15.0
02,22,1962,15.5
02,23,1962,14.5
02,24,1962,4.3
02,25,1962,15.5
02,26,1962,15.0
02,27,1962,14.5
02,28,1962,13.5
03,01,1962,null
03,02,1962,15.0
03,03,1962,13.5
03,04,1962,14.5
03,05,1962,16.0
03,06,1962,16.5
03,07,1962,16.5
03,08,1962,16.0
03,09,1962,15.5
03,10,1962,15.0
03,11,1962,16.0
03,12,1962,14.0
03,13,1962,13.0
03,14,1962,12.0
03,15,1962,14.5
03,16,1962,11.5
03,17,1962,12.5
03,18,1962,15.5
03,19,1962,17.5
03,20,1962,17.0
03,21,1962,18.0
03,22,1962,19.0
03,23,1962,18.0
03,24,1962,16.5
03,25,1962,14.5
03,26,1962,14.5
03,27,1962,19.0
03,28,1962,17.5
03,29,1962,18.0
03,30,1962,19.5
03,31,1962,20.0
04,01,1962,18.0
04,02,1962,17.0
04,03,1962,16.5
04,04,1962,17.0
04,05,1962,19.0
04,06,1962,16.0
04,07,1962,15.5
04,08,1962,15.5
04,09,1962,16.5
04,10,1962,17.0
04,11,1962,17.0
04,12,1962,18.0
04,13,1962,18.5
04,14,1962,18.0
04,15,1962,15.5
04,16,1962,16.0
04,17,1962,14.5
04,18,1962,17.0
04,19,1962,17.0
04,20,1962,18.0
04,21,1962,18.5
04,22,1962,19.5
04,23,1962,21.0
04,24,1962,19.0
04,25,1962,15.0
04,26,1962,19.0
04,27,1962,18.0
04,28,1962,16.5
04,29,1962,16.0
04,30,1962,16.5
05,01,1962,null
05,02,1962,10.0
05,03,1962,12.5
05,04,1962,13.0
05,05,1962,11.0
05,06,1962,11.0
05,07,1962,8.5
05,08,1962,10.0
05,09,1962,9.5
05,10,1962,10.0
05,11,1962,11.5
05,12,1962,10.5
05,13,1962,8.0
05,14,1962,8.5
05,15,1962,8.0
05,16,1962,12.5
05,17,1962,14.0
05,18,1962,15.5
05,19,1962,15.0
05,20,1962,12.5
05,21,1962,13.0
05,22,1962,12.5
05,23,1962,12.5
05,24,1962,13.5
05,25,1962,13.5
05,26,1962,12.5
05,27,1962,14.0
05,28,1962,12.0
05,29,1962,14.0
05,30,1962,12.0
05,31,1962,13.0
06,01,1962,8.0
06,02,1962,19.0
06,03,1962,19.5
06,04,1962,19.8
06,05,1962,19.5
06,06,1962,20.0
06,07,1962,21.0
06,08,1962,20.0
06,09,1962,20.5
06,10,1962,19.0
06,11,1962,21.0
06,12,1962,21.0
06,13,1962,23.5
06,14,1962,24.5
06,15,1962,23.5
06,16,1962,22.5
06,17,1962,22.0
06,18,1962,23.0
06,19,1962,24.0
06,20,1962,23.0
06,21,1962,18.5
06,22,1962,23.0
06,23,1962,24.5
06,24,1962,24.5
06,25,1962,23.0
06,26,1962,24.5
06,27,1962,24.0
06,28,1962,24.0
06,29,1962,22.0
06,30,1962,22.5
07,01,1962,18.5
07,02,1962,19.5
07,03,1962,19.5
07,04,1962,20.5
07,05,1962,21.0
07,06,1962,21.0
07,07,1962,20.5
07,08,1962,20.5
07,09,1962,21.5
07,10,1962,23.0
07,11,1962,21.5
07,12,1962,22.5
07,13,1962,21.5
07,14,1962,21.5
07,15,1962,21.5
07,16,1962,23.5
07,17,1962,21.5
07,18,1962,19.5
07,19,1962,20.0
07,20,1962,21.0
07,21,1962,20.5
07,22,1962,21.5
07,23,1962,20.0
07,24,1962,22.5
07,25,1962,21.5
07,26,1962,20.5
07,27,1962,21.5
07,28,1962,22.0
07,29,1962,19.0
07,30,1962,20.5
07,31,1962,21.5
08,01,1962,22.0
08,02,1962,22.0
08,03,1962,24.0
08,04,1962,21.0
08,05,1962,22.5
08,06,1962,24.5
08,07,1962,20.5
08,08,1962,20.5
08,09,1962,21.5
08,10,1962,20.5
08,11,1962,22.0
08,12,1962,22.0
08,13,1962,19.5
08,14,1962,22.0
08,15,1962,20.5
08,16,1962,21.0
08,17,1962,21.0
08,18,1962,21.5
08,19,1962,21.5
08,20,1962,22.5
08,21,1962,22.5
08,22,1962,19.5
08,23,1962,17.0
08,24,1962,19.5
08,25,1962,21.0
08,26,1962,20.0
08,27,1962,19.5
08,28,1962,19.5
08,29,1962,20.0
08,30,1962,19.5
08,31,1962,20.0
09,01,1962,21.0
09,02,1962,18.5
09,03,1962,19.5
09,04,1962,20.0
09,05,1962,21.5
09,06,1962,21.0
09,07,1962,21.5
09,08,1962,19.0
09,09,1962,19.5
09,10,1962,20.5
09,11,1962,20.0
09,12,1962,19.5
09,13,1962,22.0
09,14,1962,20.0
09,15,1962,19.5
09,16,1962,20.0
09,17,1962,20.0
09,18,1962,19.5
09,19,1962,20.0
09,20,1962,19.5
09,21,1962,19.5
09,22,1962,20.5
09,23,1962,19.0
09,24,1962,18.0
09,25,1962,20.5
09,26,1962,19.0
09,27,1962,20.5
09,28,1962,19.0
09,29,1962,20.5
09,30,1962,20.0
10,01,1962,null
10,02,1962,20.0
10,03,1962,15.0
10,04,1962,18.0
10,05,1962,20.0
10,06,1962,19.0
10,07,1962,19.5
10,08,1962,21.0
10,09,1962,21.0
10,10,1962,20.5
10,11,1962,20.0
10,12,1962,19.0
10,13,1962,18.5
10,14,1962,19.5
10,15,1962,19.0
10,16,1962,17.0
10,17,1962,18.0
10,18,1962,18.5
10,19,1962,19.0
10,20,1962,19.0
10,21,1962,19.0
10,22,1962,18.5
10,23,1962,19.5
10,24,1962,18.5
10,25,1962,18.0
10,26,1962,15.5
10,27,1962,15.5
10,28,1962,17.0
10,29,1962,17.5
10,30,1962,18.0
10,31,1962,18.5
11,01,1962,13.0
11,02,1962,14.5
11,03,1962,14.5
11,04,1962,15.5
11,05,1962,16.0
11,06,1962,13.5
11,07,1962,16.5
11,08,1962,15.0
11,09,1962,14.5
11,10,1962,14.0
11,11,1962,14.0
11,12,1962,14.0
11,13,1962,15.0
11,14,1962,13.0
11,15,1962,11.5
11,16,1962,12.0
11,17,1962,13.5
11,18,1962,13.0
11,19,1962,13.0
11,20,1962,14.0
11,21,1962,14.0
11,22,1962,12.0
11,23,1962,13.0
11,24,1962,15.5
11,25,1962,15.5
11,26,1962,17.0
11,27,1962,18.0
11,28,1962,14.0
11,29,1962,14.5
11,30,1962,14.0
12,01,1962,null
12,02,1962,10.5
12,03,1962,12.0
12,04,1962,19.5
12,05,1962,14.0
12,06,1962,15.5
12,07,1962,17.0
12,08,1962,15.5
12,09,1962,13.5
12,10,1962,13.0
12,11,1962,13.0
12,12,1962,13.5
12,13,1962,13.0
12,14,1962,13.5
12,15,1962,15.0
12,16,1962,16.0
12,17,1962,17.0
12,18,1962,15.5
12,19,1962,14.5
12,20,1962,13.5
12,21,1962,13.5
12,22,1962,14.5
12,23,1962,11.0
12,24,1962,9.5
12,25,1962,14.5
12,26,1962,10.0
12,27,1962,11.0
12,28,1962,14.0
12,29,1962,14.0
12,30,1962,13.0
12,31,1962,13.5
01,01,1963,14.5
01,02,1963,12.0
01,03,1963,13.5
01,04,1963,12.0
01,05,1963,14.0
01,06,1963,14.0
01,07,1963,14.0
01,08,1963,13.0
01,09,1963,15.5
01,10,1963,14.5
01,11,1963,12.0
01,12,1963,12.5
01,13,1963,13.5
01,14,1963,11.5
01,15,1963,15.5
01,16,1963,15.0
01,17,1963,13.0
01,18,1963,13.0
01,19,1963,12.5
01,20,1963,14.5
01,21,1963,11.0
01,22,1963,13.0
01,23,1963,12.0
01,24,1963,13.5
01,25,1963,13.5
01,26,1963,13.5
01,27,1963,13.5
01,28,1963,14.0
01,29,1963,14.0
01,30,1963,16.0
01,31,1963,15.0
02,01,1963,16.0
02,02,1963,16.0
02,03,1963,14.5
02,04,1963,16.5
02,05,1963,13.5
02,06,1963,14.0
02,07,1963,11.5
02,08,1963,12.0
02,09,1963,14.0
02,10,1963,13.0
02,11,1963,11.5
02,12,1963,9.5
02,13,1963,9.0
02,14,1963,10.0
02,15,1963,9.5
02,16,1963,9.0
02,17,1963,10.0
02,18,1963,11.5
02,19,1963,13.5
02,20,1963,11.5
02,21,1963,14.5
02,22,1963,12.5
02,23,1963,13.0
02,24,1963,12.0
02,25,1963,14.0
02,26,1963,13.0
02,27,1963,14.0
02,28,1963,15.0
03,01,1963,null
03,02,1963,null
03,03,1963,null
03,04,1963,null
03,05,1963,null
03,06,1963,null
03,07,1963,null
03,08,1963,null
03,09,1963,null
03,10,1963,null
03,11,1963,null
03,12,1963,null
03,13,1963,null
03,14,1963,null
03,15,1963,null
03,16,1963,null
03,17,1963,null
03,18,1963,null
03,19,1963,null
03,20,1963,null
03,21,1963,null
03,22,1963,null
03,23,1963,null
03,24,1963,null
03,25,1963,null
03,26,1963,null
03,27,1963,null
03,28,1963,null
03,29,1963,null
03,30,1963,null
03,31,1963,null
04,01,1963,null
04,02,1963,null
04,03,1963,null
04,04,1963,null
04,05,1963,null
04,06,1963,null
04,07,1963,null
04,08,1963,null
04,09,1963,null
04,10,1963,null
04,11,1963,null
04,12,1963,null
04,13,1963,null
04,14,1963,null
04,15,1963,null
04,16,1963,null
04,17,1963,null
04,18,1963,null
04,19,1963,null
04,20,1963,null
04,21,1963,null
04,22,1963,null
04,23,1963,null
04,24,1963,null
04,25,1963,null
04,26,1963,null
04,27,1963,null
04,28,1963,null
04,29,1963,null
04,30,1963,null
05,01,1963,null
05,02,1963,null
05,03,1963,null
05,04,1963,null
05,05,1963,null
05,06,1963,null
05,07,1963,null
05,08,1963,null
05,09,1963,null
05,10,1963,null
05,11,1963,null
05,12,1963,null
05,13,1963,null
05,14,1963,null
05,15,1963,null
05,16,1963,null
05,17,1963,null
05,18,1963,null
05,19,1963,null
05,20,1963,null
05,21,1963,null
05,22,1963,null
05,23,1963,null
05,24,1963,null
05,25,1963,null
05,26,1963,null
05,27,1963,null
05,28,1963,null
05,29,1963,null
05,30,1963,null
05,31,1963,null
06,01,1963,null
06,02,1963,null
06,03,1963,null
06,04,1963,null
06,05,1963,null
06,06,1963,null
06,07,1963,null
06,08,1963,null
06,09,1963,null
06,10,1963,null
06,11,1963,null
06,12,1963,null
06,13,1963,null
06,14,1963,null
06,15,1963,null
06,16,1963,null
06,17,1963,null
06,18,1963,null
06,19,1963,null
06,20,1963,null
06,21,1963,null
06,22,1963,null
06,23,1963,null
06,24,1963,null
06,25,1963,null
06,26,1963,null
06,27,1963,null
06,28,1963,null
06,29,1963,null
06,30,1963,null
07,01,1963,null
07,02,1963,null
07,03,1963,null
07,04,1963,null
07,05,1963,null
07,06,1963,null
07,07,1963,null
07,08,1963,null
07,09,1963,null
07,10,1963,null
07,11,1963,null
07,12,1963,null
07,13,1963,null
07,14,1963,null
07,15,1963,null
07,16,1963,null
07,17,1963,null
07,18,1963,null
07,19,1963,null
07,20,1963,null
07,21,1963,null
07,22,1963,null
07,23,1963,null
07,24,1963,null
07,25,1963,null
07,26,1963,null
07,27,1963,null
07,28,1963,null
07,29,1963,null
07,30,1963,null
07,31,1963,null
08,01,1963,null
08,02,1963,21.0
08,03,1963,19.5
08,04,1963,20.5
08,05,1963,20.5
08,06,1963,20.0
08,07,1963,20.5
08,08,1963,21.0
08,09,1963,20.0
08,10,1963,21.0
08,11,1963,21.0
08,12,1963,19.5
08,13,1963,19.5
08,14,1963,19.0
08,15,1963,20.5
08,16,1963,19.5
08,17,1963,20.5
08,18,1963,20.0
08,19,1963,20.0
08,20,1963,19.5
08,21,1963,19.5
08,22,1963,19.5
08,23,1963,21.0
08,24,1963,20.0
08,25,1963,19.0
08,26,1963,19.5
08,27,1963,20.0
08,28,1963,16.0
08,29,1963,20.0
08,30,1963,21.0
08,31,1963,20.5
09,01,1963,19.0
09,02,1963,21.5
09,03,1963,20.5
09,04,1963,20.0
09,05,1963,21.0
09,06,1963,20.0
09,07,1963,19.5
09,08,1963,19.5
09,09,1963,21.5
09,10,1963,20.0
09,11,1963,20.5
09,12,1963,21.0
09,13,1963,17.0
09,14,1963,20.0
09,15,1963,19.5
09,16,1963,19.5
09,17,1963,20.5
09,18,1963,22.5
09,19,1963,20.5
09,20,1963,21.0
09,21,1963,20.5
09,22,1963,22.0
09,23,1963,21.0
09,24,1963,18.5
09,25,1963,17.0
09,26,1963,14.5
09,27,1963,15.0
09,28,1963,12.0
09,29,1963,20.0
09,30,1963,18.5
10,01,1963,null
10,02,1963,18.5
10,03,1963,19.5
10,04,1963,18.0
10,05,1963,17.5
10,06,1963,15.0
10,07,1963,16.0
10,08,1963,15.0
10,09,1963,14.0
10,10,1963,17.0
10,11,1963,19.5
10,12,1963,17.5
10,13,1963,16.0
10,14,1963,16.5
10,15,1963,16.0
10,16,1963,15.5
10,17,1963,14.5
10,18,1963,18.0
10,19,1963,20.5
10,20,1963,18.5
10,21,1963,18.0
10,22,1963,18.5
10,23,1963,17.0
10,24,1963,15.5
10,25,1963,14.5
10,26,1963,14.0
10,27,1963,16.5
10,28,1963,15.0
10,29,1963,14.5
10,30,1963,15.0
10,31,1963,14.0
11,01,1963,13.5
11,02,1963,null
11,03,1963,null
11,04,1963,null
11,05,1963,null
11,06,1963,null
11,07,1963,null
11,08,1963,null
11,09,1963,null
11,10,1963,null
11,11,1963,null
11,12,1963,null
11,13,1963,null
11,14,1963,null
11,15,1963,null
11,16,1963,null
11,17,1963,null
11,18,1963,null
11,19,1963,null
11,20,1963,null
11,21,1963,null
11,22,1963,null
11,23,1963,null
11,24,1963,null
11,25,1963,null
11,26,1963,null
11,27,1963,null
11,28,1963,null
11,29,1963,null
11,30,1963,null
12,01,1963,null
12,02,1963,null
12,03,1963,null
12,04,1963,null
12,05,1963,null
12,06,1963,null
12,07,1963,null
12,08,1963,null
12,09,1963,null
12,10,1963,null
12,11,1963,null
12,12,1963,null
12,13,1963,null
12,14,1963,null
12,15,1963,null
12,16,1963,null
12,17,1963,null
12,18,1963,null
12,19,1963,null
12,20,1963,null
12,21,1963,null
12,22,1963,null
12,23,1963,null
12,24,1963,null
12,25,1963,null
12,26,1963,null
12,27,1963,null
12,28,1963,null
12,29,1963,null
12,30,1963,null
12,31,1963,null
01,01,1964,null
01,02,1964,null
01,03,1964,null
01,04,1964,null
01,05,1964,null
01,06,1964,null
01,07,1964,null
01,08,1964,null
01,09,1964,null
01,10,1964,null
01,11,1964,null
01,12,1964,null
01,13,1964,null
01,14,1964,null
01,15,1964,null
01,16,1964,null
01,17,1964,null
01,18,1964,null
01,19,1964,null
01,20,1964,null
01,21,1964,null
01,22,1964,null
01,23,1964,null
01,24,1964,null
01,25,1964,null
01,26,1964,null
01,27,1964,null
01,28,1964,null
01,29,1964,null
01,30,1964,null
01,31,1964,null
02,01,1964,null
02,02,1964,13.5
02,03,1964,12.5
02,04,1964,10.0
02,05,1964,10.0
02,06,1964,10.0
02,07,1964,11.0
02,08,1964,11.5
02,09,1964,12.5
02,10,1964,13.0
02,11,1964,14.0
02,12,1964,16.0
02,13,1964,15.5
02,14,1964,16.5
02,15,1964,15.5
02,16,1964,14.5
02,17,1964,13.5
02,18,1964,15.5
02,19,1964,12.5
02,20,1964,11.5
02,21,1964,11.0
02,22,1964,11.5
02,23,1964,10.0
02,24,1964,11.0
02,25,1964,11.0
02,26,1964,10.5
02,27,1964,13.0
02,28,1964,14.5
02,29,1964,15.5
03,01,1964,null
03,02,1964,17.5
03,03,1964,12.0
03,04,1964,15.5
03,05,1964,17.5
03,06,1964,13.5
03,07,1964,15.0
03,08,1964,15.5
03,09,1964,17.5
03,10,1964,17.5
03,11,1964,14.0
03,12,1964,16.0
03,13,1964,16.0
03,14,1964,17.0
03,15,1964,16.0
03,16,1964,14.0
03,17,1964,15.0
03,18,1964,14.5
03,19,1964,15.0
03,20,1964,12.5
03,21,1964,13.0
03,22,1964,18.5
03,23,1964,15.0
03,24,1964,17.0
03,25,1964,19.0
03,26,1964,18.5
03,27,1964,18.0
03,28,1964,17.0
03,29,1964,18.5
03,30,1964,18.5
03,31,1964,19.0
04,01,1964,19.0
04,02,1964,16.5
04,03,1964,14.0
04,04,1964,18.0
04,05,1964,17.0
04,06,1964,17.0
04,07,1964,17.5
04,08,1964,18.0
04,09,1964,18.5
04,10,1964,21.0
04,11,1964,20.5
04,12,1964,19.0
04,13,1964,17.5
04,14,1964,17.5
04,15,1964,17.5
04,16,1964,19.0
04,17,1964,20.0
04,18,1964,20.0
04,19,1964,20.5
04,20,1964,22.5
04,21,1964,21.5
04,22,1964,22.5
04,23,1964,21.0
04,24,1964,22.0
04,25,1964,19.0
04,26,1964,19.5
04,27,1964,18.5
04,28,1964,18.5
04,29,1964,20.0
04,30,1964,23.0
05,01,1964,null
05,02,1964,21.0
05,03,1964,19.5
05,04,1964,20.5
05,05,1964,21.0
05,06,1964,22.5
05,07,1964,23.5
05,08,1964,23.0
05,09,1964,24.5
05,10,1964,23.5
05,11,1964,24.5
05,12,1964,22.25
05,13,1964,21.5
05,14,1964,20.0
05,15,1964,22.0
05,16,1964,23.0
05,17,1964,22.0
05,18,1964,21.0
05,19,1964,21.5
05,20,1964,19.5
05,21,1964,20.5
05,22,1964,21.0
05,23,1964,18.0
05,24,1964,21.0
05,25,1964,21.5
05,26,1964,21.5
05,27,1964,20.0
05,28,1964,21.5
05,29,1964,22.0
05,30,1964,22.5
05,31,1964,22.0
06,01,1964,22.5
06,02,1964,21.5
06,03,1964,20.5
06,04,1964,21.5
06,05,1964,21.0
06,06,1964,22.0
06,07,1964,22.5
06,08,1964,22.0
06,09,1964,23.0
06,10,1964,25.0
06,11,1964,22.0
06,12,1964,23.5
06,13,1964,22.5
06,14,1964,23.0
06,15,1964,21.5
06,16,1964,20.5
06,17,1964,22.0
06,18,1964,20.5
06,19,1964,21.5
06,20,1964,21.5
06,21,1964,21.0
06,22,1964,22.0
06,23,1964,19.0
06,24,1964,21.5
06,25,1964,20.5
06,26,1964,20.5
06,27,1964,21.0
06,28,1964,22.5
06,29,1964,21.5
06,30,1964,21.0
07,01,1964,21.0
07,02,1964,21.0
07,03,1964,22.0
07,04,1964,23.0
07,05,1964,21.0
07,06,1964,20.5
07,07,1964,21.5
07,08,1964,21.5
07,09,1964,22.5
07,10,1964,20.5
07,11,1964,22.0
07,12,1964,22.5
07,13,1964,22.0
07,14,1964,23.0
07,15,1964,22.0
07,16,1964,23.0
07,17,1964,21.5
07,18,1964,23.0
07,19,1964,21.5
07,20,1964,21.0
07,21,1964,19.5
07,22,1964,21.5
07,23,1964,21.0
07,24,1964,19.5
07,25,1964,20.0
07,26,1964,21.5
07,27,1964,22.0
07,28,1964,23.0
07,29,1964,23.0
07,30,1964,20.0
07,31,1964,21.0
08,01,1964,20.0
08,02,1964,21.0
08,03,1964,19.5
08,04,1964,20.5
08,05,1964,21.5
08,06,1964,20.5
08,07,1964,20.0
08,08,1964,20.0
08,09,1964,19.5
08,10,1964,21.0
08,11,1964,20.0
08,12,1964,20.5
08,13,1964,21.5
08,14,1964,21.0
08,15,1964,22.0
08,16,1964,21.0
08,17,1964,21.5
08,18,1964,21.5
08,19,1964,21.5
08,20,1964,21.0
08,21,1964,20.5
08,22,1964,19.5
08,23,1964,21.5
08,24,1964,21.5
08,25,1964,21.5
08,26,1964,20.0
08,27,1964,21.5
08,28,1964,20.5
08,29,1964,20.5
08,30,1964,21.5
08,31,1964,22.0
09,01,1964,15.0
09,02,1964,20.5
09,03,1964,13.0
09,04,1964,19.5
09,05,1964,20.0
09,06,1964,21.0
09,07,1964,20.0
09,08,1964,20.5
09,09,1964,17.5
09,10,1964,8.0
09,11,1964,20.0
09,12,1964,19.0
09,13,1964,18.5
09,14,1964,15.0
09,15,1964,19.5
09,16,1964,20.0
09,17,1964,19.0
09,18,1964,19.5
09,19,1964,18.0
09,20,1964,19.0
09,21,1964,20.5
09,22,1964,19.5
09,23,1964,19.5
09,24,1964,19.5
09,25,1964,19.5
09,26,1964,19.0
09,27,1964,19.5
09,28,1964,20.0
09,29,1964,19.0
09,30,1964,20.0
10,01,1964,20.5
10,02,1964,null
10,03,1964,null
10,04,1964,null
10,05,1964,null
10,06,1964,null
10,07,1964,null
10,08,1964,null
10,09,1964,null
10,10,1964,null
10,11,1964,null
10,12,1964,null
10,13,1964,null
10,14,1964,null
10,15,1964,null
10,16,1964,null
10,17,1964,null
10,18,1964,null
10,19,1964,null
10,20,1964,null
10,21,1964,null
10,22,1964,null
10,23,1964,null
10,24,1964,null
10,25,1964,null
10,26,1964,null
10,27,1964,null
10,28,1964,null
10,29,1964,null
10,30,1964,null
10,31,1964,null
11,01,1964,null
11,02,1964,16.0
11,03,1964,16.0
11,04,1964,14.0
11,05,1964,15.0
11,06,1964,14.5
11,07,1964,16.0
11,08,1964,15.0
11,09,1964,16.0
11,10,1964,15.0
11,11,1964,15.5
11,12,1964,15.0
11,13,1964,15.0
11,14,1964,15.0
11,15,1964,15.5
11,16,1964,17.0
11,17,1964,20.5
11,18,1964,17.0
11,19,1964,17.0
11,20,1964,15.0
11,21,1964,16.5
11,22,1964,17.0
11,23,1964,17.0
11,24,1964,14.0
11,25,1964,15.0
11,26,1964,14.5
11,27,1964,13.5
11,28,1964,12.0
11,29,1964,17.5
11,30,1964,4.0
12,01,1964,17.0
12,02,1964,14.5
12,03,1964,19.0
12,04,1964,12.5
12,05,1964,12.5
12,06,1964,14.5
12,07,1964,13.0
12,08,1964,12.5
12,09,1964,7.5
12,10,1964,10.5
12,11,1964,11.5
12,12,1964,9.5
12,13,1964,12.5
12,14,1964,11.0
12,15,1964,15.5
12,16,1964,13.5
12,17,1964,13.0
12,18,1964,15.0
12,19,1964,15.5
12,20,1964,15.0
12,21,1964,15.0
12,22,1964,16.5
12,23,1964,13.5
12,24,1964,13.5
12,25,1964,27.5
12,26,1964,13.0
12,27,1964,25.0
12,28,1964,13.0
12,29,1964,17.0
12,30,1964,17.5
12,31,1964,15.0
01,01,1965,13.0
01,02,1965,15.5
01,03,1965,14.0
01,04,1965,14.0
01,05,1965,14.5
01,06,1965,14.0
01,07,1965,13.0
01,08,1965,13.0
01,09,1965,14.5
01,10,1965,14.0
01,11,1965,14.5
01,12,1965,14.5
01,13,1965,13.5
01,14,1965,15.5
01,15,1965,15.5
01,16,1965,13.5
01,17,1965,16.0
01,18,1965,11.0
01,19,1965,11.5
01,20,1965,12.0
01,21,1965,12.5
01,22,1965,10.5
01,23,1965,9.0
01,24,1965,10.0
01,25,1965,11.5
01,26,1965,11.0
01,27,1965,13.0
01,28,1965,11.0
01,29,1965,11.5
01,30,1965,1.0
01,31,1965,12.0
02,01,1965,11.0
02,02,1965,12.5
02,03,1965,15.0
02,04,1965,11.5
02,05,1965,13.0
02,06,1965,12.5
02,07,1965,11.5
02,08,1965,12.0
02,09,1965,11.5
02,10,1965,15.5
02,11,1965,12.0
02,12,1965,12.5
02,13,1965,11.0
02,14,1965,10.0
02,15,1965,8.5
02,16,1965,10.0
02,17,1965,13.5
02,18,1965,10.5
02,19,1965,12.0
02,20,1965,12.5
02,21,1965,8.0
02,22,1965,11.0
02,23,1965,11.0
02,24,1965,13.0
02,25,1965,12.5
02,26,1965,14.0
02,27,1965,14.0
02,28,1965,14.0
03,01,1965,15.0
03,02,1965,13.0
03,03,1965,14.0
03,04,1965,14.0
03,05,1965,14.5
03,06,1965,13.5
03,07,1965,14.0
03,08,1965,15.5
03,09,1965,15.5
03,10,1965,16.5
03,11,1965,16.0
03,12,1965,15.5
03,13,1965,16.0
03,14,1965,17.0
03,15,1965,18.0
03,16,1965,16.5
03,17,1965,16.0
03,18,1965,17.5
03,19,1965,18.5
03,20,1965,18.0
03,21,1965,19.5
03,22,1965,20.0
03,23,1965,19.0
03,24,1965,20.5
03,25,1965,21.0
03,26,1965,19.5
03,27,1965,23.0
03,28,1965,18.5
03,29,1965,17.0
03,30,1965,20.0
03,31,1965,19.0
04,01,1965,19.0
04,02,1965,10.5
04,03,1965,10.5
04,04,1965,10.5
04,05,1965,14.0
04,06,1965,13.5
04,07,1965,13.5
04,08,1965,13.0
04,09,1965,14.5
04,10,1965,16.5
04,11,1965,17.0
04,12,1965,16.0
04,13,1965,18.5
04,14,1965,16.0
04,15,1965,17.0
04,16,1965,17.5
04,17,1965,17.5
04,18,1965,16.0
04,19,1965,14.5
04,20,1965,14.5
04,21,1965,16.5
04,22,1965,18.0
04,23,1965,16.5
04,24,1965,18.5
04,25,1965,18.5
04,26,1965,16.5
04,27,1965,17.0
04,28,1965,17.5
04,29,1965,18.0
04,30,1965,18.0
05,01,1965,18.5
05,02,1965,null
05,03,1965,null
05,04,1965,null
05,05,1965,null
05,06,1965,null
05,07,1965,null
05,08,1965,null
05,09,1965,null
05,10,1965,null
05,11,1965,null
05,12,1965,null
05,13,1965,null
05,14,1965,null
05,15,1965,null
05,16,1965,null
05,17,1965,null
05,18,1965,null
05,19,1965,null
05,20,1965,null
05,21,1965,null
05,22,1965,null
05,23,1965,null
05,24,1965,null
05,25,1965,null
05,26,1965,null
05,27,1965,null
05,28,1965,null
05,29,1965,null
05,30,1965,null
05,31,1965,null
06,01,1965,null
06,02,1965,null
06,03,1965,null
06,04,1965,null
06,05,1965,null
06,06,1965,null
06,07,1965,null
06,08,1965,null
06,09,1965,null
06,10,1965,null
06,11,1965,null
06,12,1965,null
06,13,1965,null
06,14,1965,null
06,15,1965,null
06,16,1965,null
06,17,1965,null
06,18,1965,null
06,19,1965,null
06,20,1965,null
06,21,1965,null
06,22,1965,null
06,23,1965,null
06,24,1965,null
06,25,1965,null
06,26,1965,null
06,27,1965,null
06,28,1965,null
06,29,1965,null
06,30,1965,null
07,01,1965,null
07,02,1965,null
07,03,1965,null
07,04,1965,null
07,05,1965,null
07,06,1965,null
07,07,1965,null
07,08,1965,null
07,09,1965,null
07,10,1965,null
07,11,1965,null
07,12,1965,null
07,13,1965,null
07,14,1965,null
07,15,1965,null
07,16,1965,null
07,17,1965,null
07,18,1965,null
07,19,1965,null
07,20,1965,null
07,21,1965,null
07,22,1965,null
07,23,1965,null
07,24,1965,null
07,25,1965,null
07,26,1965,null
07,27,1965,null
07,28,1965,null
07,29,1965,null
07,30,1965,null
07,31,1965,null
08,01,1965,null
08,02,1965,null
08,03,1965,null
08,04,1965,null
08,05,1965,null
08,06,1965,null
08,07,1965,null
08,08,1965,null
08,09,1965,null
08,10,1965,null
08,11,1965,null
08,12,1965,null
08,13,1965,null
08,14,1965,null
08,15,1965,null
08,16,1965,null
08,17,1965,null
08,18,1965,null
08,19,1965,null
08,20,1965,null
08,21,1965,null
08,22,1965,null
08,23,1965,null
08,24,1965,null
08,25,1965,null
08,26,1965,null
08,27,1965,null
08,28,1965,null
08,29,1965,null
08,30,1965,null
08,31,1965,null
09,01,1965,null
09,02,1965,null
09,03,1965,null
09,04,1965,null
09,05,1965,null
09,06,1965,null
09,07,1965,null
09,08,1965,null
09,09,1965,null
09,10,1965,null
09,11,1965,null
09,12,1965,null
09,13,1965,null
09,14,1965,null
09,15,1965,null
09,16,1965,null
09,17,1965,null
09,18,1965,null
09,19,1965,null
09,20,1965,null
09,21,1965,null
09,22,1965,null
09,23,1965,null
09,24,1965,null
09,25,1965,null
09,26,1965,null
09,27,1965,null
09,28,1965,null
09,29,1965,null
09,30,1965,null
10,01,1965,null
10,02,1965,null
10,03,1965,null
10,04,1965,null
10,05,1965,null
10,06,1965,null
10,07,1965,null
10,08,1965,null
10,09,1965,null
10,10,1965,null
10,11,1965,null
10,12,1965,null
10,13,1965,null
10,14,1965,null
10,15,1965,null
10,16,1965,null
10,17,1965,null
10,18,1965,null
10,19,1965,null
10,20,1965,null
10,21,1965,null
10,22,1965,null
10,23,1965,null
10,24,1965,null
10,25,1965,null
10,26,1965,null
10,27,1965,null
10,28,1965,null
10,29,1965,null
10,30,1965,null
10,31,1965,null
11,01,1965,null
11,02,1965,null
11,03,1965,null
11,04,1965,null
11,05,1965,null
11,06,1965,null
11,07,1965,null
11,08,1965,null
11,09,1965,null
11,10,1965,null
11,11,1965,null
11,12,1965,null
11,13,1965,null
11,14,1965,null
11,15,1965,null
11,16,1965,null
11,17,1965,null
11,18,1965,null
11,19,1965,null
11,20,1965,null
11,21,1965,null
11,22,1965,null
11,23,1965,null
11,24,1965,null
11,25,1965,null
11,26,1965,null
11,27,1965,null
11,28,1965,null
11,29,1965,null
11,30,1965,null
12,01,1965,null
12,02,1965,null
12,03,1965,null
12,04,1965,null
12,05,1965,null
12,06,1965,null
12,07,1965,null
12,08,1965,null
12,09,1965,null
12,10,1965,null
12,11,1965,null
12,12,1965,null
12,13,1965,null
12,14,1965,null
12,15,1965,null
12,16,1965,null
12,17,1965,null
12,18,1965,null
12,19,1965,null
12,20,1965,null
12,21,1965,null
12,22,1965,null
12,23,1965,null
12,24,1965,null
12,25,1965,null
12,26,1965,null
12,27,1965,null
12,28,1965,null
12,29,1965,null
12,30,1965,null
12,31,1965,null
01,01,1966,null
01,02,1966,14.0
01,03,1966,15.0
01,04,1966,15.5
01,05,1966,14.5
01,06,1966,12.0
01,07,1966,12.5
01,08,1966,13.5
01,09,1966,10.0
01,10,1966,11.5
01,11,1966,10.0
01,12,1966,11.0
01,13,1966,12.0
01,14,1966,12.0
01,15,1966,12.5
01,16,1966,11.5
01,17,1966,11.0
01,18,1966,12.0
01,19,1966,10.0
01,20,1966,9.5
01,21,1966,13.0
01,22,1966,12.5
01,23,1966,11.0
01,24,1966,11.5
01,25,1966,12.0
01,26,1966,12.5
01,27,1966,9.5
01,28,1966,12.0
01,29,1966,13.5
01,30,1966,10.0
01,31,1966,12.0
02,01,1966,10.5
02,02,1966,11.0
02,03,1966,17.5
02,04,1966,13.5
02,05,1966,14.5
02,06,1966,13.5
02,07,1966,13.5
02,08,1966,13.5
02,09,1966,12.5
02,10,1966,14.5
02,11,1966,11.5
02,12,1966,12.0
02,13,1966,15.5
02,14,1966,13.0
02,15,1966,13.0
02,16,1966,16.5
02,17,1966,11.0
02,18,1966,11.5
02,19,1966,13.0
02,20,1966,13.5
02,21,1966,13.0
02,22,1966,13.0
02,23,1966,12.0
02,24,1966,14.5
02,25,1966,14.0
02,26,1966,13.0
02,27,1966,15.0
02,28,1966,13.5
03,01,1966,12.0
03,02,1966,15.0
03,03,1966,13.5
03,04,1966,13.5
03,05,1966,14.0
03,06,1966,14.0
03,07,1966,16.0
03,08,1966,16.0
03,09,1966,13.0
03,10,1966,13.5
03,11,1966,14.5
03,12,1966,23.0
03,13,1966,15.0
03,14,1966,15.0
03,15,1966,15.0
03,16,1966,16.5
03,17,1966,14.5
03,18,1966,16.0
03,19,1966,16.5
03,20,1966,18.5
03,21,1966,16.5
03,22,1966,17.5
03,23,1966,18.0
03,24,1966,16.5
03,25,1966,21.0
03,26,1966,18.5
03,27,1966,16.0
03,28,1966,17.0
03,29,1966,16.0
03,30,1966,16.0
03,31,1966,14.5
04,01,1966,13.5
04,02,1966,16.5
04,03,1966,11.0
04,04,1966,11.0
04,05,1966,13.0
04,06,1966,15.5
04,07,1966,16.0
04,08,1966,15.0
04,09,1966,17.0
04,10,1966,15.0
04,11,1966,17.5
04,12,1966,18.0
04,13,1966,17.5
04,14,1966,18.5
04,15,1966,20.0
04,16,1966,19.0
04,17,1966,18.0
04,18,1966,17.5
04,19,1966,16.0
04,20,1966,15.5
04,21,1966,16.0
04,22,1966,17.0
04,23,1966,17.0
04,24,1966,17.5
04,25,1966,19.5
04,26,1966,19.5
04,27,1966,21.5
04,28,1966,19.5
04,29,1966,19.0
04,30,1966,21.5
05,01,1966,20.0
05,02,1966,16.5
05,03,1966,15.0
05,04,1966,17.5
05,05,1966,16.5
05,06,1966,17.0
05,07,1966,17.0
05,08,1966,17.0
05,09,1966,18.5
05,10,1966,20.0
05,11,1966,21.0
05,12,1966,20.5
05,13,1966,20.5
05,14,1966,20.5
05,15,1966,23.5
05,16,1966,24.5
05,17,1966,25.0
05,18,1966,25.0
05,19,1966,24.0
05,20,1966,24.0
05,21,1966,24.0
05,22,1966,24.0
05,23,1966,23.0
05,24,1966,24.5
05,25,1966,25.0
05,26,1966,24.0
05,27,1966,23.5
05,28,1966,19.5
05,29,1966,22.5
05,30,1966,23.5
05,31,1966,23.5
06,01,1966,null
06,02,1966,24.5
06,03,1966,23.5
06,04,1966,23.5
06,05,1966,24.5
06,06,1966,23.0
06,07,1966,23.0
06,08,1966,23.5
06,09,1966,22.5
06,10,1966,23.5
06,11,1966,21.5
06,12,1966,24.5
06,13,1966,24.5
06,14,1966,23.5
06,15,1966,20.5
06,16,1966,20.5
06,17,1966,21.5
06,18,1966,22.0
06,19,1966,23.5
06,20,1966,22.0
06,21,1966,23.0
06,22,1966,24.0
06,23,1966,23.5
06,24,1966,17.5
06,25,1966,17.0
06,26,1966,20.5
06,27,1966,20.0
06,28,1966,20.5
06,29,1966,20.5
06,30,1966,21.5
07,01,1966,20.0
07,02,1966,21.0
07,03,1966,21.0
07,04,1966,20.0
07,05,1966,20.0
07,06,1966,19.5
07,07,1966,15.0
07,08,1966,19.5
07,09,1966,20.5
07,10,1966,16.0
07,11,1966,21.0
07,12,1966,20.0
07,13,1966,20.5
07,14,1966,22.0
07,15,1966,21.5
07,16,1966,21.5
07,17,1966,21.0
07,18,1966,23.0
07,19,1966,21.0
07,20,1966,21.0
07,21,1966,22.0
07,22,1966,21.0
07,23,1966,21.0
07,24,1966,20.5
07,25,1966,20.5
07,26,1966,22.0
07,27,1966,22.0
07,28,1966,20.0
07,29,1966,19.5
07,30,1966,21.5
07,31,1966,20.5
08,01,1966,21.0
08,02,1966,20.0
08,03,1966,21.5
08,04,1966,20.5
08,05,1966,17.0
08,06,1966,19.0
08,07,1966,20.5
08,08,1966,19.5
08,09,1966,20.0
08,10,1966,20.0
08,11,1966,20.0
08,12,1966,18.0
08,13,1966,20.5
08,14,1966,20.5
08,15,1966,20.0
08,16,1966,19.5
08,17,1966,20.5
08,18,1966,20.0
08,19,1966,20.0
08,20,1966,22.0
08,21,1966,21.0
08,22,1966,21.0
08,23,1966,20.0
08,24,1966,18.0
08,25,1966,19.5
08,26,1966,19.5
08,27,1966,21.0
08,28,1966,20.0
08,29,1966,20.5
08,30,1966,19.5
08,31,1966,20.0
09,01,1966,20.5
09,02,1966,21.5
09,03,1966,20.5
09,04,1966,20.0
09,05,1966,19.0
09,06,1966,20.0
09,07,1966,19.5
09,08,1966,19.0
09,09,1966,18.0
09,10,1966,19.5
09,11,1966,21.0
09,12,1966,19.5
09,13,1966,19.5
09,14,1966,21.0
09,15,1966,21.0
09,16,1966,22.0
09,17,1966,19.0
09,18,1966,19.5
09,19,1966,20.0
09,20,1966,19.5
09,21,1966,19.5
09,22,1966,18.5
09,23,1966,16.5
09,24,1966,17.0
09,25,1966,17.0
09,26,1966,18.0
09,27,1966,21.0
09,28,1966,20.0
09,29,1966,19.0
09,30,1966,23.5
10,01,1966,22.0
10,02,1966,21.0
10,03,1966,20.0
10,04,1966,19.5
10,05,1966,19.5
10,06,1966,18.5
10,07,1966,19.0
10,08,1966,18.5
10,09,1966,18.5
10,10,1966,20.0
10,11,1966,18.0
10,12,1966,18.0
10,13,1966,18.5
10,14,1966,19.0
10,15,1966,19.5
10,16,1966,19.0
10,17,1966,20.0
10,18,1966,19.0
10,19,1966,19.5
10,20,1966,16.5
10,21,1966,14.5
10,22,1966,14.5
10,23,1966,14.5
10,24,1966,15.5
10,25,1966,17.0
10,26,1966,7.0
10,27,1966,15.5
10,28,1966,14.0
10,29,1966,14.0
10,30,1966,14.0
10,31,1966,13.5
11,01,1966,15.0
11,02,1966,3.5
11,03,1966,13.5
11,04,1966,14.5
11,05,1966,16.0
11,06,1966,17.0
11,07,1966,12.5
11,08,1966,15.5
11,09,1966,15.0
11,10,1966,15.5
11,11,1966,16.0
11,12,1966,15.5
11,13,1966,17.0
11,14,1966,17.0
11,15,1966,17.5
11,16,1966,15.0
11,17,1966,14.5
11,18,1966,14.5
11,19,1966,13.5
11,20,1966,13.5
11,21,1966,15.0
11,22,1966,14.0
11,23,1966,14.0
11,24,1966,15.5
11,25,1966,15.5
11,26,1966,14.5
11,27,1966,15.0
11,28,1966,14.0
11,29,1966,null
11,30,1966,null
12,01,1966,13.0
12,02,1966,13.0
12,03,1966,13.0
12,04,1966,14.5
12,05,1966,13.0
12,06,1966,13.0
12,07,1966,14.0
12,08,1966,13.0
12,09,1966,12.5
12,10,1966,11.0
12,11,1966,10.5
12,12,1966,11.5
12,13,1966,10.5
12,14,1966,14.0
12,15,1966,12.5
12,16,1966,12.0
12,17,1966,13.0
12,18,1966,10.5
12,19,1966,11.0
12,20,1966,12.5
12,21,1966,12.0
12,22,1966,8.0
12,23,1966,16.5
12,24,1966,15.0
12,25,1966,14.5
12,26,1966,13.5
12,27,1966,13.0
12,28,1966,13.5
12,29,1966,14.0
12,30,1966,13.5
12,31,1966,12.0
01,01,1967,15.0
01,02,1967,15.0
01,03,1967,10.5
01,04,1967,11.5
01,05,1967,13.0
01,06,1967,14.0
01,07,1967,13.0
01,08,1967,11.0
01,09,1967,11.5
01,10,1967,6.0
01,11,1967,9.0
01,12,1967,11.0
01,13,1967,7.5
01,14,1967,12.0
01,15,1967,9.0
01,16,1967,9.0
01,17,1967,11.0
01,18,1967,0.5
01,19,1967,11.5
01,20,1967,17.0
01,21,1967,15.0
01,22,1967,14.5
01,23,1967,14.5
01,24,1967,14.5
01,25,1967,1.5
01,26,1967,11.5
01,27,1967,13.0
01,28,1967,13.0
01,29,1967,14.0
01,30,1967,14.0
01,31,1967,14.0
02,01,1967,14.0
02,02,1967,12.5
02,03,1967,14.0
02,04,1967,16.5
02,05,1967,16.5
02,06,1967,15.0
02,07,1967,12.5
02,08,1967,9.0
02,09,1967,9.0
02,10,1967,14.0
02,11,1967,15.0
02,12,1967,12.0
02,13,1967,11.5
02,14,1967,12.0
02,15,1967,13.5
02,16,1967,13.5
02,17,1967,14.0
02,18,1967,14.5
02,19,1967,16.0
02,20,1967,15.5
02,21,1967,13.0
02,22,1967,15.5
02,23,1967,14.5
02,24,1967,13.0
02,25,1967,17.5
02,26,1967,15.0
02,27,1967,16.5
02,28,1967,16.5
03,01,1967,17.0
03,02,1967,null
03,03,1967,null
03,04,1967,null
03,05,1967,null
03,06,1967,null
03,07,1967,null
03,08,1967,null
03,09,1967,null
03,10,1967,null
03,11,1967,null
03,12,1967,null
03,13,1967,null
03,14,1967,null
03,15,1967,null
03,16,1967,null
03,17,1967,null
03,18,1967,null
03,19,1967,null
03,20,1967,null
03,21,1967,null
03,22,1967,null
03,23,1967,null
03,24,1967,null
03,25,1967,null
03,26,1967,null
03,27,1967,null
03,28,1967,null
03,29,1967,null
03,30,1967,null
03,31,1967,null
04,01,1967,null
04,02,1967,19.0
04,03,1967,19.5
04,04,1967,19.0
04,05,1967,18.0
04,06,1967,17.0
04,07,1967,20.0
04,08,1967,18.5
04,09,1967,19.0
04,10,1967,20.5
04,11,1967,21.0
04,12,1967,20.0
04,13,1967,17.5
04,14,1967,16.5
04,15,1967,17.0
04,16,1967,20.0
04,17,1967,21.0
04,18,1967,20.0
04,19,1967,20.5
04,20,1967,20.0
04,21,1967,19.5
04,22,1967,21.0
04,23,1967,19.0
04,24,1967,21.5
04,25,1967,22.0
04,26,1967,22.0
04,27,1967,22.5
04,28,1967,22.0
04,29,1967,23.0
04,30,1967,22.5
05,01,1967,22.5
05,02,1967,16.0
05,03,1967,18.5
05,04,1967,18.5
05,05,1967,20.0
05,06,1967,21.0
05,07,1967,22.5
05,08,1967,25.0
05,09,1967,25.0
05,10,1967,25.5
05,11,1967,18.5
05,12,1967,20.0
05,13,1967,20.0
05,14,1967,24.5
05,15,1967,24.5
05,16,1967,22.5
05,17,1967,20.0
05,18,1967,20.0
05,19,1967,19.5
05,20,1967,21.0
05,21,1967,20.0
05,22,1967,21.0
05,23,1967,21.5
05,24,1967,21.0
05,25,1967,18.0
05,26,1967,21.0
05,27,1967,20.5
05,28,1967,21.5
05,29,1967,18.0
05,30,1967,20.5
05,31,1967,20.5
06,01,1967,21.0
06,02,1967,20.5
06,03,1967,23.0
06,04,1967,21.5
06,05,1967,22.0
06,06,1967,22.5
06,07,1967,24.0
06,08,1967,26.5
06,09,1967,21.5
06,10,1967,22.0
06,11,1967,21.0
06,12,1967,22.5
06,13,1967,23.5
06,14,1967,23.5
06,15,1967,23.0
06,16,1967,20.0
06,17,1967,20.5
06,18,1967,21.5
06,19,1967,21.0
06,20,1967,19.5
06,21,1967,21.5
06,22,1967,24.0
06,23,1967,22.5
06,24,1967,18.5
06,25,1967,20.0
06,26,1967,19.5
06,27,1967,20.0
06,28,1967,22.0
06,29,1967,20.0
06,30,1967,22.5
07,01,1967,20.5
07,02,1967,21.0
07,03,1967,21.0
07,04,1967,19.5
07,05,1967,19.5
07,06,1967,20.5
07,07,1967,21.5
07,08,1967,19.5
07,09,1967,18.5
07,10,1967,21.5
07,11,1967,22.0
07,12,1967,21.0
07,13,1967,21.0
07,14,1967,21.0
07,15,1967,21.0
07,16,1967,17.5
07,17,1967,18.5
07,18,1967,20.0
07,19,1967,19.5
07,20,1967,20.5
07,21,1967,19.5
07,22,1967,20.0
07,23,1967,17.5
07,24,1967,19.5
07,25,1967,21.0
07,26,1967,18.5
07,27,1967,20.5
07,28,1967,21.5
07,29,1967,17.5
07,30,1967,17.0
07,31,1967,19.5
08,01,1967,19.5
08,02,1967,20.0
08,03,1967,18.5
08,04,1967,19.5
08,05,1967,18.0
08,06,1967,19.5
08,07,1967,20.0
08,08,1967,20.5
08,09,1967,19.0
08,10,1967,18.0
08,11,1967,20.0
08,12,1967,19.0
08,13,1967,19.5
08,14,1967,18.5
08,15,1967,19.0
08,16,1967,18.0
08,17,1967,21.0
08,18,1967,20.5
08,19,1967,21.0
08,20,1967,19.0
08,21,1967,21.0
08,22,1967,18.5
08,23,1967,18.5
08,24,1967,18.0
08,25,1967,17.0
08,26,1967,22.0
08,27,1967,18.0
08,28,1967,17.0
08,29,1967,19.0
08,30,1967,18.5
08,31,1967,16.5
09,01,1967,19.0
09,02,1967,null
09,03,1967,null
09,04,1967,null
09,05,1967,null
09,06,1967,null
09,07,1967,null
09,08,1967,null
09,09,1967,null
09,10,1967,null
09,11,1967,null
09,12,1967,null
09,13,1967,null
09,14,1967,null
09,15,1967,null
09,16,1967,null
09,17,1967,null
09,18,1967,null
09,19,1967,null
09,20,1967,null
09,21,1967,null
09,22,1967,null
09,23,1967,null
09,24,1967,null
09,25,1967,null
09,26,1967,null
09,27,1967,null
09,28,1967,null
09,29,1967,null
09,30,1967,null
10,01,1967,null
10,02,1967,16.5
10,03,1967,16.5
10,04,1967,16.0
10,05,1967,18.0
10,06,1967,20.5
10,07,1967,19.5
10,08,1967,19.0
10,09,1967,19.0
10,10,1967,15.5
10,11,1967,15.5
10,12,1967,18.5
10,13,1967,19.0
10,14,1967,19.5
10,15,1967,18.0
10,16,1967,18.5
10,17,1967,17.5
10,18,1967,14.0
10,19,1967,13.5
10,20,1967,14.5
10,21,1967,15.5
10,22,1967,15.0
10,23,1967,17.5
10,24,1967,16.5
10,25,1967,15.5
10,26,1967,16.5
10,27,1967,17.0
10,28,1967,17.0
10,29,1967,17.0
10,30,1967,16.5
10,31,1967,14.5
11,01,1967,14.0
11,02,1967,15.0
11,03,1967,13.5
11,04,1967,13.5
11,05,1967,4.0
11,06,1967,13.5
11,07,1967,14.5
11,08,1967,16.0
11,09,1967,16.5
11,10,1967,16.0
11,11,1967,18.0
11,12,1967,19.0
11,13,1967,15.5
11,14,1967,12.0
11,15,1967,19.5
11,16,1967,19.5
11,17,1967,20.5
11,18,1967,17.5
11,19,1967,19.0
11,20,1967,18.0
11,21,1967,17.5
11,22,1967,16.0
11,23,1967,15.0
11,24,1967,16.0
11,25,1967,11.0
11,26,1967,12.5
11,27,1967,14.0
11,28,1967,17.0
11,29,1967,18.0
11,30,1967,17.0
12,01,1967,14.5
12,02,1967,null
12,03,1967,null
12,04,1967,null
12,05,1967,null
12,06,1967,null
12,07,1967,null
12,08,1967,null
12,09,1967,null
12,10,1967,null
12,11,1967,null
12,12,1967,null
12,13,1967,null
12,14,1967,null
12,15,1967,null
12,16,1967,null
12,17,1967,null
12,18,1967,null
12,19,1967,null
12,20,1967,null
12,21,1967,null
12,22,1967,null
12,23,1967,null
12,24,1967,null
12,25,1967,null
12,26,1967,null
12,27,1967,null
12,28,1967,null
12,29,1967,null
12,30,1967,null
12,31,1967,null
01,01,1968,null
01,02,1968,13.0
01,03,1968,12.5
01,04,1968,13.5
01,05,1968,14.0
01,06,1968,13.5
01,07,1968,14.5
01,08,1968,15.5
01,09,1968,13.5
01,10,1968,12.5
01,11,1968,10.5
01,12,1968,13.0
01,13,1968,12.0
01,14,1968,13.5
01,15,1968,15.0
01,16,1968,13.0
01,17,1968,11.0
01,18,1968,11.0
01,19,1968,10.5
01,20,1968,11.5
01,21,1968,12.5
01,22,1968,12.0
01,23,1968,11.0
01,24,1968,10.5
01,25,1968,11.0
01,26,1968,11.5
01,27,1968,15.0
01,28,1968,13.0
01,29,1968,13.5
01,30,1968,14.5
01,31,1968,15.0
02,01,1968,18.0
02,02,1968,15.5
02,03,1968,14.0
02,04,1968,14.0
02,05,1968,13.0
02,06,1968,13.5
02,07,1968,12.5
02,08,1968,12.0
02,09,1968,11.0
02,10,1968,13.0
02,11,1968,12.5
02,12,1968,12.0
02,13,1968,10.0
02,14,1968,12.5
02,15,1968,11.5
02,16,1968,16.5
02,17,1968,13.5
02,18,1968,8.5
02,19,1968,11.0
02,20,1968,11.5
02,21,1968,13.0
02,22,1968,14.0
02,23,1968,15.0
02,24,1968,13.5
02,25,1968,15.5
02,26,1968,16.5
02,27,1968,16.5
02,28,1968,17.0
02,29,1968,17.5
03,01,1968,null
03,02,1968,13.5
03,03,1968,12.5
03,04,1968,10.0
03,05,1968,10.0
03,06,1968,8.5
03,07,1968,14.5
03,08,1968,14.0
03,09,1968,15.0
03,10,1968,13.5
03,11,1968,14.0
03,12,1968,11.0
03,13,1968,8.0
03,14,1968,11.5
03,15,1968,14.0
03,16,1968,14.5
03,17,1968,17.0
03,18,1968,17.0
03,19,1968,16.0
03,20,1968,15.5
03,21,1968,14.0
03,22,1968,15.0
03,23,1968,10.0
03,24,1968,13.5
03,25,1968,14.5
03,26,1968,16.0
03,27,1968,17.0
03,28,1968,16.5
03,29,1968,18.5
03,30,1968,20.0
03,31,1968,20.0
04,01,1968,19.5
04,02,1968,null
04,03,1968,null
04,04,1968,null
04,05,1968,null
04,06,1968,null
04,07,1968,null
04,08,1968,null
04,09,1968,null
04,10,1968,null
04,11,1968,null
04,12,1968,null
04,13,1968,null
04,14,1968,null
04,15,1968,null
04,16,1968,null
04,17,1968,null
04,18,1968,null
04,19,1968,null
04,20,1968,null
04,21,1968,null
04,22,1968,null
04,23,1968,null
04,24,1968,null
04,25,1968,null
04,26,1968,null
04,27,1968,null
04,28,1968,null
04,29,1968,null
04,30,1968,null
05,01,1968,null
05,02,1968,19.5
05,03,1968,18.5
05,04,1968,19.5
05,05,1968,20.5
05,06,1968,22.0
05,07,1968,21.5
05,08,1968,22.5
05,09,1968,21.0
05,10,1968,21.5
05,11,1968,23.0
05,12,1968,22.0
05,13,1968,18.5
05,14,1968,19.5
05,15,1968,21.0
05,16,1968,23.0
05,17,1968,23.0
05,18,1968,22.5
05,19,1968,22.5
05,20,1968,23.5
05,21,1968,20.5
05,22,1968,21.5
05,23,1968,20.5
05,24,1968,19.0
05,25,1968,20.0
05,26,1968,22.5
05,27,1968,22.5
05,28,1968,22.5
05,29,1968,22.5
05,30,1968,24.0
05,31,1968,23.5
06,01,1968,21.5
06,02,1968,21.5
06,03,1968,23.0
06,04,1968,22.5
06,05,1968,21.0
06,06,1968,23.0
06,07,1968,19.5
06,08,1968,20.0
06,09,1968,18.5
06,10,1968,20.0
06,11,1968,21.0
06,12,1968,20.5
06,13,1968,22.5
06,14,1968,18.5
06,15,1968,22.5
06,16,1968,23.0
06,17,1968,21.5
06,18,1968,22.5
06,19,1968,24.0
06,20,1968,20.5
06,21,1968,20.5
06,22,1968,22.5
06,23,1968,22.5
06,24,1968,21.5
06,25,1968,19.5
06,26,1968,22.0
06,27,1968,20.0
06,28,1968,19.5
06,29,1968,21.0
06,30,1968,20.0
07,01,1968,null
07,02,1968,20.0
07,03,1968,20.5
07,04,1968,19.0
07,05,1968,18.5
07,06,1968,19.0
07,07,1968,18.5
07,08,1968,21.0
07,09,1968,21.0
07,10,1968,22.5
07,11,1968,22.5
07,12,1968,20.0
07,13,1968,19.5
07,14,1968,20.0
07,15,1968,18.0
07,16,1968,17.5
07,17,1968,20.0
07,18,1968,20.0
07,19,1968,19.5
07,20,1968,18.5
07,21,1968,20.0
07,22,1968,20.0
07,23,1968,20.0
07,24,1968,20.0
07,25,1968,21.5
07,26,1968,21.5
07,27,1968,20.0
07,28,1968,19.0
07,29,1968,20.0
07,30,1968,20.5
07,31,1968,19.5
08,01,1968,19.0
08,02,1968,17.0
08,03,1968,19.0
08,04,1968,18.5
08,05,1968,19.0
08,06,1968,19.0
08,07,1968,19.0
08,08,1968,19.5
08,09,1968,19.5
08,10,1968,21.0
08,11,1968,20.0
08,12,1968,21.0
08,13,1968,21.5
08,14,1968,22.0
08,15,1968,19.5
08,16,1968,20.0
08,17,1968,19.5
08,18,1968,20.0
08,19,1968,20.5
08,20,1968,19.5
08,21,1968,19.0
08,22,1968,19.5
08,23,1968,19.5
08,24,1968,19.0
08,25,1968,19.5
08,26,1968,20.0
08,27,1968,20.0
08,28,1968,20.0
08,29,1968,20.0
08,30,1968,20.5
08,31,1968,21.0
09,01,1968,20.0
09,02,1968,19.5
09,03,1968,18.5
09,04,1968,19.5
09,05,1968,21.0
09,06,1968,20.0
09,07,1968,19.5
09,08,1968,18.5
09,09,1968,19.5
09,10,1968,20.0
09,11,1968,19.5
09,12,1968,16.0
09,13,1968,19.5
09,14,1968,19.5
09,15,1968,18.5
09,16,1968,18.0
09,17,1968,18.5
09,18,1968,19.5
09,19,1968,19.5
09,20,1968,18.0
09,21,1968,18.5
09,22,1968,21.0
09,23,1968,18.5
09,24,1968,18.5
09,25,1968,18.5
09,26,1968,20.0
09,27,1968,20.5
09,28,1968,20.5
09,29,1968,19.0
09,30,1968,19.0
10,01,1968,null
10,02,1968,20.0
10,03,1968,19.5
10,04,1968,19.0
10,05,1968,19.5
10,06,1968,18.0
10,07,1968,19.0
10,08,1968,18.0
10,09,1968,20.0
10,10,1968,20.0
10,11,1968,21.0
10,12,1968,18.5
10,13,1968,18.5
10,14,1968,18.5
10,15,1968,18.0
10,16,1968,18.5
10,17,1968,18.5
10,18,1968,18.0
10,19,1968,19.0
10,20,1968,19.5
10,21,1968,18.0
10,22,1968,18.5
10,23,1968,18.5
10,24,1968,16.5
10,25,1968,16.0
10,26,1968,15.5
10,27,1968,15.5
10,28,1968,15.5
10,29,1968,15.0
10,30,1968,15.0
10,31,1968,15.0
11,01,1968,15.0
11,02,1968,null
11,03,1968,null
11,04,1968,null
11,05,1968,null
11,06,1968,null
11,07,1968,null
11,08,1968,null
11,09,1968,null
11,10,1968,null
11,11,1968,null
11,12,1968,null
11,13,1968,null
11,14,1968,null
11,15,1968,null
11,16,1968,null
11,17,1968,null
11,18,1968,null
11,19,1968,null
11,20,1968,null
11,21,1968,null
11,22,1968,null
11,23,1968,null
11,24,1968,null
11,25,1968,null
11,26,1968,null
11,27,1968,null
11,28,1968,null
11,29,1968,null
11,30,1968,null
12,01,1968,null
12,02,1968,null
12,03,1968,null
12,04,1968,null
12,05,1968,null
12,06,1968,null
12,07,1968,null
12,08,1968,null
12,09,1968,null
12,10,1968,null
12,11,1968,null
12,12,1968,null
12,13,1968,null
12,14,1968,null
12,15,1968,null
12,16,1968,null
12,17,1968,null
12,18,1968,null
12,19,1968,null
12,20,1968,null
12,21,1968,null
12,22,1968,null
12,23,1968,null
12,24,1968,null
12,25,1968,null
12,26,1968,null
12,27,1968,null
12,28,1968,null
12,29,1968,null
12,30,1968,null
12,31,1968,null
01,01,1969,null
01,02,1969,12.5
01,03,1969,13.5
01,04,1969,13.0
01,05,1969,14.5
01,06,1969,13.0
01,07,1969,12.5
01,08,1969,11.0
01,09,1969,11.5
01,10,1969,12.5
01,11,1969,13.0
01,12,1969,13.0
01,13,1969,12.5
01,14,1969,13.5
01,15,1969,14.0
01,16,1969,14.0
01,17,1969,11.0
01,18,1969,12.5
01,19,1969,10.0
01,20,1969,11.0
01,21,1969,11.5
01,22,1969,11.0
01,23,1969,12.0
01,24,1969,12.0
01,25,1969,13.5
01,26,1969,14.0
01,27,1969,15.0
01,28,1969,13.0
01,29,1969,12.5
01,30,1969,12.5
01,31,1969,13.5
02,01,1969,14.5
02,02,1969,13.0
02,03,1969,13.0
02,04,1969,14.5
02,05,1969,14.0
02,06,1969,13.0
02,07,1969,14.5
02,08,1969,14.0
02,09,1969,15.0
02,10,1969,16.0
02,11,1969,14.0
02,12,1969,14.5
02,13,1969,13.0
02,14,1969,11.5
02,15,1969,12.5
02,16,1969,12.0
02,17,1969,12.5
02,18,1969,13.5
02,19,1969,14.5
02,20,1969,15.5
02,21,1969,13.0
02,22,1969,16.0
02,23,1969,null
02,24,1969,16.5
02,25,1969,15.5
02,26,1969,17.5
02,27,1969,17.5
02,28,1969,16.5
03,01,1969,null
03,02,1969,18.5
03,03,1969,17.0
03,04,1969,12.0
03,05,1969,13.5
03,06,1969,13.0
03,07,1969,12.5
03,08,1969,13.5
03,09,1969,14.0
03,10,1969,13.0
03,11,1969,16.5
03,12,1969,16.5
03,13,1969,13.0
03,14,1969,13.0
03,15,1969,13.5
03,16,1969,15.5
03,17,1969,12.5
03,18,1969,12.5
03,19,1969,12.5
03,20,1969,15.5
03,21,1969,15.5
03,22,1969,17.0
03,23,1969,17.0
03,24,1969,19.0
03,25,1969,16.5
03,26,1969,13.5
03,27,1969,17.0
03,28,1969,14.5
03,29,1969,14.0
03,30,1969,13.5
03,31,1969,13.0
04,01,1969,17.5
04,02,1969,16.5
04,03,1969,18.0
04,04,1969,17.5
04,05,1969,19.0
04,06,1969,17.0
04,07,1969,19.0
04,08,1969,20.0
04,09,1969,17.0
04,10,1969,17.5
04,11,1969,19.0
04,12,1969,17.5
04,13,1969,18.0
04,14,1969,15.0
04,15,1969,14.0
04,16,1969,15.0
04,17,1969,15.5
04,18,1969,16.0
04,19,1969,17.5
04,20,1969,17.5
04,21,1969,17.0
04,22,1969,19.0
04,23,1969,20.5
04,24,1969,18.5
04,25,1969,20.0
04,26,1969,19.5
04,27,1969,18.0
04,28,1969,18.5
04,29,1969,17.0
04,30,1969,17.0
05,01,1969,null
05,02,1969,null
05,03,1969,null
05,04,1969,null
05,05,1969,null
05,06,1969,null
05,07,1969,null
05,08,1969,null
05,09,1969,null
05,10,1969,null
05,11,1969,null
05,12,1969,null
05,13,1969,null
05,14,1969,null
05,15,1969,null
05,16,1969,null
05,17,1969,null
05,18,1969,null
05,19,1969,null
05,20,1969,null
05,21,1969,null
05,22,1969,null
05,23,1969,null
05,24,1969,null
05,25,1969,null
05,26,1969,null
05,27,1969,null
05,28,1969,null
05,29,1969,null
05,30,1969,null
05,31,1969,null
06,01,1969,null
06,02,1969,null
06,03,1969,null
06,04,1969,null
06,05,1969,null
06,06,1969,null
06,07,1969,null
06,08,1969,null
06,09,1969,null
06,10,1969,null
06,11,1969,null
06,12,1969,null
06,13,1969,null
06,14,1969,null
06,15,1969,null
06,16,1969,null
06,17,1969,null
06,18,1969,null
06,19,1969,null
06,20,1969,null
06,21,1969,null
06,22,1969,null
06,23,1969,null
06,24,1969,null
06,25,1969,null
06,26,1969,null
06,27,1969,null
06,28,1969,null
06,29,1969,null
06,30,1969,null
07,01,1969,null
07,02,1969,20.0
07,03,1969,23.0
07,04,1969,23.0
07,05,1969,25.0
07,06,1969,10.05
07,07,1969,18.95
07,08,1969,18.5
07,09,1969,19.5
07,10,1969,20.0
07,11,1969,21.0
07,12,1969,22.0
07,13,1969,20.5
07,14,1969,23.0
07,15,1969,22.5
07,16,1969,21.5
07,17,1969,20.5
07,18,1969,21.5
07,19,1969,20.0
07,20,1969,22.5
07,21,1969,23.0
07,22,1969,22.0
07,23,1969,23.0
07,24,1969,20.5
07,25,1969,22.0
07,26,1969,19.5
07,27,1969,19.5
07,28,1969,20.5
07,29,1969,20.0
07,30,1969,20.5
07,31,1969,20.5
08,01,1969,22.0
08,02,1969,22.0
08,03,1969,20.0
08,04,1969,20.0
08,05,1969,21.0
08,06,1969,22.0
08,07,1969,21.5
08,08,1969,20.5
08,09,1969,20.0
08,10,1969,20.0
08,11,1969,20.0
08,12,1969,21.5
08,13,1969,21.5
08,14,1969,21.0
08,15,1969,21.5
08,16,1969,21.0
08,17,1969,22.5
08,18,1969,21.0
08,19,1969,19.5
08,20,1969,22.0
08,21,1969,21.0
08,22,1969,21.5
08,23,1969,20.5
08,24,1969,20.5
08,25,1969,20.5
08,26,1969,19.0
08,27,1969,20.5
08,28,1969,21.5
08,29,1969,21.0
08,30,1969,21.0
08,31,1969,21.5
09,01,1969,20.0
09,02,1969,17.0
09,03,1969,19.5
09,04,1969,18.5
09,05,1969,20.5
09,06,1969,19.5
09,07,1969,21.0
09,08,1969,20.0
09,09,1969,19.5
09,10,1969,18.0
09,11,1969,19.5
09,12,1969,18.0
09,13,1969,17.0
09,14,1969,20.5
09,15,1969,18.0
09,16,1969,8.9
09,17,1969,22.0
09,18,1969,17.5
09,19,1969,18.5
09,20,1969,20.0
09,21,1969,20.5
09,22,1969,19.0
09,23,1969,21.5
09,24,1969,21.0
09,25,1969,21.5
09,26,1969,17.5
09,27,1969,21.0
09,28,1969,20.5
09,29,1969,18.0
09,30,1969,17.5
10,01,1969,null
10,02,1969,16.0
10,03,1969,14.5
10,04,1969,17.0
10,05,1969,18.5
10,06,1969,20.0
10,07,1969,20.0
10,08,1969,18.5
10,09,1969,18.0
10,10,1969,18.5
10,11,1969,20.0
10,12,1969,16.5
10,13,1969,18.0
10,14,1969,17.5
10,15,1969,19.0
10,16,1969,21.0
10,17,1969,19.0
10,18,1969,19.0
10,19,1969,19.5
10,20,1969,19.5
10,21,1969,19.0
10,22,1969,19.5
10,23,1969,19.5
10,24,1969,17.0
10,25,1969,20.5
10,26,1969,20.5
10,27,1969,17.0
10,28,1969,17.5
10,29,1969,17.5
10,30,1969,17.5
10,31,1969,14.5
11,01,1969,null
11,02,1969,14.0
11,03,1969,13.5
11,04,1969,15.0
11,05,1969,13.5
11,06,1969,15.5
11,07,1969,17.0
11,08,1969,14.0
11,09,1969,14.0
11,10,1969,15.0
11,11,1969,14.0
11,12,1969,15.0
11,13,1969,16.0
11,14,1969,16.5
11,15,1969,13.5
11,16,1969,12.0
11,17,1969,11.0
11,18,1969,13.0
11,19,1969,15.0
11,20,1969,14.0
11,21,1969,11.5
11,22,1969,11.5
11,23,1969,11.5
11,24,1969,13.5
11,25,1969,14.0
11,26,1969,16.0
11,27,1969,15.0
11,28,1969,16.5
11,29,1969,15.5
11,30,1969,16.5
12,01,1969,null
12,02,1969,15.5
12,03,1969,14.5
12,04,1969,16.0
12,05,1969,15.5
12,06,1969,13.0
12,07,1969,13.5
12,08,1969,10.5
12,09,1969,13.5
12,10,1969,15.0
12,11,1969,11.0
12,12,1969,14.5
12,13,1969,14.0
12,14,1969,14.0
12,15,1969,12.0
12,16,1969,12.5
12,17,1969,13.0
12,18,1969,14.0
12,19,1969,13.0
12,20,1969,13.5
12,21,1969,16.0
12,22,1969,14.0
12,23,1969,1.35
12,24,1969,12.5
12,25,1969,13.0
12,26,1969,14.0
12,27,1969,14.5
12,28,1969,null
12,29,1969,15.5
12,30,1969,14.5
12,31,1969,14.5
01,01,1970,12.0
01,02,1970,null
01,03,1970,null
01,04,1970,null
01,05,1970,null
01,06,1970,null
01,07,1970,null
01,08,1970,null
01,09,1970,null
01,10,1970,null
01,11,1970,null
01,12,1970,null
01,13,1970,null
01,14,1970,null
01,15,1970,null
01,16,1970,null
01,17,1970,null
01,18,1970,null
01,19,1970,null
01,20,1970,null
01,21,1970,null
01,22,1970,null
01,23,1970,null
01,24,1970,null
01,25,1970,null
01,26,1970,null
01,27,1970,null
01,28,1970,null
01,29,1970,null
01,30,1970,null
01,31,1970,null
02,01,1970,null
02,02,1970,14.5
02,03,1970,12.0
02,04,1970,9.0
02,05,1970,8.0
02,06,1970,13.5
02,07,1970,16.0
02,08,1970,13.0
02,09,1970,13.5
02,10,1970,15.0
02,11,1970,12.0
02,12,1970,13.5
02,13,1970,11.5
02,14,1970,13.5
02,15,1970,13.0
02,16,1970,15.5
02,17,1970,16.0
02,18,1970,14.0
02,19,1970,14.5
02,20,1970,14.0
02,21,1970,16.0
02,22,1970,14.5
02,23,1970,10.0
02,24,1970,10.0
02,25,1970,15.0
02,26,1970,13.0
02,27,1970,15.0
02,28,1970,17.5
03,01,1970,null
03,02,1970,14.0
03,03,1970,15.5
03,04,1970,16.5
03,05,1970,10.5
03,06,1970,12.0
03,07,1970,13.0
03,08,1970,7.0
03,09,1970,11.0
03,10,1970,12.0
03,11,1970,11.5
03,12,1970,12.0
03,13,1970,14.0
03,14,1970,13.5
03,15,1970,14.0
03,16,1970,15.0
03,17,1970,16.0
03,18,1970,14.0
03,19,1970,16.5
03,20,1970,17.0
03,21,1970,17.5
03,22,1970,18.0
03,23,1970,15.5
03,24,1970,16.0
03,25,1970,18.5
03,26,1970,14.5
03,27,1970,16.5
03,28,1970,15.5
03,29,1970,16.0
03,30,1970,16.5
03,31,1970,14.5
04,01,1970,null
04,02,1970,17.5
04,03,1970,19.0
04,04,1970,15.5
04,05,1970,18.0
04,06,1970,18.0
04,07,1970,18.0
04,08,1970,18.5
04,09,1970,20.5
04,10,1970,20.0
04,11,1970,17.5
04,12,1970,16.0
04,13,1970,14.5
04,14,1970,15.0
04,15,1970,16.5
04,16,1970,18.5
04,17,1970,19.5
04,18,1970,20.0
04,19,1970,21.0
04,20,1970,16.5
04,21,1970,17.0
04,22,1970,17.5
04,23,1970,19.0
04,24,1970,21.0
04,25,1970,21.5
04,26,1970,23.5
04,27,1970,24.5
04,28,1970,24.0
04,29,1970,22.0
04,30,1970,23.0
05,01,1970,null
05,02,1970,null
05,03,1970,null
05,04,1970,null
05,05,1970,null
05,06,1970,null
05,07,1970,null
05,08,1970,null
05,09,1970,null
05,10,1970,null
05,11,1970,null
05,12,1970,null
05,13,1970,null
05,14,1970,null
05,15,1970,null
05,16,1970,null
05,17,1970,null
05,18,1970,null
05,19,1970,null
05,20,1970,null
05,21,1970,null
05,22,1970,null
05,23,1970,null
05,24,1970,null
05,25,1970,null
05,26,1970,null
05,27,1970,null
05,28,1970,null
05,29,1970,null
05,30,1970,null
05,31,1970,null
06,01,1970,null
06,02,1970,22.5
06,03,1970,19.5
06,04,1970,20.5
06,05,1970,19.5
06,06,1970,20.0
06,07,1970,23.0
06,08,1970,20.0
06,09,1970,22.0
06,10,1970,21.0
06,11,1970,21.0
06,12,1970,22.0
06,13,1970,23.0
06,14,1970,23.5
06,15,1970,24.5
06,16,1970,24.0
06,17,1970,24.5
06,18,1970,23.5
06,19,1970,23.0
06,20,1970,22.0
06,21,1970,21.0
06,22,1970,22.5
06,23,1970,20.0
06,24,1970,20.0
06,25,1970,20.0
06,26,1970,20.0
06,27,1970,18.5
06,28,1970,17.5
06,29,1970,18.0
06,30,1970,19.5
07,01,1970,null
07,02,1970,18.0
07,03,1970,19.0
07,04,1970,19.5
07,05,1970,19.5
07,06,1970,19.5
07,07,1970,19.5
07,08,1970,20.0
07,09,1970,20.0
07,10,1970,15.0
07,11,1970,20.5
07,12,1970,21.5
07,13,1970,21.5
07,14,1970,21.5
07,15,1970,24.0
07,16,1970,21.5
07,17,1970,22.0
07,18,1970,20.0
07,19,1970,18.5
07,20,1970,12.0
07,21,1970,20.0
07,22,1970,19.5
07,23,1970,19.5
07,24,1970,21.0
07,25,1970,21.0
07,26,1970,21.0
07,27,1970,19.5
07,28,1970,20.5
07,29,1970,19.0
07,30,1970,19.5
07,31,1970,20.5
08,01,1970,19.0
08,02,1970,21.5
08,03,1970,21.5
08,04,1970,22.0
08,05,1970,22.5
08,06,1970,20.0
08,07,1970,20.5
08,08,1970,21.0
08,09,1970,20.5
08,10,1970,19.5
08,11,1970,21.0
08,12,1970,21.0
08,13,1970,19.5
08,14,1970,21.5
08,15,1970,20.5
08,16,1970,21.5
08,17,1970,20.0
08,18,1970,19.0
08,19,1970,19.0
08,20,1970,21.5
08,21,1970,20.0
08,22,1970,20.5
08,23,1970,19.0
08,24,1970,20.0
08,25,1970,19.0
08,26,1970,19.0
08,27,1970,16.5
08,28,1970,18.5
08,29,1970,19.0
08,30,1970,18.0
08,31,1970,20.5
09,01,1970,19.0
09,02,1970,null
09,03,1970,null
09,04,1970,null
09,05,1970,null
09,06,1970,null
09,07,1970,null
09,08,1970,null
09,09,1970,null
09,10,1970,null
09,11,1970,null
09,12,1970,null
09,13,1970,null
09,14,1970,null
09,15,1970,null
09,16,1970,null
09,17,1970,null
09,18,1970,null
09,19,1970,null
09,20,1970,null
09,21,1970,null
09,22,1970,null
09,23,1970,null
09,24,1970,null
09,25,1970,null
09,26,1970,null
09,27,1970,null
09,28,1970,null
09,29,1970,null
09,30,1970,null
10,01,1970,null
10,02,1970,17.5
10,03,1970,19.0
10,04,1970,18.5
10,05,1970,17.5
10,06,1970,18.5
10,07,1970,20.0
10,08,1970,18.5
10,09,1970,18.0
10,10,1970,17.0
10,11,1970,14.5
10,12,1970,14.0
10,13,1970,15.5
10,14,1970,15.0
10,15,1970,15.0
10,16,1970,17.5
10,17,1970,17.0
10,18,1970,18.0
10,19,1970,16.5
10,20,1970,15.5
10,21,1970,16.0
10,22,1970,17.0
10,23,1970,16.5
10,24,1970,17.0
10,25,1970,17.5
10,26,1970,17.0
10,27,1970,16.5
10,28,1970,15.5
10,29,1970,14.5
10,30,1970,14.5
10,31,1970,14.0
11,01,1970,14.5
11,02,1970,15.0
11,03,1970,14.0
11,04,1970,13.5
11,05,1970,12.5
11,06,1970,16.0
11,07,1970,17.5
11,08,1970,25.0
11,09,1970,14.5
11,10,1970,15.0
11,11,1970,15.5
11,12,1970,15.5
11,13,1970,16.0
11,14,1970,16.5
11,15,1970,13.0
11,16,1970,9.0
11,17,1970,10.0
11,18,1970,13.0
11,19,1970,12.0
11,20,1970,12.0
11,21,1970,14.0
11,22,1970,13.5
11,23,1970,14.5
11,24,1970,15.0
11,25,1970,14.0
11,26,1970,14.0
11,27,1970,14.5
11,28,1970,13.5
11,29,1970,14.0
11,30,1970,13.0
12,01,1970,null
12,02,1970,13.0
12,03,1970,13.5
12,04,1970,13.5
12,05,1970,13.5
12,06,1970,13.0
12,07,1970,14.0
12,08,1970,11.0
12,09,1970,12.5
12,10,1970,13.0
12,11,1970,12.0
12,12,1970,12.5
12,13,1970,10.5
12,14,1970,12.5
12,15,1970,12.0
12,16,1970,12.0
12,17,1970,13.0
12,18,1970,13.0
12,19,1970,13.0
12,20,1970,13.5
12,21,1970,14.0
12,22,1970,15.5
12,23,1970,13.5
12,24,1970,14.5
12,25,1970,15.0
12,26,1970,15.5
12,27,1970,15.0
12,28,1970,15.0
12,29,1970,15.0
12,30,1970,13.0
12,31,1970,13.5
01,01,1971,12.5
01,02,1971,null
01,03,1971,null
01,04,1971,null
01,05,1971,null
01,06,1971,null
01,07,1971,null
01,08,1971,null
01,09,1971,null
01,10,1971,null
01,11,1971,null
01,12,1971,null
01,13,1971,null
01,14,1971,null
01,15,1971,null
01,16,1971,null
01,17,1971,null
01,18,1971,null
01,19,1971,null
01,20,1971,null
01,21,1971,null
01,22,1971,null
01,23,1971,null
01,24,1971,null
01,25,1971,null
01,26,1971,null
01,27,1971,null
01,28,1971,null
01,29,1971,null
01,30,1971,null
01,31,1971,null
02,01,1971,null
02,02,1971,null
02,03,1971,null
02,04,1971,null
02,05,1971,null
02,06,1971,null
02,07,1971,null
02,08,1971,null
02,09,1971,null
02,10,1971,null
02,11,1971,null
02,12,1971,null
02,13,1971,null
02,14,1971,null
02,15,1971,null
02,16,1971,null
02,17,1971,null
02,18,1971,null
02,19,1971,null
02,20,1971,null
02,21,1971,null
02,22,1971,null
02,23,1971,null
02,24,1971,null
02,25,1971,null
02,26,1971,null
02,27,1971,null
02,28,1971,null
03,01,1971,null
03,02,1971,null
03,03,1971,null
03,04,1971,null
03,05,1971,null
03,06,1971,null
03,07,1971,null
03,08,1971,null
03,09,1971,null
03,10,1971,null
03,11,1971,null
03,12,1971,null
03,13,1971,null
03,14,1971,null
03,15,1971,null
03,16,1971,null
03,17,1971,null
03,18,1971,null
03,19,1971,null
03,20,1971,null
03,21,1971,null
03,22,1971,null
03,23,1971,null
03,24,1971,null
03,25,1971,null
03,26,1971,null
03,27,1971,null
03,28,1971,null
03,29,1971,null
03,30,1971,null
03,31,1971,null
04,01,1971,null
04,02,1971,null
04,03,1971,null
04,04,1971,null
04,05,1971,null
04,06,1971,null
04,07,1971,null
04,08,1971,null
04,09,1971,null
04,10,1971,null
04,11,1971,null
04,12,1971,null
04,13,1971,null
04,14,1971,null
04,15,1971,null
04,16,1971,null
04,17,1971,null
04,18,1971,null
04,19,1971,null
04,20,1971,null
04,21,1971,null
04,22,1971,null
04,23,1971,null
04,24,1971,null
04,25,1971,null
04,26,1971,null
04,27,1971,null
04,28,1971,null
04,29,1971,null
04,30,1971,null
05,01,1971,null
05,02,1971,null
05,03,1971,null
05,04,1971,null
05,05,1971,null
05,06,1971,null
05,07,1971,null
05,08,1971,null
05,09,1971,null
05,10,1971,null
05,11,1971,null
05,12,1971,null
05,13,1971,null
05,14,1971,null
05,15,1971,null
05,16,1971,null
05,17,1971,null
05,18,1971,null
05,19,1971,null
05,20,1971,null
05,21,1971,null
05,22,1971,null
05,23,1971,null
05,24,1971,null
05,25,1971,null
05,26,1971,null
05,27,1971,null
05,28,1971,null
05,29,1971,null
05,30,1971,null
05,31,1971,null
06,01,1971,null
06,02,1971,null
06,03,1971,null
06,04,1971,null
06,05,1971,null
06,06,1971,null
06,07,1971,null
06,08,1971,null
06,09,1971,null
06,10,1971,null
06,11,1971,null
06,12,1971,null
06,13,1971,null
06,14,1971,null
06,15,1971,null
06,16,1971,null
06,17,1971,null
06,18,1971,null
06,19,1971,null
06,20,1971,null
06,21,1971,null
06,22,1971,null
06,23,1971,null
06,24,1971,null
06,25,1971,null
06,26,1971,null
06,27,1971,null
06,28,1971,null
06,29,1971,null
06,30,1971,null
07,01,1971,null
07,02,1971,null
07,03,1971,null
07,04,1971,null
07,05,1971,null
07,06,1971,null
07,07,1971,null
07,08,1971,null
07,09,1971,null
07,10,1971,null
07,11,1971,null
07,12,1971,null
07,13,1971,null
07,14,1971,null
07,15,1971,null
07,16,1971,null
07,17,1971,null
07,18,1971,null
07,19,1971,null
07,20,1971,null
07,21,1971,null
07,22,1971,null
07,23,1971,null
07,24,1971,null
07,25,1971,null
07,26,1971,null
07,27,1971,null
07,28,1971,null
07,29,1971,null
07,30,1971,null
07,31,1971,null
08,01,1971,null
08,02,1971,null
08,03,1971,null
08,04,1971,null
08,05,1971,null
08,06,1971,null
08,07,1971,null
08,08,1971,null
08,09,1971,null
08,10,1971,null
08,11,1971,null
08,12,1971,null
08,13,1971,null
08,14,1971,null
08,15,1971,null
08,16,1971,null
08,17,1971,null
08,18,1971,null
08,19,1971,null
08,20,1971,null
08,21,1971,null
08,22,1971,null
08,23,1971,null
08,24,1971,null
08,25,1971,null
08,26,1971,null
08,27,1971,null
08,28,1971,null
08,29,1971,null
08,30,1971,null
08,31,1971,null
09,01,1971,null
09,02,1971,null
09,03,1971,null
09,04,1971,null
09,05,1971,null
09,06,1971,null
09,07,1971,null
09,08,1971,null
09,09,1971,null
09,10,1971,null
09,11,1971,null
09,12,1971,null
09,13,1971,null
09,14,1971,null
09,15,1971,null
09,16,1971,null
09,17,1971,null
09,18,1971,null
09,19,1971,null
09,20,1971,null
09,21,1971,null
09,22,1971,null
09,23,1971,null
09,24,1971,null
09,25,1971,null
09,26,1971,null
09,27,1971,null
09,28,1971,null
09,29,1971,null
09,30,1971,null
10,01,1971,null
10,02,1971,null
10,03,1971,null
10,04,1971,null
10,05,1971,null
10,06,1971,null
10,07,1971,null
10,08,1971,null
10,09,1971,null
10,10,1971,null
10,11,1971,null
10,12,1971,null
10,13,1971,null
10,14,1971,null
10,15,1971,null
10,16,1971,null
10,17,1971,null
10,18,1971,null
10,19,1971,null
10,20,1971,null
10,21,1971,null
10,22,1971,null
10,23,1971,null
10,24,1971,null
10,25,1971,null
10,26,1971,null
10,27,1971,null
10,28,1971,null
10,29,1971,null
10,30,1971,null
10,31,1971,null
11,01,1971,null
11,02,1971,null
11,03,1971,null
11,04,1971,null
11,05,1971,null
11,06,1971,null
11,07,1971,null
11,08,1971,null
11,09,1971,null
11,10,1971,null
11,11,1971,null
11,12,1971,null
11,13,1971,null
11,14,1971,null
11,15,1971,null
11,16,1971,null
11,17,1971,null
11,18,1971,null
11,19,1971,null
11,20,1971,null
11,21,1971,null
11,22,1971,null
11,23,1971,null
11,24,1971,null
11,25,1971,null
11,26,1971,null
11,27,1971,null
11,28,1971,null
11,29,1971,null
11,30,1971,null
12,01,1971,null
12,02,1971,null
12,03,1971,null
12,04,1971,null
12,05,1971,null
12,06,1971,null
12,07,1971,null
12,08,1971,null
12,09,1971,null
12,10,1971,null
12,11,1971,null
12,12,1971,null
12,13,1971,null
12,14,1971,null
12,15,1971,null
12,16,1971,null
12,17,1971,null
12,18,1971,null
12,19,1971,null
12,20,1971,null
12,21,1971,null
12,22,1971,null
12,23,1971,null
12,24,1971,null
12,25,1971,null
12,26,1971,null
12,27,1971,null
12,28,1971,null
12,29,1971,null
12,30,1971,null
12,31,1971,null
01,01,1972,null
01,02,1972,null
01,03,1972,null
01,04,1972,null
01,05,1972,null
01,06,1972,null
01,07,1972,null
01,08,1972,null
01,09,1972,null
01,10,1972,null
01,11,1972,null
01,12,1972,null
01,13,1972,null
01,14,1972,null
01,15,1972,null
01,16,1972,null
01,17,1972,null
01,18,1972,null
01,19,1972,null
01,20,1972,null
01,21,1972,null
01,22,1972,null
01,23,1972,null
01,24,1972,null
01,25,1972,null
01,26,1972,null
01,27,1972,null
01,28,1972,null
01,29,1972,null
01,30,1972,null
01,31,1972,null
02,01,1972,null
02,02,1972,null
02,03,1972,null
02,04,1972,null
02,05,1972,null
02,06,1972,null
02,07,1972,null
02,08,1972,null
02,09,1972,null
02,10,1972,null
02,11,1972,null
02,12,1972,null
02,13,1972,null
02,14,1972,null
02,15,1972,null
02,16,1972,null
02,17,1972,null
02,18,1972,null
02,19,1972,null
02,20,1972,null
02,21,1972,null
02,22,1972,null
02,23,1972,null
02,24,1972,null
02,25,1972,null
02,26,1972,null
02,27,1972,null
02,28,1972,null
02,29,1972,null
03,01,1972,null
03,02,1972,null
03,03,1972,null
03,04,1972,null
03,05,1972,null
03,06,1972,null
03,07,1972,null
03,08,1972,null
03,09,1972,null
03,10,1972,null
03,11,1972,null
03,12,1972,null
03,13,1972,null
03,14,1972,null
03,15,1972,null
03,16,1972,null
03,17,1972,null
03,18,1972,null
03,19,1972,null
03,20,1972,null
03,21,1972,null
03,22,1972,null
03,23,1972,null
03,24,1972,null
03,25,1972,null
03,26,1972,null
03,27,1972,null
03,28,1972,null
03,29,1972,null
03,30,1972,null
03,31,1972,null
04,01,1972,null
04,02,1972,null
04,03,1972,null
04,04,1972,null
04,05,1972,null
04,06,1972,null
04,07,1972,null
04,08,1972,null
04,09,1972,null
04,10,1972,null
04,11,1972,null
04,12,1972,null
04,13,1972,null
04,14,1972,null
04,15,1972,null
04,16,1972,null
04,17,1972,null
04,18,1972,null
04,19,1972,null
04,20,1972,null
04,21,1972,null
04,22,1972,null
04,23,1972,null
04,24,1972,null
04,25,1972,null
04,26,1972,null
04,27,1972,null
04,28,1972,null
04,29,1972,null
04,30,1972,null
05,01,1972,null
05,02,1972,null
05,03,1972,null
05,04,1972,null
05,05,1972,null
05,06,1972,null
05,07,1972,null
05,08,1972,null
05,09,1972,null
05,10,1972,null
05,11,1972,null
05,12,1972,null
05,13,1972,null
05,14,1972,null
05,15,1972,null
05,16,1972,null
05,17,1972,null
05,18,1972,null
05,19,1972,null
05,20,1972,null
05,21,1972,null
05,22,1972,null
05,23,1972,null
05,24,1972,null
05,25,1972,null
05,26,1972,null
05,27,1972,null
05,28,1972,null
05,29,1972,null
05,30,1972,null
05,31,1972,null
06,01,1972,null
06,02,1972,null
06,03,1972,null
06,04,1972,null
06,05,1972,null
06,06,1972,null
06,07,1972,null
06,08,1972,null
06,09,1972,null
06,10,1972,null
06,11,1972,null
06,12,1972,null
06,13,1972,null
06,14,1972,null
06,15,1972,null
06,16,1972,null
06,17,1972,null
06,18,1972,null
06,19,1972,null
06,20,1972,null
06,21,1972,null
06,22,1972,null
06,23,1972,null
06,24,1972,null
06,25,1972,null
06,26,1972,null
06,27,1972,null
06,28,1972,null
06,29,1972,null
06,30,1972,null
07,01,1972,null
07,02,1972,null
07,03,1972,null
07,04,1972,null
07,05,1972,null
07,06,1972,null
07,07,1972,null
07,08,1972,null
07,09,1972,null
07,10,1972,null
07,11,1972,null
07,12,1972,null
07,13,1972,null
07,14,1972,null
07,15,1972,null
07,16,1972,null
07,17,1972,null
07,18,1972,null
07,19,1972,null
07,20,1972,null
07,21,1972,null
07,22,1972,null
07,23,1972,null
07,24,1972,null
07,25,1972,null
07,26,1972,null
07,27,1972,null
07,28,1972,null
07,29,1972,null
07,30,1972,null
07,31,1972,null
08,01,1972,null
08,02,1972,null
08,03,1972,null
08,04,1972,null
08,05,1972,null
08,06,1972,null
08,07,1972,null
08,08,1972,null
08,09,1972,null
08,10,1972,null
08,11,1972,null
08,12,1972,null
08,13,1972,null
08,14,1972,null
08,15,1972,null
08,16,1972,null
08,17,1972,null
08,18,1972,null
08,19,1972,null
08,20,1972,null
08,21,1972,null
08,22,1972,null
08,23,1972,null
08,24,1972,null
08,25,1972,null
08,26,1972,null
08,27,1972,null
08,28,1972,null
08,29,1972,null
08,30,1972,null
08,31,1972,null
09,01,1972,null
09,02,1972,null
09,03,1972,null
09,04,1972,null
09,05,1972,null
09,06,1972,null
09,07,1972,null
09,08,1972,null
09,09,1972,null
09,10,1972,null
09,11,1972,null
09,12,1972,null
09,13,1972,null
09,14,1972,null
09,15,1972,null
09,16,1972,null
09,17,1972,null
09,18,1972,null
09,19,1972,null
09,20,1972,null
09,21,1972,null
09,22,1972,null
09,23,1972,null
09,24,1972,null
09,25,1972,null
09,26,1972,null
09,27,1972,null
09,28,1972,null
09,29,1972,null
09,30,1972,null
10,01,1972,null
10,02,1972,null
10,03,1972,null
10,04,1972,null
10,05,1972,null
10,06,1972,null
10,07,1972,null
10,08,1972,null
10,09,1972,null
10,10,1972,null
10,11,1972,null
10,12,1972,null
10,13,1972,null
10,14,1972,null
10,15,1972,null
10,16,1972,null
10,17,1972,null
10,18,1972,null
10,19,1972,null
10,20,1972,null
10,21,1972,null
10,22,1972,null
10,23,1972,null
10,24,1972,null
10,25,1972,null
10,26,1972,null
10,27,1972,null
10,28,1972,null
10,29,1972,null
10,30,1972,null
10,31,1972,null
11,01,1972,null
11,02,1972,null
11,03,1972,null
11,04,1972,null
11,05,1972,null
11,06,1972,null
11,07,1972,null
11,08,1972,null
11,09,1972,null
11,10,1972,null
11,11,1972,null
11,12,1972,null
11,13,1972,null
11,14,1972,null
11,15,1972,null
11,16,1972,null
11,17,1972,null
11,18,1972,null
11,19,1972,null
11,20,1972,null
11,21,1972,null
11,22,1972,null
11,23,1972,null
11,24,1972,null
11,25,1972,null
11,26,1972,null
11,27,1972,null
11,28,1972,null
11,29,1972,null
11,30,1972,null
12,01,1972,null
12,02,1972,null
12,03,1972,null
12,04,1972,null
12,05,1972,null
12,06,1972,null
12,07,1972,null
12,08,1972,null
12,09,1972,null
12,10,1972,null
12,11,1972,null
12,12,1972,null
12,13,1972,null
12,14,1972,null
12,15,1972,null
12,16,1972,null
12,17,1972,null
12,18,1972,null
12,19,1972,null
12,20,1972,null
12,21,1972,null
12,22,1972,null
12,23,1972,null
12,24,1972,null
12,25,1972,null
12,26,1972,null
12,27,1972,null
12,28,1972,null
12,29,1972,null
12,30,1972,null
12,31,1972,null
01,01,1973,null
01,02,1973,null
01,03,1973,null
01,04,1973,null
01,05,1973,null
01,06,1973,null
01,07,1973,null
01,08,1973,null
01,09,1973,null
01,10,1973,null
01,11,1973,null
01,12,1973,null
01,13,1973,null
01,14,1973,null
01,15,1973,null
01,16,1973,null
01,17,1973,null
01,18,1973,null
01,19,1973,null
01,20,1973,null
01,21,1973,null
01,22,1973,null
01,23,1973,null
01,24,1973,null
01,25,1973,null
01,26,1973,null
01,27,1973,null
01,28,1973,null
01,29,1973,null
01,30,1973,null
01,31,1973,null
02,01,1973,null
02,02,1973,null
02,03,1973,null
02,04,1973,null
02,05,1973,null
02,06,1973,null
02,07,1973,null
02,08,1973,null
02,09,1973,null
02,10,1973,null
02,11,1973,null
02,12,1973,null
02,13,1973,null
02,14,1973,null
02,15,1973,null
02,16,1973,null
02,17,1973,null
02,18,1973,null
02,19,1973,null
02,20,1973,null
02,21,1973,null
02,22,1973,null
02,23,1973,null
02,24,1973,null
02,25,1973,null
02,26,1973,null
02,27,1973,null
02,28,1973,null
03,01,1973,null
03,02,1973,null
03,03,1973,null
03,04,1973,null
03,05,1973,null
03,06,1973,null
03,07,1973,null
03,08,1973,null
03,09,1973,null
03,10,1973,null
03,11,1973,null
03,12,1973,null
03,13,1973,null
03,14,1973,null
03,15,1973,null
03,16,1973,null
03,17,1973,null
03,18,1973,null
03,19,1973,null
03,20,1973,null
03,21,1973,null
03,22,1973,null
03,23,1973,null
03,24,1973,null
03,25,1973,null
03,26,1973,null
03,27,1973,null
03,28,1973,null
03,29,1973,null
03,30,1973,null
03,31,1973,null
04,01,1973,null
04,02,1973,null
04,03,1973,null
04,04,1973,null
04,05,1973,null
04,06,1973,null
04,07,1973,null
04,08,1973,null
04,09,1973,null
04,10,1973,null
04,11,1973,null
04,12,1973,null
04,13,1973,null
04,14,1973,null
04,15,1973,null
04,16,1973,null
04,17,1973,null
04,18,1973,null
04,19,1973,null
04,20,1973,null
04,21,1973,null
04,22,1973,null
04,23,1973,null
04,24,1973,null
04,25,1973,null
04,26,1973,null
04,27,1973,null
04,28,1973,null
04,29,1973,null
04,30,1973,null
05,01,1973,null
05,02,1973,null
05,03,1973,null
05,04,1973,null
05,05,1973,null
05,06,1973,null
05,07,1973,null
05,08,1973,null
05,09,1973,null
05,10,1973,null
05,11,1973,null
05,12,1973,null
05,13,1973,null
05,14,1973,null
05,15,1973,null
05,16,1973,null
05,17,1973,null
05,18,1973,null
05,19,1973,null
05,20,1973,null
05,21,1973,null
05,22,1973,null
05,23,1973,null
05,24,1973,null
05,25,1973,null
05,26,1973,null
05,27,1973,null
05,28,1973,null
05,29,1973,null
05,30,1973,null
05,31,1973,null
06,01,1973,null
06,02,1973,null
06,03,1973,null
06,04,1973,null
06,05,1973,null
06,06,1973,null
06,07,1973,null
06,08,1973,null
06,09,1973,null
06,10,1973,null
06,11,1973,null
06,12,1973,null
06,13,1973,null
06,14,1973,null
06,15,1973,null
06,16,1973,null
06,17,1973,null
06,18,1973,null
06,19,1973,null
06,20,1973,null
06,21,1973,null
06,22,1973,null
06,23,1973,null
06,24,1973,null
06,25,1973,null
06,26,1973,null
06,27,1973,null
06,28,1973,null
06,29,1973,null
06,30,1973,null
07,01,1973,null
07,02,1973,null
07,03,1973,null
07,04,1973,null
07,05,1973,null
07,06,1973,null
07,07,1973,null
07,08,1973,null
07,09,1973,null
07,10,1973,null
07,11,1973,null
07,12,1973,null
07,13,1973,null
07,14,1973,null
07,15,1973,null
07,16,1973,null
07,17,1973,null
07,18,1973,null
07,19,1973,null
07,20,1973,null
07,21,1973,null
07,22,1973,null
07,23,1973,null
07,24,1973,null
07,25,1973,null
07,26,1973,null
07,27,1973,null
07,28,1973,null
07,29,1973,null
07,30,1973,null
07,31,1973,null
08,01,1973,null
08,02,1973,null
08,03,1973,null
08,04,1973,null
08,05,1973,null
08,06,1973,null
08,07,1973,null
08,08,1973,null
08,09,1973,null
08,10,1973,null
08,11,1973,null
08,12,1973,null
08,13,1973,null
08,14,1973,null
08,15,1973,null
08,16,1973,null
08,17,1973,null
08,18,1973,null
08,19,1973,null
08,20,1973,null
08,21,1973,null
08,22,1973,null
08,23,1973,null
08,24,1973,null
08,25,1973,null
08,26,1973,null
08,27,1973,null
08,28,1973,null
08,29,1973,null
08,30,1973,null
08,31,1973,null
09,01,1973,null
09,02,1973,null
09,03,1973,null
09,04,1973,null
09,05,1973,null
09,06,1973,null
09,07,1973,null
09,08,1973,null
09,09,1973,null
09,10,1973,null
09,11,1973,null
09,12,1973,null
09,13,1973,null
09,14,1973,null
09,15,1973,null
09,16,1973,null
09,17,1973,null
09,18,1973,null
09,19,1973,null
09,20,1973,null
09,21,1973,null
09,22,1973,null
09,23,1973,null
09,24,1973,null
09,25,1973,null
09,26,1973,null
09,27,1973,null
09,28,1973,null
09,29,1973,null
09,30,1973,null
10,01,1973,null
10,02,1973,null
10,03,1973,null
10,04,1973,null
10,05,1973,null
10,06,1973,null
10,07,1973,null
10,08,1973,null
10,09,1973,null
10,10,1973,null
10,11,1973,null
10,12,1973,null
10,13,1973,null
10,14,1973,null
10,15,1973,null
10,16,1973,null
10,17,1973,null
10,18,1973,null
10,19,1973,null
10,20,1973,null
10,21,1973,null
10,22,1973,null
10,23,1973,null
10,24,1973,null
10,25,1973,null
10,26,1973,null
10,27,1973,null
10,28,1973,null
10,29,1973,null
10,30,1973,null
10,31,1973,null
11,01,1973,null
11,02,1973,null
11,03,1973,null
11,04,1973,null
11,05,1973,null
11,06,1973,null
11,07,1973,null
11,08,1973,null
11,09,1973,null
11,10,1973,null
11,11,1973,null
11,12,1973,null
11,13,1973,null
11,14,1973,null
11,15,1973,null
11,16,1973,null
11,17,1973,null
11,18,1973,null
11,19,1973,null
11,20,1973,null
11,21,1973,null
11,22,1973,null
11,23,1973,null
11,24,1973,null
11,25,1973,null
11,26,1973,null
11,27,1973,null
11,28,1973,null
11,29,1973,null
11,30,1973,null
12,01,1973,null
12,02,1973,null
12,03,1973,null
12,04,1973,null
12,05,1973,null
12,06,1973,null
12,07,1973,null
12,08,1973,null
12,09,1973,null
12,10,1973,null
12,11,1973,null
12,12,1973,null
12,13,1973,null
12,14,1973,null
12,15,1973,null
12,16,1973,null
12,17,1973,null
12,18,1973,null
12,19,1973,null
12,20,1973,null
12,21,1973,null
12,22,1973,null
12,23,1973,null
12,24,1973,null
12,25,1973,null
12,26,1973,null
12,27,1973,null
12,28,1973,null
12,29,1973,null
12,30,1973,null
12,31,1973,null
01,01,1974,null
01,02,1974,null
01,03,1974,null
01,04,1974,null
01,05,1974,null
01,06,1974,null
01,07,1974,null
01,08,1974,null
01,09,1974,null
01,10,1974,null
01,11,1974,null
01,12,1974,null
01,13,1974,null
01,14,1974,null
01,15,1974,null
01,16,1974,null
01,17,1974,null
01,18,1974,null
01,19,1974,null
01,20,1974,null
01,21,1974,null
01,22,1974,null
01,23,1974,null
01,24,1974,null
01,25,1974,null
01,26,1974,null
01,27,1974,null
01,28,1974,null
01,29,1974,null
01,30,1974,null
01,31,1974,null
02,01,1974,null
02,02,1974,null
02,03,1974,null
02,04,1974,null
02,05,1974,null
02,06,1974,null
02,07,1974,null
02,08,1974,null
02,09,1974,null
02,10,1974,null
02,11,1974,null
02,12,1974,null
02,13,1974,null
02,14,1974,null
02,15,1974,null
02,16,1974,null
02,17,1974,null
02,18,1974,null
02,19,1974,null
02,20,1974,null
02,21,1974,null
02,22,1974,null
02,23,1974,null
02,24,1974,null
02,25,1974,null
02,26,1974,null
02,27,1974,null
02,28,1974,null
03,01,1974,null
03,02,1974,null
03,03,1974,null
03,04,1974,null
03,05,1974,null
03,06,1974,null
03,07,1974,null
03,08,1974,null
03,09,1974,null
03,10,1974,null
03,11,1974,null
03,12,1974,null
03,13,1974,null
03,14,1974,null
03,15,1974,null
03,16,1974,null
03,17,1974,null
03,18,1974,null
03,19,1974,null
03,20,1974,null
03,21,1974,null
03,22,1974,null
03,23,1974,null
03,24,1974,null
03,25,1974,null
03,26,1974,null
03,27,1974,null
03,28,1974,null
03,29,1974,null
03,30,1974,null
03,31,1974,null
04,01,1974,null
04,02,1974,null
04,03,1974,null
04,04,1974,null
04,05,1974,null
04,06,1974,null
04,07,1974,null
04,08,1974,null
04,09,1974,null
04,10,1974,null
04,11,1974,null
04,12,1974,null
04,13,1974,null
04,14,1974,null
04,15,1974,null
04,16,1974,null
04,17,1974,null
04,18,1974,null
04,19,1974,null
04,20,1974,null
04,21,1974,null
04,22,1974,null
04,23,1974,null
04,24,1974,null
04,25,1974,null
04,26,1974,null
04,27,1974,null
04,28,1974,null
04,29,1974,null
04,30,1974,null
05,01,1974,null
05,02,1974,null
05,03,1974,null
05,04,1974,null
05,05,1974,null
05,06,1974,null
05,07,1974,null
05,08,1974,null
05,09,1974,null
05,10,1974,null
05,11,1974,null
05,12,1974,null
05,13,1974,null
05,14,1974,null
05,15,1974,null
05,16,1974,null
05,17,1974,null
05,18,1974,null
05,19,1974,null
05,20,1974,null
05,21,1974,null
05,22,1974,null
05,23,1974,null
05,24,1974,null
05,25,1974,null
05,26,1974,null
05,27,1974,null
05,28,1974,null
05,29,1974,null
05,30,1974,null
05,31,1974,null
06,01,1974,null
06,02,1974,null
06,03,1974,null
06,04,1974,null
06,05,1974,null
06,06,1974,null
06,07,1974,null
06,08,1974,null
06,09,1974,null
06,10,1974,null
06,11,1974,null
06,12,1974,null
06,13,1974,null
06,14,1974,null
06,15,1974,null
06,16,1974,null
06,17,1974,null
06,18,1974,null
06,19,1974,null
06,20,1974,null
06,21,1974,null
06,22,1974,null
06,23,1974,null
06,24,1974,null
06,25,1974,null
06,26,1974,null
06,27,1974,null
06,28,1974,null
06,29,1974,null
06,30,1974,null
07,01,1974,null
07,02,1974,null
07,03,1974,null
07,04,1974,null
07,05,1974,null
07,06,1974,null
07,07,1974,null
07,08,1974,null
07,09,1974,null
07,10,1974,null
07,11,1974,null
07,12,1974,null
07,13,1974,null
07,14,1974,null
07,15,1974,null
07,16,1974,null
07,17,1974,null
07,18,1974,null
07,19,1974,null
07,20,1974,null
07,21,1974,null
07,22,1974,null
07,23,1974,null
07,24,1974,null
07,25,1974,null
07,26,1974,null
07,27,1974,null
07,28,1974,null
07,29,1974,null
07,30,1974,null
07,31,1974,null
08,01,1974,null
08,02,1974,null
08,03,1974,null
08,04,1974,null
08,05,1974,null
08,06,1974,null
08,07,1974,null
08,08,1974,null
08,09,1974,null
08,10,1974,null
08,11,1974,null
08,12,1974,null
08,13,1974,null
08,14,1974,null
08,15,1974,null
08,16,1974,null
08,17,1974,null
08,18,1974,null
08,19,1974,null
08,20,1974,null
08,21,1974,null
08,22,1974,null
08,23,1974,null
08,24,1974,null
08,25,1974,null
08,26,1974,null
08,27,1974,null
08,28,1974,null
08,29,1974,null
08,30,1974,null
08,31,1974,null
09,01,1974,null
09,02,1974,null
09,03,1974,null
09,04,1974,null
09,05,1974,null
09,06,1974,null
09,07,1974,null
09,08,1974,null
09,09,1974,null
09,10,1974,null
09,11,1974,null
09,12,1974,null
09,13,1974,null
09,14,1974,null
09,15,1974,null
09,16,1974,null
09,17,1974,null
09,18,1974,null
09,19,1974,null
09,20,1974,null
09,21,1974,null
09,22,1974,null
09,23,1974,null
09,24,1974,null
09,25,1974,null
09,26,1974,null
09,27,1974,null
09,28,1974,null
09,29,1974,null
09,30,1974,null
10,01,1974,null
10,02,1974,null
10,03,1974,null
10,04,1974,null
10,05,1974,null
10,06,1974,null
10,07,1974,null
10,08,1974,null
10,09,1974,null
10,10,1974,null
10,11,1974,null
10,12,1974,null
10,13,1974,null
10,14,1974,null
10,15,1974,null
10,16,1974,null
10,17,1974,null
10,18,1974,null
10,19,1974,null
10,20,1974,null
10,21,1974,null
10,22,1974,null
10,23,1974,null
10,24,1974,null
10,25,1974,null
10,26,1974,null
10,27,1974,null
10,28,1974,null
10,29,1974,null
10,30,1974,null
10,31,1974,null
11,01,1974,null
11,02,1974,null
11,03,1974,null
11,04,1974,null
11,05,1974,null
11,06,1974,null
11,07,1974,null
11,08,1974,null
11,09,1974,null
11,10,1974,null
11,11,1974,null
11,12,1974,null
11,13,1974,null
11,14,1974,null
11,15,1974,null
11,16,1974,null
11,17,1974,null
11,18,1974,null
11,19,1974,null
11,20,1974,null
11,21,1974,null
11,22,1974,null
11,23,1974,null
11,24,1974,null
11,25,1974,null
11,26,1974,null
11,27,1974,null
11,28,1974,null
11,29,1974,null
11,30,1974,null
12,01,1974,null
12,02,1974,null
12,03,1974,null
12,04,1974,null
12,05,1974,null
12,06,1974,null
12,07,1974,null
12,08,1974,null
12,09,1974,null
12,10,1974,null
12,11,1974,null
12,12,1974,null
12,13,1974,null
12,14,1974,null
12,15,1974,null
12,16,1974,null
12,17,1974,null
12,18,1974,null
12,19,1974,null
12,20,1974,null
12,21,1974,null
12,22,1974,null
12,23,1974,null
12,24,1974,null
12,25,1974,null
12,26,1974,null
12,27,1974,null
12,28,1974,null
12,29,1974,null
12,30,1974,null
12,31,1974,null
01,01,1975,null
01,02,1975,null
01,03,1975,null
01,04,1975,null
01,05,1975,null
01,06,1975,null
01,07,1975,null
01,08,1975,null
01,09,1975,null
01,10,1975,null
01,11,1975,null
01,12,1975,null
01,13,1975,null
01,14,1975,null
01,15,1975,null
01,16,1975,null
01,17,1975,null
01,18,1975,null
01,19,1975,null
01,20,1975,null
01,21,1975,null
01,22,1975,null
01,23,1975,null
01,24,1975,null
01,25,1975,null
01,26,1975,null
01,27,1975,null
01,28,1975,null
01,29,1975,null
01,30,1975,null
01,31,1975,null
02,01,1975,null
02,02,1975,null
02,03,1975,null
02,04,1975,null
02,05,1975,null
02,06,1975,null
02,07,1975,null
02,08,1975,null
02,09,1975,null
02,10,1975,null
02,11,1975,null
02,12,1975,null
02,13,1975,null
02,14,1975,null
02,15,1975,null
02,16,1975,null
02,17,1975,null
02,18,1975,null
02,19,1975,null
02,20,1975,null
02,21,1975,null
02,22,1975,null
02,23,1975,null
02,24,1975,null
02,25,1975,null
02,26,1975,null
02,27,1975,null
02,28,1975,null
03,01,1975,null
03,02,1975,null
03,03,1975,null
03,04,1975,null
03,05,1975,null
03,06,1975,null
03,07,1975,null
03,08,1975,null
03,09,1975,null
03,10,1975,null
03,11,1975,null
03,12,1975,null
03,13,1975,null
03,14,1975,null
03,15,1975,null
03,16,1975,null
03,17,1975,null
03,18,1975,null
03,19,1975,null
03,20,1975,null
03,21,1975,null
03,22,1975,null
03,23,1975,null
03,24,1975,null
03,25,1975,null
03,26,1975,null
03,27,1975,null
03,28,1975,null
03,29,1975,null
03,30,1975,null
03,31,1975,null
04,01,1975,null
04,02,1975,null
04,03,1975,null
04,04,1975,null
04,05,1975,null
04,06,1975,null
04,07,1975,null
04,08,1975,null
04,09,1975,null
04,10,1975,null
04,11,1975,null
04,12,1975,null
04,13,1975,null
04,14,1975,null
04,15,1975,null
04,16,1975,null
04,17,1975,null
04,18,1975,null
04,19,1975,null
04,20,1975,null
04,21,1975,null
04,22,1975,null
04,23,1975,null
04,24,1975,null
04,25,1975,null
04,26,1975,null
04,27,1975,null
04,28,1975,null
04,29,1975,null
04,30,1975,null
05,01,1975,null
05,02,1975,null
05,03,1975,null
05,04,1975,null
05,05,1975,null
05,06,1975,null
05,07,1975,null
05,08,1975,null
05,09,1975,null
05,10,1975,null
05,11,1975,null
05,12,1975,null
05,13,1975,null
05,14,1975,null
05,15,1975,null
05,16,1975,null
05,17,1975,null
05,18,1975,null
05,19,1975,null
05,20,1975,null
05,21,1975,null
05,22,1975,null
05,23,1975,null
05,24,1975,null
05,25,1975,null
05,26,1975,null
05,27,1975,null
05,28,1975,null
05,29,1975,null
05,30,1975,null
05,31,1975,null
06,01,1975,null
06,02,1975,null
06,03,1975,null
06,04,1975,null
06,05,1975,null
06,06,1975,null
06,07,1975,null
06,08,1975,null
06,09,1975,null
06,10,1975,null
06,11,1975,null
06,12,1975,null
06,13,1975,null
06,14,1975,null
06,15,1975,null
06,16,1975,null
06,17,1975,null
06,18,1975,null
06,19,1975,null
06,20,1975,null
06,21,1975,null
06,22,1975,null
06,23,1975,null
06,24,1975,null
06,25,1975,null
06,26,1975,null
06,27,1975,null
06,28,1975,null
06,29,1975,null
06,30,1975,null
07,01,1975,null
07,02,1975,null
07,03,1975,null
07,04,1975,null
07,05,1975,null
07,06,1975,null
07,07,1975,null
07,08,1975,null
07,09,1975,null
07,10,1975,null
07,11,1975,null
07,12,1975,null
07,13,1975,null
07,14,1975,null
07,15,1975,null
07,16,1975,null
07,17,1975,null
07,18,1975,null
07,19,1975,null
07,20,1975,null
07,21,1975,null
07,22,1975,null
07,23,1975,null
07,24,1975,null
07,25,1975,null
07,26,1975,null
07,27,1975,null
07,28,1975,null
07,29,1975,null
07,30,1975,null
07,31,1975,null
08,01,1975,null
08,02,1975,null
08,03,1975,null
08,04,1975,null
08,05,1975,null
08,06,1975,null
08,07,1975,null
08,08,1975,null
08,09,1975,null
08,10,1975,null
08,11,1975,null
08,12,1975,null
08,13,1975,null
08,14,1975,null
08,15,1975,null
08,16,1975,null
08,17,1975,null
08,18,1975,null
08,19,1975,null
08,20,1975,null
08,21,1975,null
08,22,1975,null
08,23,1975,null
08,24,1975,null
08,25,1975,null
08,26,1975,null
08,27,1975,null
08,28,1975,null
08,29,1975,null
08,30,1975,null
08,31,1975,null
09,01,1975,null
09,02,1975,null
09,03,1975,null
09,04,1975,null
09,05,1975,null
09,06,1975,null
09,07,1975,null
09,08,1975,null
09,09,1975,null
09,10,1975,null
09,11,1975,null
09,12,1975,null
09,13,1975,null
09,14,1975,null
09,15,1975,null
09,16,1975,null
09,17,1975,null
09,18,1975,null
09,19,1975,null
09,20,1975,null
09,21,1975,null
09,22,1975,null
09,23,1975,null
09,24,1975,null
09,25,1975,null
09,26,1975,null
09,27,1975,null
09,28,1975,null
09,29,1975,null
09,30,1975,null
10,01,1975,null
10,02,1975,null
10,03,1975,null
10,04,1975,null
10,05,1975,null
10,06,1975,null
10,07,1975,null
10,08,1975,null
10,09,1975,null
10,10,1975,null
10,11,1975,null
10,12,1975,null
10,13,1975,null
10,14,1975,null
10,15,1975,null
10,16,1975,null
10,17,1975,null
10,18,1975,null
10,19,1975,null
10,20,1975,null
10,21,1975,null
10,22,1975,null
10,23,1975,null
10,24,1975,null
10,25,1975,null
10,26,1975,null
10,27,1975,null
10,28,1975,null
10,29,1975,null
10,30,1975,null
10,31,1975,null
11,01,1975,null
11,02,1975,null
11,03,1975,null
11,04,1975,null
11,05,1975,null
11,06,1975,null
11,07,1975,null
11,08,1975,null
11,09,1975,null
11,10,1975,null
11,11,1975,null
11,12,1975,null
11,13,1975,null
11,14,1975,null
11,15,1975,null
11,16,1975,null
11,17,1975,null
11,18,1975,null
11,19,1975,null
11,20,1975,null
11,21,1975,null
11,22,1975,null
11,23,1975,null
11,24,1975,null
11,25,1975,null
11,26,1975,null
11,27,1975,null
11,28,1975,null
11,29,1975,null
11,30,1975,null
12,01,1975,null
12,02,1975,null
12,03,1975,null
12,04,1975,null
12,05,1975,null
12,06,1975,null
12,07,1975,null
12,08,1975,null
12,09,1975,null
12,10,1975,null
12,11,1975,null
12,12,1975,null
12,13,1975,null
12,14,1975,null
12,15,1975,null
12,16,1975,null
12,17,1975,null
12,18,1975,null
12,19,1975,null
12,20,1975,null
12,21,1975,null
12,22,1975,null
12,23,1975,null
12,24,1975,null
12,25,1975,null
12,26,1975,null
12,27,1975,null
12,28,1975,null
12,29,1975,null
12,30,1975,null
12,31,1975,null
01,01,1976,null
01,02,1976,null
01,03,1976,null
01,04,1976,null
01,05,1976,null
01,06,1976,null
01,07,1976,null
01,08,1976,null
01,09,1976,null
01,10,1976,null
01,11,1976,null
01,12,1976,null
01,13,1976,null
01,14,1976,null
01,15,1976,null
01,16,1976,null
01,17,1976,null
01,18,1976,null
01,19,1976,null
01,20,1976,null
01,21,1976,null
01,22,1976,null
01,23,1976,null
01,24,1976,null
01,25,1976,null
01,26,1976,null
01,27,1976,null
01,28,1976,null
01,29,1976,null
01,30,1976,null
01,31,1976,null
02,01,1976,null
02,02,1976,null
02,03,1976,null
02,04,1976,null
02,05,1976,null
02,06,1976,null
02,07,1976,null
02,08,1976,null
02,09,1976,null
02,10,1976,null
02,11,1976,null
02,12,1976,null
02,13,1976,null
02,14,1976,null
02,15,1976,null
02,16,1976,null
02,17,1976,null
02,18,1976,null
02,19,1976,null
02,20,1976,null
02,21,1976,null
02,22,1976,null
02,23,1976,null
02,24,1976,null
02,25,1976,null
02,26,1976,null
02,27,1976,null
02,28,1976,null
02,29,1976,null
03,01,1976,null
03,02,1976,null
03,03,1976,null
03,04,1976,null
03,05,1976,null
03,06,1976,null
03,07,1976,null
03,08,1976,null
03,09,1976,null
03,10,1976,null
03,11,1976,null
03,12,1976,null
03,13,1976,null
03,14,1976,null
03,15,1976,null
03,16,1976,null
03,17,1976,null
03,18,1976,null
03,19,1976,null
03,20,1976,null
03,21,1976,null
03,22,1976,null
03,23,1976,null
03,24,1976,null
03,25,1976,null
03,26,1976,null
03,27,1976,null
03,28,1976,null
03,29,1976,null
03,30,1976,null
03,31,1976,null
04,01,1976,null
04,02,1976,null
04,03,1976,null
04,04,1976,null
04,05,1976,null
04,06,1976,null
04,07,1976,null
04,08,1976,null
04,09,1976,null
04,10,1976,null
04,11,1976,null
04,12,1976,null
04,13,1976,null
04,14,1976,null
04,15,1976,null
04,16,1976,null
04,17,1976,null
04,18,1976,null
04,19,1976,null
04,20,1976,null
04,21,1976,null
04,22,1976,null
04,23,1976,null
04,24,1976,null
04,25,1976,null
04,26,1976,null
04,27,1976,null
04,28,1976,null
04,29,1976,null
04,30,1976,null
05,01,1976,null
05,02,1976,null
05,03,1976,null
05,04,1976,null
05,05,1976,null
05,06,1976,null
05,07,1976,null
05,08,1976,null
05,09,1976,null
05,10,1976,null
05,11,1976,null
05,12,1976,null
05,13,1976,null
05,14,1976,null
05,15,1976,null
05,16,1976,null
05,17,1976,null
05,18,1976,null
05,19,1976,null
05,20,1976,null
05,21,1976,null
05,22,1976,null
05,23,1976,null
05,24,1976,null
05,25,1976,null
05,26,1976,null
05,27,1976,null
05,28,1976,null
05,29,1976,null
05,30,1976,null
05,31,1976,null
06,01,1976,null
06,02,1976,null
06,03,1976,null
06,04,1976,null
06,05,1976,null
06,06,1976,null
06,07,1976,null
06,08,1976,null
06,09,1976,null
06,10,1976,null
06,11,1976,null
06,12,1976,null
06,13,1976,null
06,14,1976,null
06,15,1976,null
06,16,1976,null
06,17,1976,null
06,18,1976,null
06,19,1976,null
06,20,1976,null
06,21,1976,null
06,22,1976,null
06,23,1976,null
06,24,1976,null
06,25,1976,null
06,26,1976,null
06,27,1976,null
06,28,1976,null
06,29,1976,null
06,30,1976,null
07,01,1976,null
07,02,1976,null
07,03,1976,null
07,04,1976,null
07,05,1976,null
07,06,1976,null
07,07,1976,null
07,08,1976,null
07,09,1976,null
07,10,1976,null
07,11,1976,null
07,12,1976,null
07,13,1976,null
07,14,1976,null
07,15,1976,null
07,16,1976,null
07,17,1976,null
07,18,1976,null
07,19,1976,null
07,20,1976,null
07,21,1976,null
07,22,1976,null
07,23,1976,null
07,24,1976,null
07,25,1976,null
07,26,1976,null
07,27,1976,null
07,28,1976,null
07,29,1976,null
07,30,1976,null
07,31,1976,null
08,01,1976,null
08,02,1976,null
08,03,1976,null
08,04,1976,null
08,05,1976,null
08,06,1976,null
08,07,1976,null
08,08,1976,null
08,09,1976,null
08,10,1976,null
08,11,1976,null
08,12,1976,null
08,13,1976,null
08,14,1976,null
08,15,1976,null
08,16,1976,null
08,17,1976,null
08,18,1976,null
08,19,1976,null
08,20,1976,null
08,21,1976,null
08,22,1976,null
08,23,1976,null
08,24,1976,null
08,25,1976,null
08,26,1976,null
08,27,1976,null
08,28,1976,null
08,29,1976,null
08,30,1976,null
08,31,1976,null
09,01,1976,null
09,02,1976,null
09,03,1976,null
09,04,1976,null
09,05,1976,null
09,06,1976,null
09,07,1976,null
09,08,1976,null
09,09,1976,null
09,10,1976,null
09,11,1976,null
09,12,1976,null
09,13,1976,null
09,14,1976,null
09,15,1976,null
09,16,1976,null
09,17,1976,null
09,18,1976,null
09,19,1976,null
09,20,1976,null
09,21,1976,null
09,22,1976,null
09,23,1976,null
09,24,1976,null
09,25,1976,null
09,26,1976,null
09,27,1976,null
09,28,1976,null
09,29,1976,null
09,30,1976,null
10,01,1976,null
10,02,1976,null
10,03,1976,null
10,04,1976,null
10,05,1976,null
10,06,1976,null
10,07,1976,null
10,08,1976,null
10,09,1976,null
10,10,1976,null
10,11,1976,null
10,12,1976,null
10,13,1976,null
10,14,1976,null
10,15,1976,null
10,16,1976,null
10,17,1976,null
10,18,1976,null
10,19,1976,null
10,20,1976,null
10,21,1976,null
10,22,1976,null
10,23,1976,null
10,24,1976,null
10,25,1976,null
10,26,1976,null
10,27,1976,null
10,28,1976,null
10,29,1976,null
10,30,1976,null
10,31,1976,null
11,01,1976,null
11,02,1976,null
11,03,1976,null
11,04,1976,null
11,05,1976,null
11,06,1976,null
11,07,1976,null
11,08,1976,null
11,09,1976,null
11,10,1976,null
11,11,1976,null
11,12,1976,null
11,13,1976,null
11,14,1976,null
11,15,1976,null
11,16,1976,null
11,17,1976,null
11,18,1976,null
11,19,1976,null
11,20,1976,null
11,21,1976,null
11,22,1976,null
11,23,1976,null
11,24,1976,null
11,25,1976,null
11,26,1976,null
11,27,1976,null
11,28,1976,null
11,29,1976,null
11,30,1976,null
12,01,1976,null
12,02,1976,null
12,03,1976,null
12,04,1976,null
12,05,1976,null
12,06,1976,null
12,07,1976,null
12,08,1976,null
12,09,1976,null
12,10,1976,null
12,11,1976,null
12,12,1976,null
12,13,1976,null
12,14,1976,null
12,15,1976,null
12,16,1976,null
12,17,1976,null
12,18,1976,null
12,19,1976,null
12,20,1976,null
12,21,1976,null
12,22,1976,null
12,23,1976,null
12,24,1976,null
12,25,1976,null
12,26,1976,null
12,27,1976,null
12,28,1976,null
12,29,1976,null
12,30,1976,null
12,31,1976,null
01,01,1977,null
01,02,1977,null
01,03,1977,null
01,04,1977,null
01,05,1977,null
01,06,1977,null
01,07,1977,null
01,08,1977,null
01,09,1977,null
01,10,1977,null
01,11,1977,null
01,12,1977,null
01,13,1977,null
01,14,1977,null
01,15,1977,null
01,16,1977,null
01,17,1977,null
01,18,1977,null
01,19,1977,null
01,20,1977,null
01,21,1977,null
01,22,1977,null
01,23,1977,null
01,24,1977,null
01,25,1977,null
01,26,1977,null
01,27,1977,null
01,28,1977,null
01,29,1977,null
01,30,1977,null
01,31,1977,null
02,01,1977,null
02,02,1977,null
02,03,1977,null
02,04,1977,null
02,05,1977,null
02,06,1977,null
02,07,1977,null
02,08,1977,null
02,09,1977,null
02,10,1977,null
02,11,1977,null
02,12,1977,null
02,13,1977,null
02,14,1977,null
02,15,1977,null
02,16,1977,null
02,17,1977,null
02,18,1977,null
02,19,1977,null
02,20,1977,null
02,21,1977,null
02,22,1977,null
02,23,1977,null
02,24,1977,null
02,25,1977,null
02,26,1977,null
02,27,1977,null
02,28,1977,null
03,01,1977,null
03,02,1977,null
03,03,1977,null
03,04,1977,null
03,05,1977,null
03,06,1977,null
03,07,1977,null
03,08,1977,null
03,09,1977,null
03,10,1977,null
03,11,1977,null
03,12,1977,null
03,13,1977,null
03,14,1977,null
03,15,1977,null
03,16,1977,null
03,17,1977,null
03,18,1977,null
03,19,1977,null
03,20,1977,null
03,21,1977,null
03,22,1977,null
03,23,1977,null
03,24,1977,null
03,25,1977,null
03,26,1977,null
03,27,1977,null
03,28,1977,null
03,29,1977,null
03,30,1977,null
03,31,1977,null
04,01,1977,null
04,02,1977,null
04,03,1977,null
04,04,1977,null
04,05,1977,null
04,06,1977,null
04,07,1977,null
04,08,1977,null
04,09,1977,null
04,10,1977,null
04,11,1977,null
04,12,1977,null
04,13,1977,null
04,14,1977,null
04,15,1977,null
04,16,1977,null
04,17,1977,null
04,18,1977,null
04,19,1977,null
04,20,1977,null
04,21,1977,null
04,22,1977,null
04,23,1977,null
04,24,1977,null
04,25,1977,null
04,26,1977,null
04,27,1977,null
04,28,1977,null
04,29,1977,null
04,30,1977,null
05,01,1977,null
05,02,1977,null
05,03,1977,null
05,04,1977,null
05,05,1977,null
05,06,1977,null
05,07,1977,null
05,08,1977,null
05,09,1977,null
05,10,1977,null
05,11,1977,null
05,12,1977,null
05,13,1977,null
05,14,1977,null
05,15,1977,null
05,16,1977,null
05,17,1977,null
05,18,1977,null
05,19,1977,null
05,20,1977,null
05,21,1977,null
05,22,1977,null
05,23,1977,null
05,24,1977,null
05,25,1977,null
05,26,1977,null
05,27,1977,null
05,28,1977,null
05,29,1977,null
05,30,1977,null
05,31,1977,null
06,01,1977,null
06,02,1977,null
06,03,1977,null
06,04,1977,null
06,05,1977,null
06,06,1977,null
06,07,1977,null
06,08,1977,null
06,09,1977,null
06,10,1977,null
06,11,1977,null
06,12,1977,null
06,13,1977,null
06,14,1977,null
06,15,1977,null
06,16,1977,null
06,17,1977,null
06,18,1977,null
06,19,1977,null
06,20,1977,null
06,21,1977,null
06,22,1977,null
06,23,1977,null
06,24,1977,null
06,25,1977,null
06,26,1977,null
06,27,1977,null
06,28,1977,null
06,29,1977,null
06,30,1977,null
07,01,1977,null
07,02,1977,null
07,03,1977,null
07,04,1977,null
07,05,1977,null
07,06,1977,null
07,07,1977,null
07,08,1977,null
07,09,1977,null
07,10,1977,null
07,11,1977,null
07,12,1977,null
07,13,1977,null
07,14,1977,null
07,15,1977,null
07,16,1977,null
07,17,1977,null
07,18,1977,null
07,19,1977,null
07,20,1977,null
07,21,1977,null
07,22,1977,null
07,23,1977,null
07,24,1977,null
07,25,1977,null
07,26,1977,null
07,27,1977,null
07,28,1977,null
07,29,1977,null
07,30,1977,null
07,31,1977,null
08,01,1977,null
08,02,1977,null
08,03,1977,null
08,04,1977,null
08,05,1977,null
08,06,1977,null
08,07,1977,null
08,08,1977,null
08,09,1977,null
08,10,1977,null
08,11,1977,null
08,12,1977,null
08,13,1977,null
08,14,1977,null
08,15,1977,null
08,16,1977,null
08,17,1977,null
08,18,1977,null
08,19,1977,null
08,20,1977,null
08,21,1977,null
08,22,1977,null
08,23,1977,null
08,24,1977,null
08,25,1977,null
08,26,1977,null
08,27,1977,null
08,28,1977,null
08,29,1977,null
08,30,1977,null
08,31,1977,null
09,01,1977,null
09,02,1977,null
09,03,1977,null
09,04,1977,null
09,05,1977,null
09,06,1977,null
09,07,1977,null
09,08,1977,null
09,09,1977,null
09,10,1977,null
09,11,1977,null
09,12,1977,null
09,13,1977,null
09,14,1977,null
09,15,1977,null
09,16,1977,null
09,17,1977,null
09,18,1977,null
09,19,1977,null
09,20,1977,null
09,21,1977,null
09,22,1977,null
09,23,1977,null
09,24,1977,null
09,25,1977,null
09,26,1977,null
09,27,1977,null
09,28,1977,null
09,29,1977,null
09,30,1977,null
10,01,1977,null
10,02,1977,null
10,03,1977,null
10,04,1977,null
10,05,1977,null
10,06,1977,null
10,07,1977,null
10,08,1977,null
10,09,1977,null
10,10,1977,null
10,11,1977,null
10,12,1977,null
10,13,1977,null
10,14,1977,null
10,15,1977,null
10,16,1977,null
10,17,1977,null
10,18,1977,null
10,19,1977,null
10,20,1977,null
10,21,1977,null
10,22,1977,null
10,23,1977,null
10,24,1977,null
10,25,1977,null
10,26,1977,null
10,27,1977,null
10,28,1977,null
10,29,1977,null
10,30,1977,null
10,31,1977,null
11,01,1977,null
11,02,1977,null
11,03,1977,null
11,04,1977,null
11,05,1977,null
11,06,1977,null
11,07,1977,null
11,08,1977,null
11,09,1977,null
11,10,1977,null
11,11,1977,null
11,12,1977,null
11,13,1977,null
11,14,1977,null
11,15,1977,null
11,16,1977,null
11,17,1977,null
11,18,1977,null
11,19,1977,null
11,20,1977,null
11,21,1977,null
11,22,1977,null
11,23,1977,null
11,24,1977,null
11,25,1977,null
11,26,1977,null
11,27,1977,null
11,28,1977,null
11,29,1977,null
11,30,1977,null
12,01,1977,null
12,02,1977,null
12,03,1977,null
12,04,1977,null
12,05,1977,null
12,06,1977,null
12,07,1977,null
12,08,1977,null
12,09,1977,null
12,10,1977,null
12,11,1977,null
12,12,1977,null
12,13,1977,null
12,14,1977,null
12,15,1977,null
12,16,1977,null
12,17,1977,null
12,18,1977,null
12,19,1977,null
12,20,1977,null
12,21,1977,null
12,22,1977,null
12,23,1977,null
12,24,1977,null
12,25,1977,null
12,26,1977,null
12,27,1977,null
12,28,1977,null
12,29,1977,null
12,30,1977,null
12,31,1977,null
01,01,1978,null
01,02,1978,null
01,03,1978,null
01,04,1978,null
01,05,1978,null
01,06,1978,null
01,07,1978,null
01,08,1978,null
01,09,1978,null
01,10,1978,null
01,11,1978,null
01,12,1978,null
01,13,1978,null
01,14,1978,null
01,15,1978,null
01,16,1978,null
01,17,1978,null
01,18,1978,null
01,19,1978,null
01,20,1978,null
01,21,1978,null
01,22,1978,null
01,23,1978,null
01,24,1978,null
01,25,1978,null
01,26,1978,null
01,27,1978,null
01,28,1978,null
01,29,1978,null
01,30,1978,null
01,31,1978,null
02,01,1978,null
02,02,1978,null
02,03,1978,null
02,04,1978,null
02,05,1978,null
02,06,1978,null
02,07,1978,null
02,08,1978,null
02,09,1978,null
02,10,1978,null
02,11,1978,null
02,12,1978,null
02,13,1978,null
02,14,1978,null
02,15,1978,null
02,16,1978,null
02,17,1978,null
02,18,1978,null
02,19,1978,null
02,20,1978,null
02,21,1978,null
02,22,1978,null
02,23,1978,null
02,24,1978,null
02,25,1978,null
02,26,1978,null
02,27,1978,null
02,28,1978,null
03,01,1978,null
03,02,1978,null
03,03,1978,null
03,04,1978,null
03,05,1978,null
03,06,1978,null
03,07,1978,null
03,08,1978,null
03,09,1978,null
03,10,1978,null
03,11,1978,null
03,12,1978,null
03,13,1978,null
03,14,1978,null
03,15,1978,null
03,16,1978,null
03,17,1978,null
03,18,1978,null
03,19,1978,null
03,20,1978,null
03,21,1978,null
03,22,1978,null
03,23,1978,null
03,24,1978,null
03,25,1978,null
03,26,1978,null
03,27,1978,null
03,28,1978,null
03,29,1978,null
03,30,1978,null
03,31,1978,null
04,01,1978,null
04,02,1978,null
04,03,1978,null
04,04,1978,null
04,05,1978,null
04,06,1978,null
04,07,1978,null
04,08,1978,null
04,09,1978,null
04,10,1978,null
04,11,1978,null
04,12,1978,null
04,13,1978,null
04,14,1978,null
04,15,1978,null
04,16,1978,null
04,17,1978,null
04,18,1978,null
04,19,1978,null
04,20,1978,null
04,21,1978,null
04,22,1978,null
04,23,1978,null
04,24,1978,null
04,25,1978,null
04,26,1978,null
04,27,1978,null
04,28,1978,null
04,29,1978,null
04,30,1978,null
05,01,1978,null
05,02,1978,null
05,03,1978,null
05,04,1978,null
05,05,1978,null
05,06,1978,null
05,07,1978,null
05,08,1978,null
05,09,1978,null
05,10,1978,null
05,11,1978,null
05,12,1978,null
05,13,1978,null
05,14,1978,null
05,15,1978,null
05,16,1978,null
05,17,1978,null
05,18,1978,null
05,19,1978,null
05,20,1978,null
05,21,1978,null
05,22,1978,null
05,23,1978,null
05,24,1978,null
05,25,1978,null
05,26,1978,null
05,27,1978,null
05,28,1978,null
05,29,1978,null
05,30,1978,null
05,31,1978,null
06,01,1978,null
06,02,1978,null
06,03,1978,null
06,04,1978,null
06,05,1978,null
06,06,1978,null
06,07,1978,null
06,08,1978,null
06,09,1978,null
06,10,1978,null
06,11,1978,null
06,12,1978,null
06,13,1978,null
06,14,1978,null
06,15,1978,null
06,16,1978,null
06,17,1978,null
06,18,1978,null
06,19,1978,null
06,20,1978,null
06,21,1978,null
06,22,1978,null
06,23,1978,null
06,24,1978,null
06,25,1978,null
06,26,1978,null
06,27,1978,null
06,28,1978,null
06,29,1978,null
06,30,1978,null
07,01,1978,null
07,02,1978,null
07,03,1978,null
07,04,1978,null
07,05,1978,null
07,06,1978,null
07,07,1978,null
07,08,1978,null
07,09,1978,null
07,10,1978,null
07,11,1978,null
07,12,1978,null
07,13,1978,null
07,14,1978,null
07,15,1978,null
07,16,1978,null
07,17,1978,null
07,18,1978,null
07,19,1978,null
07,20,1978,null
07,21,1978,null
07,22,1978,null
07,23,1978,null
07,24,1978,null
07,25,1978,null
07,26,1978,null
07,27,1978,null
07,28,1978,null
07,29,1978,null
07,30,1978,null
07,31,1978,null
08,01,1978,null
08,02,1978,null
08,03,1978,null
08,04,1978,null
08,05,1978,null
08,06,1978,null
08,07,1978,null
08,08,1978,null
08,09,1978,null
08,10,1978,null
08,11,1978,null
08,12,1978,null
08,13,1978,null
08,14,1978,null
08,15,1978,null
08,16,1978,null
08,17,1978,null
08,18,1978,null
08,19,1978,null
08,20,1978,null
08,21,1978,null
08,22,1978,null
08,23,1978,null
08,24,1978,null
08,25,1978,null
08,26,1978,null
08,27,1978,null
08,28,1978,null
08,29,1978,null
08,30,1978,null
08,31,1978,null
09,01,1978,null
09,02,1978,null
09,03,1978,null
09,04,1978,null
09,05,1978,null
09,06,1978,null
09,07,1978,null
09,08,1978,null
09,09,1978,null
09,10,1978,null
09,11,1978,null
09,12,1978,null
09,13,1978,null
09,14,1978,null
09,15,1978,null
09,16,1978,null
09,17,1978,null
09,18,1978,null
09,19,1978,null
09,20,1978,null
09,21,1978,null
09,22,1978,null
09,23,1978,null
09,24,1978,null
09,25,1978,null
09,26,1978,null
09,27,1978,null
09,28,1978,null
09,29,1978,null
09,30,1978,null
10,01,1978,null
10,02,1978,null
10,03,1978,null
10,04,1978,null
10,05,1978,null
10,06,1978,null
10,07,1978,null
10,08,1978,null
10,09,1978,null
10,10,1978,null
10,11,1978,null
10,12,1978,null
10,13,1978,null
10,14,1978,null
10,15,1978,null
10,16,1978,null
10,17,1978,null
10,18,1978,null
10,19,1978,null
10,20,1978,null
10,21,1978,null
10,22,1978,null
10,23,1978,null
10,24,1978,null
10,25,1978,null
10,26,1978,null
10,27,1978,null
10,28,1978,null
10,29,1978,null
10,30,1978,null
10,31,1978,null
11,01,1978,null
11,02,1978,null
11,03,1978,null
11,04,1978,null
11,05,1978,null
11,06,1978,null
11,07,1978,null
11,08,1978,null
11,09,1978,null
11,10,1978,null
11,11,1978,null
11,12,1978,null
11,13,1978,null
11,14,1978,null
11,15,1978,null
11,16,1978,null
11,17,1978,null
11,18,1978,null
11,19,1978,null
11,20,1978,null
11,21,1978,null
11,22,1978,null
11,23,1978,null
11,24,1978,null
11,25,1978,null
11,26,1978,null
11,27,1978,null
11,28,1978,null
11,29,1978,null
11,30,1978,null
12,01,1978,null
12,02,1978,null
12,03,1978,null
12,04,1978,null
12,05,1978,null
12,06,1978,null
12,07,1978,null
12,08,1978,null
12,09,1978,null
12,10,1978,null
12,11,1978,null
12,12,1978,null
12,13,1978,null
12,14,1978,null
12,15,1978,null
12,16,1978,null
12,17,1978,null
12,18,1978,null
12,19,1978,null
12,20,1978,null
12,21,1978,null
12,22,1978,null
12,23,1978,null
12,24,1978,null
12,25,1978,null
12,26,1978,null
12,27,1978,null
12,28,1978,null
12,29,1978,null
12,30,1978,null
12,31,1978,null
01,01,1979,null
01,02,1979,null
01,03,1979,null
01,04,1979,null
01,05,1979,null
01,06,1979,null
01,07,1979,null
01,08,1979,null
01,09,1979,null
01,10,1979,null
01,11,1979,null
01,12,1979,null
01,13,1979,null
01,14,1979,null
01,15,1979,null
01,16,1979,null
01,17,1979,null
01,18,1979,null
01,19,1979,null
01,20,1979,null
01,21,1979,null
01,22,1979,null
01,23,1979,null
01,24,1979,null
01,25,1979,null
01,26,1979,null
01,27,1979,null
01,28,1979,null
01,29,1979,null
01,30,1979,null
01,31,1979,null
02,01,1979,null
02,02,1979,null
02,03,1979,null
02,04,1979,null
02,05,1979,null
02,06,1979,null
02,07,1979,null
02,08,1979,null
02,09,1979,null
02,10,1979,null
02,11,1979,null
02,12,1979,null
02,13,1979,null
02,14,1979,null
02,15,1979,null
02,16,1979,null
02,17,1979,null
02,18,1979,null
02,19,1979,null
02,20,1979,null
02,21,1979,null
02,22,1979,null
02,23,1979,null
02,24,1979,null
02,25,1979,null
02,26,1979,null
02,27,1979,null
02,28,1979,null
03,01,1979,null
03,02,1979,null
03,03,1979,null
03,04,1979,null
03,05,1979,null
03,06,1979,null
03,07,1979,null
03,08,1979,null
03,09,1979,null
03,10,1979,null
03,11,1979,null
03,12,1979,null
03,13,1979,null
03,14,1979,null
03,15,1979,null
03,16,1979,null
03,17,1979,null
03,18,1979,null
03,19,1979,null
03,20,1979,null
03,21,1979,null
03,22,1979,null
03,23,1979,null
03,24,1979,null
03,25,1979,null
03,26,1979,null
03,27,1979,null
03,28,1979,null
03,29,1979,null
03,30,1979,null
03,31,1979,null
04,01,1979,null
04,02,1979,null
04,03,1979,null
04,04,1979,null
04,05,1979,null
04,06,1979,null
04,07,1979,null
04,08,1979,null
04,09,1979,null
04,10,1979,null
04,11,1979,null
04,12,1979,null
04,13,1979,null
04,14,1979,null
04,15,1979,null
04,16,1979,null
04,17,1979,null
04,18,1979,null
04,19,1979,null
04,20,1979,null
04,21,1979,null
04,22,1979,null
04,23,1979,null
04,24,1979,null
04,25,1979,null
04,26,1979,null
04,27,1979,null
04,28,1979,null
04,29,1979,null
04,30,1979,null
05,01,1979,null
05,02,1979,null
05,03,1979,null
05,04,1979,null
05,05,1979,null
05,06,1979,null
05,07,1979,null
05,08,1979,null
05,09,1979,null
05,10,1979,null
05,11,1979,null
05,12,1979,null
05,13,1979,null
05,14,1979,null
05,15,1979,null
05,16,1979,null
05,17,1979,null
05,18,1979,null
05,19,1979,null
05,20,1979,null
05,21,1979,null
05,22,1979,null
05,23,1979,null
05,24,1979,null
05,25,1979,null
05,26,1979,null
05,27,1979,null
05,28,1979,null
05,29,1979,null
05,30,1979,null
05,31,1979,null
06,01,1979,null
06,02,1979,null
06,03,1979,null
06,04,1979,null
06,05,1979,null
06,06,1979,null
06,07,1979,null
06,08,1979,null
06,09,1979,null
06,10,1979,null
06,11,1979,null
06,12,1979,null
06,13,1979,null
06,14,1979,null
06,15,1979,null
06,16,1979,null
06,17,1979,null
06,18,1979,null
06,19,1979,null
06,20,1979,null
06,21,1979,null
06,22,1979,null
06,23,1979,null
06,24,1979,null
06,25,1979,null
06,26,1979,null
06,27,1979,null
06,28,1979,null
06,29,1979,null
06,30,1979,null
07,01,1979,null
07,02,1979,null
07,03,1979,null
07,04,1979,null
07,05,1979,null
07,06,1979,null
07,07,1979,null
07,08,1979,null
07,09,1979,null
07,10,1979,null
07,11,1979,null
07,12,1979,null
07,13,1979,null
07,14,1979,null
07,15,1979,null
07,16,1979,null
07,17,1979,null
07,18,1979,null
07,19,1979,null
07,20,1979,null
07,21,1979,null
07,22,1979,null
07,23,1979,null
07,24,1979,null
07,25,1979,null
07,26,1979,null
07,27,1979,null
07,28,1979,null
07,29,1979,null
07,30,1979,null
07,31,1979,null
08,01,1979,null
08,02,1979,null
08,03,1979,null
08,04,1979,null
08,05,1979,null
08,06,1979,null
08,07,1979,null
08,08,1979,null
08,09,1979,null
08,10,1979,null
08,11,1979,null
08,12,1979,null
08,13,1979,null
08,14,1979,null
08,15,1979,null
08,16,1979,null
08,17,1979,null
08,18,1979,null
08,19,1979,null
08,20,1979,null
08,21,1979,null
08,22,1979,null
08,23,1979,null
08,24,1979,null
08,25,1979,null
08,26,1979,null
08,27,1979,null
08,28,1979,null
08,29,1979,null
08,30,1979,null
08,31,1979,null
09,01,1979,null
09,02,1979,null
09,03,1979,null
09,04,1979,null
09,05,1979,null
09,06,1979,null
09,07,1979,null
09,08,1979,null
09,09,1979,null
09,10,1979,null
09,11,1979,null
09,12,1979,null
09,13,1979,null
09,14,1979,null
09,15,1979,null
09,16,1979,null
09,17,1979,null
09,18,1979,null
09,19,1979,null
09,20,1979,null
09,21,1979,null
09,22,1979,null
09,23,1979,null
09,24,1979,null
09,25,1979,null
09,26,1979,null
09,27,1979,null
09,28,1979,null
09,29,1979,null
09,30,1979,null
10,01,1979,null
10,02,1979,null
10,03,1979,null
10,04,1979,null
10,05,1979,null
10,06,1979,null
10,07,1979,null
10,08,1979,null
10,09,1979,null
10,10,1979,null
10,11,1979,null
10,12,1979,null
10,13,1979,null
10,14,1979,null
10,15,1979,null
10,16,1979,null
10,17,1979,null
10,18,1979,null
10,19,1979,null
10,20,1979,null
10,21,1979,null
10,22,1979,null
10,23,1979,null
10,24,1979,null
10,25,1979,null
10,26,1979,null
10,27,1979,null
10,28,1979,null
10,29,1979,null
10,30,1979,null
10,31,1979,null
11,01,1979,null
11,02,1979,null
11,03,1979,null
11,04,1979,null
11,05,1979,null
11,06,1979,null
11,07,1979,null
11,08,1979,null
11,09,1979,null
11,10,1979,null
11,11,1979,null
11,12,1979,null
11,13,1979,null
11,14,1979,null
11,15,1979,null
11,16,1979,null
11,17,1979,null
11,18,1979,null
11,19,1979,null
11,20,1979,null
11,21,1979,null
11,22,1979,null
11,23,1979,null
11,24,1979,null
11,25,1979,null
11,26,1979,null
11,27,1979,null
11,28,1979,null
11,29,1979,null
11,30,1979,null
12,01,1979,null
12,02,1979,null
12,03,1979,null
12,04,1979,null
12,05,1979,null
12,06,1979,null
12,07,1979,null
12,08,1979,null
12,09,1979,null
12,10,1979,null
12,11,1979,null
12,12,1979,null
12,13,1979,null
12,14,1979,null
12,15,1979,null
12,16,1979,null
12,17,1979,null
12,18,1979,null
12,19,1979,null
12,20,1979,null
12,21,1979,null
12,22,1979,null
12,23,1979,null
12,24,1979,null
12,25,1979,null
12,26,1979,null
12,27,1979,null
12,28,1979,null
12,29,1979,null
12,30,1979,null
12,31,1979,null
01,01,1980,null
01,02,1980,null
01,03,1980,null
01,04,1980,null
01,05,1980,null
01,06,1980,null
01,07,1980,null
01,08,1980,null
01,09,1980,null
01,10,1980,null
01,11,1980,null
01,12,1980,null
01,13,1980,null
01,14,1980,null
01,15,1980,null
01,16,1980,null
01,17,1980,null
01,18,1980,null
01,19,1980,null
01,20,1980,null
01,21,1980,null
01,22,1980,null
01,23,1980,null
01,24,1980,null
01,25,1980,null
01,26,1980,null
01,27,1980,null
01,28,1980,null
01,29,1980,null
01,30,1980,null
01,31,1980,null
02,01,1980,null
02,02,1980,null
02,03,1980,null
02,04,1980,null
02,05,1980,null
02,06,1980,null
02,07,1980,null
02,08,1980,null
02,09,1980,null
02,10,1980,null
02,11,1980,null
02,12,1980,null
02,13,1980,null
02,14,1980,null
02,15,1980,null
02,16,1980,null
02,17,1980,null
02,18,1980,null
02,19,1980,null
02,20,1980,null
02,21,1980,null
02,22,1980,null
02,23,1980,null
02,24,1980,null
02,25,1980,null
02,26,1980,null
02,27,1980,null
02,28,1980,null
02,29,1980,null
03,01,1980,null
03,02,1980,null
03,03,1980,null
03,04,1980,null
03,05,1980,null
03,06,1980,null
03,07,1980,null
03,08,1980,null
03,09,1980,null
03,10,1980,null
03,11,1980,null
03,12,1980,null
03,13,1980,null
03,14,1980,null
03,15,1980,null
03,16,1980,null
03,17,1980,null
03,18,1980,null
03,19,1980,null
03,20,1980,null
03,21,1980,null
03,22,1980,null
03,23,1980,null
03,24,1980,null
03,25,1980,null
03,26,1980,null
03,27,1980,null
03,28,1980,null
03,29,1980,null
03,30,1980,null
03,31,1980,null
04,01,1980,null
04,02,1980,null
04,03,1980,null
04,04,1980,null
04,05,1980,null
04,06,1980,null
04,07,1980,null
04,08,1980,null
04,09,1980,null
04,10,1980,null
04,11,1980,null
04,12,1980,null
04,13,1980,null
04,14,1980,null
04,15,1980,null
04,16,1980,null
04,17,1980,null
04,18,1980,null
04,19,1980,null
04,20,1980,null
04,21,1980,null
04,22,1980,null
04,23,1980,null
04,24,1980,null
04,25,1980,null
04,26,1980,null
04,27,1980,null
04,28,1980,null
04,29,1980,null
04,30,1980,null
05,01,1980,null
05,02,1980,null
05,03,1980,null
05,04,1980,null
05,05,1980,null
05,06,1980,null
05,07,1980,null
05,08,1980,null
05,09,1980,null
05,10,1980,null
05,11,1980,null
05,12,1980,null
05,13,1980,null
05,14,1980,null
05,15,1980,null
05,16,1980,null
05,17,1980,null
05,18,1980,null
05,19,1980,null
05,20,1980,null
05,21,1980,null
05,22,1980,null
05,23,1980,null
05,24,1980,null
05,25,1980,null
05,26,1980,null
05,27,1980,null
05,28,1980,null
05,29,1980,null
05,30,1980,null
05,31,1980,null
06,01,1980,null
06,02,1980,null
06,03,1980,null
06,04,1980,null
06,05,1980,null
06,06,1980,null
06,07,1980,null
06,08,1980,null
06,09,1980,null
06,10,1980,null
06,11,1980,null
06,12,1980,null
06,13,1980,null
06,14,1980,null
06,15,1980,null
06,16,1980,null
06,17,1980,null
06,18,1980,null
06,19,1980,null
06,20,1980,null
06,21,1980,null
06,22,1980,null
06,23,1980,null
06,24,1980,null
06,25,1980,null
06,26,1980,null
06,27,1980,null
06,28,1980,null
06,29,1980,null
06,30,1980,null
07,01,1980,null
07,02,1980,null
07,03,1980,null
07,04,1980,null
07,05,1980,null
07,06,1980,null
07,07,1980,null
07,08,1980,null
07,09,1980,null
07,10,1980,null
07,11,1980,null
07,12,1980,null
07,13,1980,null
07,14,1980,null
07,15,1980,null
07,16,1980,null
07,17,1980,null
07,18,1980,null
07,19,1980,null
07,20,1980,null
07,21,1980,null
07,22,1980,null
07,23,1980,null
07,24,1980,null
07,25,1980,null
07,26,1980,null
07,27,1980,null
07,28,1980,null
07,29,1980,null
07,30,1980,null
07,31,1980,null
08,01,1980,null
08,02,1980,null
08,03,1980,null
08,04,1980,null
08,05,1980,null
08,06,1980,null
08,07,1980,null
08,08,1980,null
08,09,1980,null
08,10,1980,null
08,11,1980,null
08,12,1980,null
08,13,1980,null
08,14,1980,null
08,15,1980,null
08,16,1980,null
08,17,1980,null
08,18,1980,null
08,19,1980,null
08,20,1980,null
08,21,1980,null
08,22,1980,null
08,23,1980,null
08,24,1980,null
08,25,1980,null
08,26,1980,null
08,27,1980,null
08,28,1980,null
08,29,1980,null
08,30,1980,null
08,31,1980,null
09,01,1980,null
09,02,1980,null
09,03,1980,null
09,04,1980,null
09,05,1980,null
09,06,1980,null
09,07,1980,null
09,08,1980,null
09,09,1980,null
09,10,1980,null
09,11,1980,null
09,12,1980,null
09,13,1980,null
09,14,1980,null
09,15,1980,null
09,16,1980,null
09,17,1980,null
09,18,1980,null
09,19,1980,null
09,20,1980,null
09,21,1980,null
09,22,1980,null
09,23,1980,null
09,24,1980,null
09,25,1980,null
09,26,1980,null
09,27,1980,null
09,28,1980,null
09,29,1980,null
09,30,1980,null
10,01,1980,null
10,02,1980,null
10,03,1980,null
10,04,1980,null
10,05,1980,null
10,06,1980,null
10,07,1980,null
10,08,1980,null
10,09,1980,null
10,10,1980,null
10,11,1980,null
10,12,1980,null
10,13,1980,null
10,14,1980,null
10,15,1980,null
10,16,1980,null
10,17,1980,null
10,18,1980,null
10,19,1980,null
10,20,1980,null
10,21,1980,null
10,22,1980,null
10,23,1980,null
10,24,1980,null
10,25,1980,null
10,26,1980,null
10,27,1980,null
10,28,1980,null
10,29,1980,null
10,30,1980,null
10,31,1980,null
11,01,1980,null
11,02,1980,null
11,03,1980,null
11,04,1980,null
11,05,1980,null
11,06,1980,null
11,07,1980,null
11,08,1980,null
11,09,1980,null
11,10,1980,null
11,11,1980,null
11,12,1980,null
11,13,1980,null
11,14,1980,null
11,15,1980,null
11,16,1980,null
11,17,1980,null
11,18,1980,null
11,19,1980,null
11,20,1980,null
11,21,1980,null
11,22,1980,null
11,23,1980,null
11,24,1980,null
11,25,1980,null
11,26,1980,null
11,27,1980,null
11,28,1980,null
11,29,1980,null
11,30,1980,null
12,01,1980,null
12,02,1980,null
12,03,1980,null
12,04,1980,null
12,05,1980,null
12,06,1980,null
12,07,1980,null
12,08,1980,null
12,09,1980,null
12,10,1980,null
12,11,1980,null
12,12,1980,null
12,13,1980,null
12,14,1980,null
12,15,1980,null
12,16,1980,null
12,17,1980,null
12,18,1980,null
12,19,1980,null
12,20,1980,null
12,21,1980,null
12,22,1980,null
12,23,1980,null
12,24,1980,null
12,25,1980,null
12,26,1980,null
12,27,1980,null
12,28,1980,null
12,29,1980,null
12,30,1980,null
12,31,1980,null
01,01,1981,null
01,02,1981,null
01,03,1981,null
01,04,1981,null
01,05,1981,null
01,06,1981,null
01,07,1981,null
01,08,1981,null
01,09,1981,null
01,10,1981,null
01,11,1981,null
01,12,1981,null
01,13,1981,null
01,14,1981,null
01,15,1981,null
01,16,1981,null
01,17,1981,null
01,18,1981,null
01,19,1981,null
01,20,1981,null
01,21,1981,null
01,22,1981,null
01,23,1981,null
01,24,1981,null
01,25,1981,null
01,26,1981,null
01,27,1981,null
01,28,1981,null
01,29,1981,null
01,30,1981,null
01,31,1981,null
02,01,1981,null
02,02,1981,null
02,03,1981,null
02,04,1981,null
02,05,1981,null
02,06,1981,null
02,07,1981,null
02,08,1981,null
02,09,1981,null
02,10,1981,null
02,11,1981,null
02,12,1981,null
02,13,1981,null
02,14,1981,null
02,15,1981,null
02,16,1981,null
02,17,1981,null
02,18,1981,null
02,19,1981,null
02,20,1981,null
02,21,1981,null
02,22,1981,null
02,23,1981,null
02,24,1981,null
02,25,1981,null
02,26,1981,null
02,27,1981,null
02,28,1981,null
03,01,1981,null
03,02,1981,null
03,03,1981,null
03,04,1981,null
03,05,1981,null
03,06,1981,null
03,07,1981,null
03,08,1981,null
03,09,1981,null
03,10,1981,null
03,11,1981,null
03,12,1981,null
03,13,1981,null
03,14,1981,null
03,15,1981,null
03,16,1981,null
03,17,1981,null
03,18,1981,null
03,19,1981,null
03,20,1981,null
03,21,1981,null
03,22,1981,null
03,23,1981,null
03,24,1981,null
03,25,1981,null
03,26,1981,null
03,27,1981,null
03,28,1981,null
03,29,1981,null
03,30,1981,null
03,31,1981,null
04,01,1981,null
04,02,1981,null
04,03,1981,null
04,04,1981,null
04,05,1981,null
04,06,1981,null
04,07,1981,null
04,08,1981,null
04,09,1981,null
04,10,1981,null
04,11,1981,null
04,12,1981,null
04,13,1981,null
04,14,1981,null
04,15,1981,null
04,16,1981,null
04,17,1981,null
04,18,1981,null
04,19,1981,null
04,20,1981,null
04,21,1981,null
04,22,1981,null
04,23,1981,null
04,24,1981,null
04,25,1981,null
04,26,1981,null
04,27,1981,null
04,28,1981,null
04,29,1981,null
04,30,1981,null
05,01,1981,null
05,02,1981,null
05,03,1981,null
05,04,1981,null
05,05,1981,null
05,06,1981,null
05,07,1981,null
05,08,1981,null
05,09,1981,null
05,10,1981,null
05,11,1981,null
05,12,1981,null
05,13,1981,null
05,14,1981,null
05,15,1981,null
05,16,1981,null
05,17,1981,null
05,18,1981,null
05,19,1981,null
05,20,1981,null
05,21,1981,null
05,22,1981,null
05,23,1981,null
05,24,1981,null
05,25,1981,null
05,26,1981,null
05,27,1981,null
05,28,1981,null
05,29,1981,null
05,30,1981,null
05,31,1981,null
06,01,1981,null
06,02,1981,null
06,03,1981,null
06,04,1981,null
06,05,1981,null
06,06,1981,null
06,07,1981,null
06,08,1981,null
06,09,1981,null
06,10,1981,null
06,11,1981,null
06,12,1981,null
06,13,1981,null
06,14,1981,null
06,15,1981,null
06,16,1981,null
06,17,1981,null
06,18,1981,null
06,19,1981,null
06,20,1981,null
06,21,1981,null
06,22,1981,null
06,23,1981,null
06,24,1981,null
06,25,1981,null
06,26,1981,null
06,27,1981,null
06,28,1981,null
06,29,1981,null
06,30,1981,null
07,01,1981,null
07,02,1981,null
07,03,1981,null
07,04,1981,null
07,05,1981,null
07,06,1981,null
07,07,1981,null
07,08,1981,null
07,09,1981,null
07,10,1981,null
07,11,1981,null
07,12,1981,null
07,13,1981,null
07,14,1981,null
07,15,1981,null
07,16,1981,null
07,17,1981,null
07,18,1981,null
07,19,1981,null
07,20,1981,null
07,21,1981,null
07,22,1981,null
07,23,1981,null
07,24,1981,null
07,25,1981,null
07,26,1981,null
07,27,1981,null
07,28,1981,null
07,29,1981,null
07,30,1981,null
07,31,1981,null
08,01,1981,null
08,02,1981,null
08,03,1981,null
08,04,1981,null
08,05,1981,null
08,06,1981,null
08,07,1981,null
08,08,1981,null
08,09,1981,null
08,10,1981,null
08,11,1981,null
08,12,1981,null
08,13,1981,null
08,14,1981,null
08,15,1981,null
08,16,1981,null
08,17,1981,null
08,18,1981,null
08,19,1981,null
08,20,1981,null
08,21,1981,null
08,22,1981,null
08,23,1981,null
08,24,1981,null
08,25,1981,null
08,26,1981,null
08,27,1981,null
08,28,1981,null
08,29,1981,null
08,30,1981,null
08,31,1981,null
09,01,1981,null
09,02,1981,null
09,03,1981,null
09,04,1981,null
09,05,1981,null
09,06,1981,null
09,07,1981,null
09,08,1981,null
09,09,1981,null
09,10,1981,null
09,11,1981,null
09,12,1981,null
09,13,1981,null
09,14,1981,null
09,15,1981,null
09,16,1981,null
09,17,1981,null
09,18,1981,null
09,19,1981,null
09,20,1981,null
09,21,1981,null
09,22,1981,null
09,23,1981,null
09,24,1981,null
09,25,1981,null
09,26,1981,null
09,27,1981,null
09,28,1981,null
09,29,1981,null
09,30,1981,null
10,01,1981,null
10,02,1981,null
10,03,1981,null
10,04,1981,null
10,05,1981,null
10,06,1981,null
10,07,1981,null
10,08,1981,null
10,09,1981,null
10,10,1981,null
10,11,1981,null
10,12,1981,null
10,13,1981,null
10,14,1981,null
10,15,1981,null
10,16,1981,null
10,17,1981,null
10,18,1981,null
10,19,1981,null
10,20,1981,null
10,21,1981,null
10,22,1981,null
10,23,1981,null
10,24,1981,null
10,25,1981,null
10,26,1981,null
10,27,1981,null
10,28,1981,null
10,29,1981,null
10,30,1981,null
10,31,1981,null
11,01,1981,null
11,02,1981,null
11,03,1981,null
11,04,1981,null
11,05,1981,null
11,06,1981,null
11,07,1981,null
11,08,1981,null
11,09,1981,null
11,10,1981,null
11,11,1981,null
11,12,1981,null
11,13,1981,null
11,14,1981,null
11,15,1981,null
11,16,1981,null
11,17,1981,null
11,18,1981,null
11,19,1981,null
11,20,1981,null
11,21,1981,null
11,22,1981,null
11,23,1981,null
11,24,1981,null
11,25,1981,null
11,26,1981,null
11,27,1981,null
11,28,1981,null
11,29,1981,null
11,30,1981,null
12,01,1981,null
12,02,1981,null
12,03,1981,null
12,04,1981,null
12,05,1981,null
12,06,1981,null
12,07,1981,null
12,08,1981,null
12,09,1981,null
12,10,1981,null
12,11,1981,null
12,12,1981,null
12,13,1981,null
12,14,1981,null
12,15,1981,null
12,16,1981,null
12,17,1981,null
12,18,1981,null
12,19,1981,null
12,20,1981,null
12,21,1981,null
12,22,1981,null
12,23,1981,null
12,24,1981,null
12,25,1981,null
12,26,1981,null
12,27,1981,null
12,28,1981,null
12,29,1981,null
12,30,1981,null
12,31,1981,null
01,01,1982,null
01,02,1982,null
01,03,1982,null
01,04,1982,null
01,05,1982,null
01,06,1982,null
01,07,1982,null
01,08,1982,null
01,09,1982,null
01,10,1982,null
01,11,1982,null
01,12,1982,null
01,13,1982,null
01,14,1982,null
01,15,1982,null
01,16,1982,null
01,17,1982,null
01,18,1982,null
01,19,1982,null
01,20,1982,null
01,21,1982,null
01,22,1982,null
01,23,1982,null
01,24,1982,null
01,25,1982,null
01,26,1982,null
01,27,1982,null
01,28,1982,null
01,29,1982,null
01,30,1982,null
01,31,1982,null
02,01,1982,null
02,02,1982,null
02,03,1982,null
02,04,1982,null
02,05,1982,null
02,06,1982,null
02,07,1982,null
02,08,1982,null
02,09,1982,null
02,10,1982,null
02,11,1982,null
02,12,1982,null
02,13,1982,null
02,14,1982,null
02,15,1982,null
02,16,1982,null
02,17,1982,null
02,18,1982,null
02,19,1982,null
02,20,1982,null
02,21,1982,null
02,22,1982,null
02,23,1982,null
02,24,1982,null
02,25,1982,null
02,26,1982,null
02,27,1982,null
02,28,1982,null
03,01,1982,null
03,02,1982,null
03,03,1982,null
03,04,1982,null
03,05,1982,null
03,06,1982,null
03,07,1982,null
03,08,1982,null
03,09,1982,null
03,10,1982,null
03,11,1982,null
03,12,1982,null
03,13,1982,null
03,14,1982,null
03,15,1982,null
03,16,1982,null
03,17,1982,null
03,18,1982,null
03,19,1982,null
03,20,1982,null
03,21,1982,null
03,22,1982,null
03,23,1982,null
03,24,1982,null
03,25,1982,null
03,26,1982,null
03,27,1982,null
03,28,1982,null
03,29,1982,null
03,30,1982,null
03,31,1982,null
04,01,1982,null
04,02,1982,null
04,03,1982,null
04,04,1982,null
04,05,1982,null
04,06,1982,null
04,07,1982,null
04,08,1982,null
04,09,1982,null
04,10,1982,null
04,11,1982,null
04,12,1982,null
04,13,1982,null
04,14,1982,null
04,15,1982,null
04,16,1982,null
04,17,1982,null
04,18,1982,null
04,19,1982,null
04,20,1982,null
04,21,1982,null
04,22,1982,null
04,23,1982,null
04,24,1982,null
04,25,1982,null
04,26,1982,null
04,27,1982,null
04,28,1982,null
04,29,1982,null
04,30,1982,null
05,01,1982,null
05,02,1982,null
05,03,1982,null
05,04,1982,null
05,05,1982,null
05,06,1982,null
05,07,1982,null
05,08,1982,null
05,09,1982,null
05,10,1982,null
05,11,1982,null
05,12,1982,null
05,13,1982,null
05,14,1982,null
05,15,1982,null
05,16,1982,null
05,17,1982,null
05,18,1982,null
05,19,1982,null
05,20,1982,null
05,21,1982,null
05,22,1982,null
05,23,1982,null
05,24,1982,null
05,25,1982,null
05,26,1982,null
05,27,1982,null
05,28,1982,null
05,29,1982,null
05,30,1982,null
05,31,1982,null
06,01,1982,null
06,02,1982,null
06,03,1982,null
06,04,1982,null
06,05,1982,null
06,06,1982,null
06,07,1982,null
06,08,1982,null
06,09,1982,null
06,10,1982,null
06,11,1982,null
06,12,1982,null
06,13,1982,null
06,14,1982,null
06,15,1982,null
06,16,1982,null
06,17,1982,null
06,18,1982,null
06,19,1982,null
06,20,1982,null
06,21,1982,null
06,22,1982,null
06,23,1982,null
06,24,1982,null
06,25,1982,null
06,26,1982,null
06,27,1982,null
06,28,1982,null
06,29,1982,null
06,30,1982,null
07,01,1982,null
07,02,1982,23.5
07,03,1982,null
07,04,1982,23.5
07,05,1982,22.0
07,06,1982,20.5
07,07,1982,22.0
07,08,1982,23.0
07,09,1982,23.0
07,10,1982,24.0
07,11,1982,24.5
07,12,1982,23.5
07,13,1982,23.5
07,14,1982,22.5
07,15,1982,23.0
07,16,1982,23.5
07,17,1982,23.0
07,18,1982,23.0
07,19,1982,22.5
07,20,1982,22.0
07,21,1982,20.5
07,22,1982,20.0
07,23,1982,20.5
07,24,1982,20.5
07,25,1982,20.5
07,26,1982,22.5
07,27,1982,21.5
07,28,1982,25.0
07,29,1982,22.0
07,30,1982,23.0
07,31,1982,23.0
08,01,1982,23.5
08,02,1982,23.5
08,03,1982,23.5
08,04,1982,22.5
08,05,1982,20.0
08,06,1982,22.5
08,07,1982,21.0
08,08,1982,22.0
08,09,1982,22.0
08,10,1982,20.5
08,11,1982,20.5
08,12,1982,20.5
08,13,1982,17.5
08,14,1982,20.5
08,15,1982,22.0
08,16,1982,22.0
08,17,1982,23.0
08,18,1982,22.5
08,19,1982,20.0
08,20,1982,20.5
08,21,1982,20.5
08,22,1982,19.0
08,23,1982,19.5
08,24,1982,21.5
08,25,1982,21.5
08,26,1982,21.5
08,27,1982,23.0
08,28,1982,22.0
08,29,1982,23.0
08,30,1982,20.5
08,31,1982,22.0
09,01,1982,22.5
09,02,1982,21.0
09,03,1982,22.5
09,04,1982,21.5
09,05,1982,21.0
09,06,1982,21.0
09,07,1982,20.5
09,08,1982,20.5
09,09,1982,19.0
09,10,1982,19.5
09,11,1982,19.5
09,12,1982,22.0
09,13,1982,21.0
09,14,1982,21.0
09,15,1982,19.5
09,16,1982,21.0
09,17,1982,19.5
09,18,1982,20.0
09,19,1982,20.0
09,20,1982,20.0
09,21,1982,20.0
09,22,1982,21.5
09,23,1982,19.0
09,24,1982,19.0
09,25,1982,20.0
09,26,1982,19.5
09,27,1982,20.0
09,28,1982,22.5
09,29,1982,19.5
09,30,1982,19.5
10,01,1982,21.0
10,02,1982,21.0
10,03,1982,20.0
10,04,1982,20.5
10,05,1982,21.0
10,06,1982,20.5
10,07,1982,22.0
10,08,1982,20.0
10,09,1982,20.0
10,10,1982,17.5
10,11,1982,18.5
10,12,1982,19.5
10,13,1982,18.5
10,14,1982,19.0
10,15,1982,20.5
10,16,1982,18.5
10,17,1982,19.5
10,18,1982,18.5
10,19,1982,17.5
10,20,1982,18.5
10,21,1982,19.0
10,22,1982,17.5
10,23,1982,17.0
10,24,1982,17.0
10,25,1982,17.5
10,26,1982,14.5
10,27,1982,14.5
10,28,1982,17.0
10,29,1982,17.0
10,30,1982,17.0
10,31,1982,17.5
11,01,1982,null
11,02,1982,17.0
11,03,1982,15.0
11,04,1982,14.0
11,05,1982,13.5
11,06,1982,13.5
11,07,1982,14.5
11,08,1982,14.5
11,09,1982,14.5
11,10,1982,17.0
11,11,1982,16.0
11,12,1982,15.5
11,13,1982,16.5
11,14,1982,17.5
11,15,1982,17.0
11,16,1982,17.5
11,17,1982,15.5
11,18,1982,14.5
11,19,1982,14.5
11,20,1982,14.5
11,21,1982,14.0
11,22,1982,14.5
11,23,1982,15.0
11,24,1982,15.5
11,25,1982,14.0
11,26,1982,14.5
11,27,1982,null
11,28,1982,12.5
11,29,1982,11.5
11,30,1982,13.0
12,01,1982,18.5
12,02,1982,11.5
12,03,1982,12.5
12,04,1982,9.5
12,05,1982,9.5
12,06,1982,10.0
12,07,1982,11.0
12,08,1982,14.5
12,09,1982,13.0
12,10,1982,15.0
12,11,1982,null
12,12,1982,null
12,13,1982,13.0
12,14,1982,13.0
12,15,1982,10.0
12,16,1982,10.5
12,17,1982,12.0
12,18,1982,16.0
12,19,1982,10.0
12,20,1982,12.0
12,21,1982,10.5
12,22,1982,12.0
12,23,1982,10.5
12,24,1982,9.5
12,25,1982,9.5
12,26,1982,9.5
12,27,1982,10.0
12,28,1982,12.0
12,29,1982,11.5
12,30,1982,null
12,31,1982,null
01,01,1983,13.5
01,02,1983,11.0
01,03,1983,9.5
01,04,1983,13.0
01,05,1983,12.5
01,06,1983,11.5
01,07,1983,12.5
01,08,1983,13.0
01,09,1983,14.0
01,10,1983,13.5
01,11,1983,13.5
01,12,1983,13.0
01,13,1983,12.5
01,14,1983,11.5
01,15,1983,10.55
01,16,1983,13.0
01,17,1983,12.0
01,18,1983,13.0
01,19,1983,11.0
01,20,1983,9.0
01,21,1983,10.0
01,22,1983,8.5
01,23,1983,null
01,24,1983,9.5
01,25,1983,null
01,26,1983,null
01,27,1983,10.0
01,28,1983,null
01,29,1983,null
01,30,1983,null
01,31,1983,12.5
02,01,1983,13.5
02,02,1983,10.5
02,03,1983,11.5
02,04,1983,10.5
02,05,1983,null
02,06,1983,13.5
02,07,1983,12.0
02,08,1983,null
02,09,1983,11.0
02,10,1983,12.0
02,11,1983,11.5
02,12,1983,13.5
02,13,1983,10.0
02,14,1983,12.0
02,15,1983,10.5
02,16,1983,10.5
02,17,1983,11.5
02,18,1983,11.0
02,19,1983,null
02,20,1983,12.0
02,21,1983,12.0
02,22,1983,11.5
02,23,1983,11.5
02,24,1983,null
02,25,1983,null
02,26,1983,11.5
02,27,1983,10.0
02,28,1983,null
03,01,1983,12.5
03,02,1983,null
03,03,1983,13.0
03,04,1983,13.5
03,05,1983,13.0
03,06,1983,14.0
03,07,1983,null
03,08,1983,null
03,09,1983,11.5
03,10,1983,13.0
03,11,1983,15.0
03,12,1983,15.5
03,13,1983,13.5
03,14,1983,11.0
03,15,1983,12.0
03,16,1983,10.5
03,17,1983,11.0
03,18,1983,9.5
03,19,1983,11.0
03,20,1983,11.0
03,21,1983,11.0
03,22,1983,null
03,23,1983,11.5
03,24,1983,null
03,25,1983,13.0
03,26,1983,null
03,27,1983,12.5
03,28,1983,null
03,29,1983,13.0
03,30,1983,14.0
03,31,1983,15.0
04,01,1983,13.5
04,02,1983,17.0
04,03,1983,16.5
04,04,1983,15.5
04,05,1983,16.5
04,06,1983,12.0
04,07,1983,11.5
04,08,1983,12.0
04,09,1983,12.5
04,10,1983,11.05
04,11,1983,null
04,12,1983,14.0
04,13,1983,14.0
04,14,1983,13.5
04,15,1983,13.0
04,16,1983,14.5
04,17,1983,16.0
04,18,1983,16.5
04,19,1983,17.0
04,20,1983,17.5
04,21,1983,19.0
04,22,1983,17.0
04,23,1983,16.5
04,24,1983,16.0
04,25,1983,16.5
04,26,1983,14.5
04,27,1983,15.5
04,28,1983,15.5
04,29,1983,16.5
04,30,1983,19.0
05,01,1983,20.0
05,02,1983,23.5
05,03,1983,22.5
05,04,1983,20.5
05,05,1983,20.0
05,06,1983,20.0
05,07,1983,20.0
05,08,1983,20.5
05,09,1983,21.0
05,10,1983,19.5
05,11,1983,18.5
05,12,1983,19.0
05,13,1983,19.5
05,14,1983,20.0
05,15,1983,20.5
05,16,1983,16.5
05,17,1983,23.0
05,18,1983,22.0
05,19,1983,22.0
05,20,1983,20.5
05,21,1983,21.5
05,22,1983,23.5
05,23,1983,24.5
05,24,1983,25.0
05,25,1983,23.0
05,26,1983,21.5
05,27,1983,20.0
05,28,1983,15.0
05,29,1983,15.0
05,30,1983,17.5
05,31,1983,17.5
06,01,1983,null
06,02,1983,19.5
06,03,1983,17.5
06,04,1983,19.5
06,05,1983,20.5
06,06,1983,21.0
06,07,1983,20.5
06,08,1983,21.5
06,09,1983,22.5
06,10,1983,22.5
06,11,1983,22.5
06,12,1983,23.0
06,13,1983,24.5
06,14,1983,22.0
06,15,1983,21.0
06,16,1983,21.0
06,17,1983,20.5
06,18,1983,21.5
06,19,1983,21.5
06,20,1983,22.5
06,21,1983,23.0
06,22,1983,23.0
06,23,1983,22.0
06,24,1983,22.5
06,25,1983,22.0
06,26,1983,20.5
06,27,1983,21.5
06,28,1983,21.5
06,29,1983,21.5
06,30,1983,21.0
07,01,1983,17.55
07,02,1983,21.5
07,03,1983,21.0
07,04,1983,21.0
07,05,1983,19.0
07,06,1983,18.5
07,07,1983,15.0
07,08,1983,17.5
07,09,1983,18.0
07,10,1983,19.0
07,11,1983,18.0
07,12,1983,20.0
07,13,1983,21.5
07,14,1983,21.0
07,15,1983,18.5
07,16,1983,21.0
07,17,1983,21.0
07,18,1983,19.5
07,19,1983,18.5
07,20,1983,17.0
07,21,1983,17.0
07,22,1983,18.0
07,23,1983,17.5
07,24,1983,18.5
07,25,1983,19.5
07,26,1983,19.5
07,27,1983,19.0
07,28,1983,20.0
07,29,1983,20.5
07,30,1983,19.5
07,31,1983,19.0
08,01,1983,null
08,02,1983,19.5
08,03,1983,18.5
08,04,1983,18.0
08,05,1983,17.0
08,06,1983,17.5
08,07,1983,18.0
08,08,1983,18.0
08,09,1983,18.5
08,10,1983,17.5
08,11,1983,19.5
08,12,1983,18.5
08,13,1983,19.0
08,14,1983,17.5
08,15,1983,16.5
08,16,1983,18.0
08,17,1983,18.0
08,18,1983,17.0
08,19,1983,18.0
08,20,1983,18.0
08,21,1983,20.0
08,22,1983,19.0
08,23,1983,18.0
08,24,1983,18.0
08,25,1983,17.5
08,26,1983,17.0
08,27,1983,17.5
08,28,1983,18.0
08,29,1983,18.5
08,30,1983,19.5
08,31,1983,18.5
09,01,1983,17.5
09,02,1983,18.0
09,03,1983,16.0
09,04,1983,20.0
09,05,1983,19.5
09,06,1983,21.5
09,07,1983,20.5
09,08,1983,19.0
09,09,1983,19.5
09,10,1983,18.0
09,11,1983,18.0
09,12,1983,16.55
09,13,1983,17.5
09,14,1983,18.5
09,15,1983,17.5
09,16,1983,19.0
09,17,1983,18.5
09,18,1983,19.0
09,19,1983,18.5
09,20,1983,18.5
09,21,1983,20.5
09,22,1983,19.0
09,23,1983,17.5
09,24,1983,17.0
09,25,1983,16.0
09,26,1983,17.5
09,27,1983,18.0
09,28,1983,17.0
09,29,1983,17.0
09,30,1983,17.5
10,01,1983,null
10,02,1983,18.0
10,03,1983,19.5
10,04,1983,22.0
10,05,1983,20.5
10,06,1983,18.0
10,07,1983,17.5
10,08,1983,17.5
10,09,1983,22.5
10,10,1983,17.5
10,11,1983,14.5
10,12,1983,18.5
10,13,1983,18.5
10,14,1983,17.5
10,15,1983,18.0
10,16,1983,19.5
10,17,1983,20.0
10,18,1983,19.5
10,19,1983,17.5
10,20,1983,17.0
10,21,1983,18.0
10,22,1983,19.5
10,23,1983,18.0
10,24,1983,19.0
10,25,1983,17.5
10,26,1983,17.5
10,27,1983,16.0
10,28,1983,15.5
10,29,1983,16.0
10,30,1983,16.5
10,31,1983,17.0
11,01,1983,16.0
11,02,1983,18.5
11,03,1983,18.0
11,04,1983,16.0
11,05,1983,17.0
11,06,1983,15.5
11,07,1983,17.0
11,08,1983,16.0
11,09,1983,15.5
11,10,1983,17.5
11,11,1983,14.5
11,12,1983,14.0
11,13,1983,15.5
11,14,1983,16.5
11,15,1983,16.5
11,16,1983,15.0
11,17,1983,15.5
11,18,1983,14.5
11,19,1983,16.0
11,20,1983,13.5
11,21,1983,null
11,22,1983,11.5
11,23,1983,13.0
11,24,1983,13.0
11,25,1983,17.5
11,26,1983,17.0
11,27,1983,13.0
11,28,1983,14.0
11,29,1983,12.0
11,30,1983,12.5
12,01,1983,null
12,02,1983,12.5
12,03,1983,13.5
12,04,1983,17.5
12,05,1983,14.5
12,06,1983,16.5
12,07,1983,15.0
12,08,1983,18.0
12,09,1983,15.5
12,10,1983,16.5
12,11,1983,15.5
12,12,1983,14.5
12,13,1983,14.0
12,14,1983,15.5
12,15,1983,14.5
12,16,1983,null
12,17,1983,12.0
12,18,1983,12.0
12,19,1983,11.5
12,20,1983,10.5
12,21,1983,10.5
12,22,1983,11.5
12,23,1983,13.0
12,24,1983,null
12,25,1983,14.0
12,26,1983,14.0
12,27,1983,11.0
12,28,1983,13.0
12,29,1983,11.0
12,30,1983,null
12,31,1983,null
01,01,1984,12.0
01,02,1984,11.0
01,03,1984,12.5
01,04,1984,null
01,05,1984,13.0
01,06,1984,15.0
01,07,1984,15.0
01,08,1984,15.5
01,09,1984,16.0
01,10,1984,11.0
01,11,1984,9.5
01,12,1984,10.5
01,13,1984,10.5
01,14,1984,10.5
01,15,1984,14.0
01,16,1984,15.5
01,17,1984,13.5
01,18,1984,12.0
01,19,1984,12.5
01,20,1984,13.0
01,21,1984,12.0
01,22,1984,12.5
01,23,1984,12.5
01,24,1984,12.0
01,25,1984,11.75
01,26,1984,11.0
01,27,1984,9.0
01,28,1984,11.5
01,29,1984,14.5
01,30,1984,15.5
01,31,1984,null
02,01,1984,null
02,02,1984,11.5
02,03,1984,12.5
02,04,1984,12.0
02,05,1984,15.5
02,06,1984,14.5
02,07,1984,11.5
02,08,1984,11.5
02,09,1984,12.5
02,10,1984,12.5
02,11,1984,11.5
02,12,1984,12.0
02,13,1984,12.0
02,14,1984,13.0
02,15,1984,12.0
02,16,1984,14.0
02,17,1984,14.5
02,18,1984,15.0
02,19,1984,16.5
02,20,1984,12.0
02,21,1984,14.5
02,22,1984,12.5
02,23,1984,10.0
02,24,1984,11.5
02,25,1984,14.0
02,26,1984,13.0
02,27,1984,14.0
02,28,1984,9.5
02,29,1984,11.5
03,01,1984,8.25
03,02,1984,13.5
03,03,1984,13.0
03,04,1984,14.0
03,05,1984,15.0
03,06,1984,14.0
03,07,1984,13.5
03,08,1984,12.0
03,09,1984,14.0
03,10,1984,16.0
03,11,1984,15.0
03,12,1984,16.5
03,13,1984,12.5
03,14,1984,13.5
03,15,1984,17.0
03,16,1984,18.5
03,17,1984,19.0
03,18,1984,19.0
03,19,1984,20.5
03,20,1984,18.0
03,21,1984,17.5
03,22,1984,13.5
03,23,1984,12.0
03,24,1984,14.0
03,25,1984,14.5
03,26,1984,18.5
03,27,1984,15.0
03,28,1984,17.5
03,29,1984,17.5
03,30,1984,18.5
03,31,1984,16.0
04,01,1984,14.0
04,02,1984,17.0
04,03,1984,17.5
04,04,1984,14.0
04,05,1984,15.5
04,06,1984,16.5
04,07,1984,17.5
04,08,1984,17.5
04,09,1984,14.5
04,10,1984,14.5
04,11,1984,15.5
04,12,1984,14.0
04,13,1984,13.5
04,14,1984,15.5
04,15,1984,16.0
04,16,1984,null
04,17,1984,18.5
04,18,1984,20.0
04,19,1984,20.5
04,20,1984,18.5
04,21,1984,18.5
04,22,1984,19.0
04,23,1984,22.0
04,24,1984,22.5
04,25,1984,20.5
04,26,1984,18.5
04,27,1984,19.0
04,28,1984,18.5
04,29,1984,20.0
04,30,1984,23.0
05,01,1984,null
05,02,1984,21.0
05,03,1984,21.0
05,04,1984,21.0
05,05,1984,20.0
05,06,1984,20.0
05,07,1984,19.5
05,08,1984,21.5
05,09,1984,21.5
05,10,1984,19.0
05,11,1984,19.5
05,12,1984,18.5
05,13,1984,18.5
05,14,1984,18.5
05,15,1984,18.5
05,16,1984,17.0
05,17,1984,18.0
05,18,1984,18.0
05,19,1984,20.0
05,20,1984,20.0
05,21,1984,20.5
05,22,1984,20.0
05,23,1984,22.5
05,24,1984,23.5
05,25,1984,23.0
05,26,1984,24.5
05,27,1984,24.0
05,28,1984,22.5
05,29,1984,20.5
05,30,1984,19.0
05,31,1984,17.5
06,01,1984,20.5
06,02,1984,17.5
06,03,1984,21.5
06,04,1984,21.5
06,05,1984,19.5
06,06,1984,21.5
06,07,1984,22.0
06,08,1984,25.0
06,09,1984,25.0
06,10,1984,25.0
06,11,1984,24.5
06,12,1984,21.5
06,13,1984,19.5
06,14,1984,20.5
06,15,1984,21.0
06,16,1984,22.0
06,17,1984,22.0
06,18,1984,22.5
06,19,1984,22.0
06,20,1984,21.0
06,21,1984,21.5
06,22,1984,20.0
06,23,1984,21.5
06,24,1984,19.0
06,25,1984,21.5
06,26,1984,22.0
06,27,1984,22.5
06,28,1984,22.0
06,29,1984,22.5
06,30,1984,22.5
07,01,1984,20.0
07,02,1984,19.5
07,03,1984,19.0
07,04,1984,20.0
07,05,1984,20.0
07,06,1984,19.5
07,07,1984,19.0
07,08,1984,17.5
07,09,1984,21.0
07,10,1984,20.0
07,11,1984,17.5
07,12,1984,17.25
07,13,1984,17.5
07,14,1984,17.5
07,15,1984,19.0
07,16,1984,17.5
07,17,1984,16.5
07,18,1984,18.0
07,19,1984,17.5
07,20,1984,19.0
07,21,1984,20.5
07,22,1984,21.0
07,23,1984,22.5
07,24,1984,20.0
07,25,1984,21.0
07,26,1984,19.0
07,27,1984,18.5
07,28,1984,18.5
07,29,1984,21.0
07,30,1984,20.5
07,31,1984,20.5
08,01,1984,21.5
08,02,1984,20.5
08,03,1984,21.0
08,04,1984,20.5
08,05,1984,20.0
08,06,1984,21.0
08,07,1984,21.0
08,08,1984,20.0
08,09,1984,18.5
08,10,1984,18.5
08,11,1984,19.0
08,12,1984,19.0
08,13,1984,19.5
08,14,1984,20.5
08,15,1984,20.0
08,16,1984,17.75
08,17,1984,null
08,18,1984,16.5
08,19,1984,20.0
08,20,1984,20.0
08,21,1984,21.0
08,22,1984,19.5
08,23,1984,19.5
08,24,1984,20.0
08,25,1984,21.5
08,26,1984,20.5
08,27,1984,22.0
08,28,1984,20.5
08,29,1984,21.0
08,30,1984,21.5
08,31,1984,21.5
09,01,1984,18.5
09,02,1984,21.5
09,03,1984,21.0
09,04,1984,20.0
09,05,1984,18.5
09,06,1984,17.5
09,07,1984,18.0
09,08,1984,20.0
09,09,1984,22.0
09,10,1984,18.5
09,11,1984,18.0
09,12,1984,18.0
09,13,1984,17.5
09,14,1984,17.0
09,15,1984,18.5
09,16,1984,18.0
09,17,1984,18.5
09,18,1984,17.0
09,19,1984,17.5
09,20,1984,17.0
09,21,1984,18.5
09,22,1984,18.5
09,23,1984,18.5
09,24,1984,20.0
09,25,1984,22.0
09,26,1984,19.5
09,27,1984,19.0
09,28,1984,17.5
09,29,1984,18.5
09,30,1984,17.5
10,01,1984,null
10,02,1984,18.0
10,03,1984,18.5
10,04,1984,17.5
10,05,1984,16.0
10,06,1984,15.0
10,07,1984,16.0
10,08,1984,19.0
10,09,1984,19.5
10,10,1984,19.5
10,11,1984,19.0
10,12,1984,18.0
10,13,1984,18.5
10,14,1984,17.0
10,15,1984,16.5
10,16,1984,15.5
10,17,1984,15.5
10,18,1984,16.0
10,19,1984,17.5
10,20,1984,16.5
10,21,1984,16.0
10,22,1984,16.0
10,23,1984,15.5
10,24,1984,16.0
10,25,1984,16.5
10,26,1984,16.0
10,27,1984,18.0
10,28,1984,18.5
10,29,1984,18.0
10,30,1984,18.0
10,31,1984,18.0
11,01,1984,17.0
11,02,1984,19.0
11,03,1984,18.5
11,04,1984,17.0
11,05,1984,18.5
11,06,1984,15.5
11,07,1984,15.0
11,08,1984,15.0
11,09,1984,16.0
11,10,1984,17.0
11,11,1984,16.5
11,12,1984,17.5
11,13,1984,16.0
11,14,1984,14.5
11,15,1984,14.5
11,16,1984,14.5
11,17,1984,16.0
11,18,1984,12.5
11,19,1984,12.5
11,20,1984,11.5
11,21,1984,11.5
11,22,1984,13.0
11,23,1984,14.0
11,24,1984,13.0
11,25,1984,13.5
11,26,1984,19.0
11,27,1984,13.0
11,28,1984,13.0
11,29,1984,12.0
11,30,1984,11.5
12,01,1984,13.0
12,02,1984,12.0
12,03,1984,12.5
12,04,1984,15.0
12,05,1984,13.5
12,06,1984,13.5
12,07,1984,14.0
12,08,1984,13.0
12,09,1984,15.0
12,10,1984,15.5
12,11,1984,14.5
12,12,1984,11.5
12,13,1984,14.0
12,14,1984,null
12,15,1984,11.5
12,16,1984,12.5
12,17,1984,14.0
12,18,1984,15.0
12,19,1984,16.0
12,20,1984,16.0
12,21,1984,15.0
12,22,1984,15.0
12,23,1984,16.0
12,24,1984,16.5
12,25,1984,15.0
12,26,1984,12.0
12,27,1984,13.0
12,28,1984,14.0
12,29,1984,15.0
12,30,1984,15.0
12,31,1984,14.0
01,01,1985,13.5
01,02,1985,11.0
01,03,1985,11.5
01,04,1985,7.5
01,05,1985,6.0
01,06,1985,8.0
01,07,1985,7.5
01,08,1985,8.0
01,09,1985,9.0
01,10,1985,6.0
01,11,1985,12.5
01,12,1985,null
01,13,1985,12.5
01,14,1985,14.0
01,15,1985,13.0
01,16,1985,13.0
01,17,1985,10.5
01,18,1985,11.5
01,19,1985,9.5
01,20,1985,9.0
01,21,1985,12.5
01,22,1985,9.5
01,23,1985,11.5
01,24,1985,12.0
01,25,1985,13.5
01,26,1985,13.5
01,27,1985,14.5
01,28,1985,14.5
01,29,1985,12.5
01,30,1985,13.5
01,31,1985,13.0
02,01,1985,10.5
02,02,1985,11.5
02,03,1985,11.0
02,04,1985,13.5
02,05,1985,11.5
02,06,1985,15.75
02,07,1985,12.5
02,08,1985,13.5
02,09,1985,14.0
02,10,1985,14.5
02,11,1985,15.0
02,12,1985,14.5
02,13,1985,16.5
02,14,1985,16.0
02,15,1985,15.5
02,16,1985,15.5
02,17,1985,15.0
02,18,1985,16.0
02,19,1985,17.0
02,20,1985,16.5
02,21,1985,15.5
02,22,1985,15.5
02,23,1985,14.5
02,24,1985,15.5
02,25,1985,14.5
02,26,1985,18.5
02,27,1985,17.0
02,28,1985,20.0
03,01,1985,17.5
03,02,1985,18.5
03,03,1985,20.0
03,04,1985,18.5
03,05,1985,17.5
03,06,1985,16.5
03,07,1985,21.0
03,08,1985,20.0
03,09,1985,19.5
03,10,1985,18.0
03,11,1985,18.5
03,12,1985,18.0
03,13,1985,18.0
03,14,1985,16.5
03,15,1985,15.0
03,16,1985,15.5
03,17,1985,16.5
03,18,1985,17.5
03,19,1985,15.0
03,20,1985,15.5
03,21,1985,16.5
03,22,1985,14.0
03,23,1985,13.5
03,24,1985,14.0
03,25,1985,16.5
03,26,1985,17.5
03,27,1985,18.5
03,28,1985,17.5
03,29,1985,18.5
03,30,1985,14.5
03,31,1985,15.0
04,01,1985,15.0
04,02,1985,17.5
04,03,1985,16.5
04,04,1985,16.5
04,05,1985,17.0
04,06,1985,15.5
04,07,1985,18.0
04,08,1985,20.5
04,09,1985,20.0
04,10,1985,18.0
04,11,1985,17.0
04,12,1985,17.0
04,13,1985,20.5
04,14,1985,20.0
04,15,1985,19.0
04,16,1985,17.5
04,17,1985,17.5
04,18,1985,18.0
04,19,1985,19.0
04,20,1985,19.5
04,21,1985,18.5
04,22,1985,18.0
04,23,1985,18.5
04,24,1985,17.5
04,25,1985,18.5
04,26,1985,17.0
04,27,1985,16.0
04,28,1985,17.5
04,29,1985,20.0
04,30,1985,20.5
05,01,1985,20.0
05,02,1985,23.0
05,03,1985,22.0
05,04,1985,21.0
05,05,1985,20.0
05,06,1985,22.5
05,07,1985,21.5
05,08,1985,23.5
05,09,1985,23.0
05,10,1985,24.0
05,11,1985,23.5
05,12,1985,24.5
05,13,1985,23.5
05,14,1985,25.0
05,15,1985,23.0
05,16,1985,25.0
05,17,1985,22.5
05,18,1985,23.0
05,19,1985,22.5
05,20,1985,22.0
05,21,1985,22.0
05,22,1985,19.5
05,23,1985,23.0
05,24,1985,21.5
05,25,1985,23.5
05,26,1985,24.5
05,27,1985,24.0
05,28,1985,23.5
05,29,1985,24.0
05,30,1985,24.5
05,31,1985,24.5
06,01,1985,23.5
06,02,1985,25.5
06,03,1985,25.5
06,04,1985,25.5
06,05,1985,22.0
06,06,1985,24.0
06,07,1985,22.5
06,08,1985,23.0
06,09,1985,23.0
06,10,1985,24.0
06,11,1985,23.5
06,12,1985,21.5
06,13,1985,22.5
06,14,1985,21.5
06,15,1985,22.5
06,16,1985,22.5
06,17,1985,22.0
06,18,1985,22.5
06,19,1985,21.0
06,20,1985,20.0
06,21,1985,20.0
06,22,1985,21.0
06,23,1985,21.5
06,24,1985,20.5
06,25,1985,19.0
06,26,1985,19.5
06,27,1985,19.0
06,28,1985,19.5
06,29,1985,18.5
06,30,1985,16.0
07,01,1985,24.0
07,02,1985,19.5
07,03,1985,19.5
07,04,1985,18.0
07,05,1985,18.5
07,06,1985,22.0
07,07,1985,20.0
07,08,1985,20.5
07,09,1985,21.0
07,10,1985,21.5
07,11,1985,21.5
07,12,1985,21.0
07,13,1985,22.0
07,14,1985,24.5
07,15,1985,23.0
07,16,1985,21.0
07,17,1985,null
07,18,1985,19.0
07,19,1985,20.0
07,20,1985,22.0
07,21,1985,22.0
07,22,1985,21.5
07,23,1985,22.0
07,24,1985,20.5
07,25,1985,18.5
07,26,1985,18.5
07,27,1985,21.0
07,28,1985,20.0
07,29,1985,20.5
07,30,1985,21.0
07,31,1985,19.5
08,01,1985,null
08,02,1985,22.0
08,03,1985,22.5
08,04,1985,23.0
08,05,1985,23.5
08,06,1985,22.5
08,07,1985,21.0
08,08,1985,23.5
08,09,1985,22.0
08,10,1985,20.5
08,11,1985,22.0
08,12,1985,24.0
08,13,1985,22.5
08,14,1985,21.5
08,15,1985,21.0
08,16,1985,23.0
08,17,1985,20.5
08,18,1985,21.5
08,19,1985,20.5
08,20,1985,21.5
08,21,1985,21.0
08,22,1985,21.5
08,23,1985,21.0
08,24,1985,23.0
08,25,1985,22.0
08,26,1985,23.0
08,27,1985,22.0
08,28,1985,21.5
08,29,1985,19.0
08,30,1985,22.0
08,31,1985,24.0
09,01,1985,19.5
09,02,1985,22.5
09,03,1985,22.0
09,04,1985,20.0
09,05,1985,19.0
09,06,1985,19.5
09,07,1985,21.0
09,08,1985,21.0
09,09,1985,23.5
09,10,1985,21.0
09,11,1985,21.5
09,12,1985,20.5
09,13,1985,18.5
09,14,1985,20.0
09,15,1985,20.5
09,16,1985,21.5
09,17,1985,21.0
09,18,1985,21.5
09,19,1985,22.5
09,20,1985,21.5
09,21,1985,21.5
09,22,1985,23.0
09,23,1985,22.5
09,24,1985,20.5
09,25,1985,19.5
09,26,1985,20.0
09,27,1985,21.5
09,28,1985,18.5
09,29,1985,21.0
09,30,1985,21.0
10,01,1985,21.5
10,02,1985,20.0
10,03,1985,19.5
10,04,1985,20.5
10,05,1985,20.5
10,06,1985,22.0
10,07,1985,21.5
10,08,1985,20.5
10,09,1985,20.0
10,10,1985,19.5
10,11,1985,20.5
10,12,1985,20.0
10,13,1985,20.5
10,14,1985,22.0
10,15,1985,21.0
10,16,1985,19.5
10,17,1985,18.0
10,18,1985,19.0
10,19,1985,19.5
10,20,1985,20.5
10,21,1985,18.0
10,22,1985,18.5
10,23,1985,19.0
10,24,1985,18.0
10,25,1985,18.5
10,26,1985,18.0
10,27,1985,17.5
10,28,1985,16.5
10,29,1985,16.0
10,30,1985,16.0
10,31,1985,15.5
11,01,1985,17.5
11,02,1985,13.5
11,03,1985,13.0
11,04,1985,12.0
11,05,1985,13.0
11,06,1985,13.5
11,07,1985,14.0
11,08,1985,14.0
11,09,1985,15.0
11,10,1985,16.0
11,11,1985,17.0
11,12,1985,16.5
11,13,1985,18.5
11,14,1985,19.0
11,15,1985,18.0
11,16,1985,17.5
11,17,1985,18.0
11,18,1985,18.5
11,19,1985,17.5
11,20,1985,17.5
11,21,1985,17.5
11,22,1985,14.0
11,23,1985,16.5
11,24,1985,16.5
11,25,1985,17.5
11,26,1985,16.5
11,27,1985,15.5
11,28,1985,15.5
11,29,1985,12.5
11,30,1985,16.0
12,01,1985,15.5
12,02,1985,13.5
12,03,1985,13.5
12,04,1985,13.5
12,05,1985,13.5
12,06,1985,15.0
12,07,1985,14.0
12,08,1985,14.5
12,09,1985,16.0
12,10,1985,16.0
12,11,1985,16.5
12,12,1985,13.25
12,13,1985,14.5
12,14,1985,12.0
12,15,1985,10.5
12,16,1985,12.5
12,17,1985,12.5
12,18,1985,12.0
12,19,1985,14.0
12,20,1985,11.5
12,21,1985,11.5
12,22,1985,11.0
12,23,1985,12.0
12,24,1985,12.0
12,25,1985,13.0
12,26,1985,13.5
12,27,1985,13.5
12,28,1985,15.0
12,29,1985,13.5
12,30,1985,14.0
12,31,1985,14.0
01,01,1986,15.5
01,02,1986,18.0
01,03,1986,17.5
01,04,1986,13.0
01,05,1986,14.5
01,06,1986,13.5
01,07,1986,11.5
01,08,1986,null
01,09,1986,null
01,10,1986,11.0
01,11,1986,11.0
01,12,1986,12.0
01,13,1986,null
01,14,1986,13.0
01,15,1986,11.5
01,16,1986,16.0
01,17,1986,12.0
01,18,1986,10.5
01,19,1986,10.0
01,20,1986,null
01,21,1986,11.0
01,22,1986,null
01,23,1986,13.5
01,24,1986,15.0
01,25,1986,14.5
01,26,1986,16.0
01,27,1986,16.0
01,28,1986,14.0
01,29,1986,12.5
01,30,1986,14.5
01,31,1986,15.5
02,01,1986,15.5
02,02,1986,15.0
02,03,1986,15.5
02,04,1986,12.5
02,05,1986,11.0
02,06,1986,10.0
02,07,1986,9.5
02,08,1986,10.0
02,09,1986,11.5
02,10,1986,13.0
02,11,1986,14.5
02,12,1986,12.5
02,13,1986,null
02,14,1986,13.0
02,15,1986,15.0
02,16,1986,14.5
02,17,1986,15.5
02,18,1986,15.5
02,19,1986,15.0
02,20,1986,16.0
02,21,1986,17.5
02,22,1986,18.0
02,23,1986,16.0
02,24,1986,15.5
02,25,1986,17.0
02,26,1986,15.0
02,27,1986,15.0
02,28,1986,15.5
03,01,1986,15.5
03,02,1986,16.5
03,03,1986,15.5
03,04,1986,15.5
03,05,1986,16.5
03,06,1986,14.0
03,07,1986,null
03,08,1986,13.0
03,09,1986,14.0
03,10,1986,15.0
03,11,1986,15.5
03,12,1986,14.5
03,13,1986,14.0
03,14,1986,14.0
03,15,1986,null
03,16,1986,null
03,17,1986,15.5
03,18,1986,14.5
03,19,1986,null
03,20,1986,null
03,21,1986,14.0
03,22,1986,12.5
03,23,1986,12.5
03,24,1986,13.5
03,25,1986,14.5
03,26,1986,16.0
03,27,1986,17.0
03,28,1986,19.0
03,29,1986,19.0
03,30,1986,20.0
03,31,1986,21.5
04,01,1986,20.5
04,02,1986,21.0
04,03,1986,19.0
04,04,1986,17.0
04,05,1986,17.5
04,06,1986,17.5
04,07,1986,22.0
04,08,1986,21.0
04,09,1986,23.0
04,10,1986,22.0
04,11,1986,21.0
04,12,1986,22.0
04,13,1986,22.5
04,14,1986,23.5
04,15,1986,24.0
04,16,1986,24.5
04,17,1986,22.0
04,18,1986,21.5
04,19,1986,20.5
04,20,1986,21.0
04,21,1986,22.0
04,22,1986,21.0
04,23,1986,20.0
04,24,1986,20.0
04,25,1986,19.5
04,26,1986,20.0
04,27,1986,20.5
04,28,1986,21.5
04,29,1986,23.0
04,30,1986,20.0
05,01,1986,20.5
05,02,1986,19.5
05,03,1986,24.0
05,04,1986,23.5
05,05,1986,24.5
05,06,1986,21.5
05,07,1986,18.5
05,08,1986,21.0
05,09,1986,21.5
05,10,1986,20.0
05,11,1986,20.5
05,12,1986,23.5
05,13,1986,24.5
05,14,1986,25.5
05,15,1986,25.5
05,16,1986,24.0
05,17,1986,25.0
05,18,1986,26.5
05,19,1986,26.0
05,20,1986,24.5
05,21,1986,22.0
05,22,1986,19.5
05,23,1986,20.0
05,24,1986,22.0
05,25,1986,23.5
05,26,1986,23.5
05,27,1986,23.0
05,28,1986,20.5
05,29,1986,22.0
05,30,1986,22.0
05,31,1986,22.0
06,01,1986,20.5
06,02,1986,23.0
06,03,1986,23.5
06,04,1986,23.5
06,05,1986,24.5
06,06,1986,23.5
06,07,1986,25.5
06,08,1986,24.5
06,09,1986,24.0
06,10,1986,23.0
06,11,1986,23.5
06,12,1986,22.0
06,13,1986,21.0
06,14,1986,20.5
06,15,1986,20.5
06,16,1986,21.0
06,17,1986,21.0
06,18,1986,20.5
06,19,1986,21.5
06,20,1986,20.0
06,21,1986,21.5
06,22,1986,21.0
06,23,1986,21.0
06,24,1986,20.0
06,25,1986,20.0
06,26,1986,16.75
06,27,1986,18.0
06,28,1986,20.0
06,29,1986,21.5
06,30,1986,22.0
07,01,1986,23.5
07,02,1986,21.5
07,03,1986,20.5
07,04,1986,22.0
07,05,1986,21.5
07,06,1986,24.0
07,07,1986,24.5
07,08,1986,19.5
07,09,1986,16.5
07,10,1986,19.5
07,11,1986,19.5
07,12,1986,19.5
07,13,1986,21.5
07,14,1986,20.5
07,15,1986,19.5
07,16,1986,19.0
07,17,1986,16.0
07,18,1986,18.5
07,19,1986,20.0
07,20,1986,18.5
07,21,1986,20.0
07,22,1986,21.0
07,23,1986,20.5
07,24,1986,19.5
07,25,1986,20.5
07,26,1986,21.0
07,27,1986,22.0
07,28,1986,23.0
07,29,1986,21.5
07,30,1986,22.5
07,31,1986,21.0
08,01,1986,22.0
08,02,1986,21.0
08,03,1986,22.0
08,04,1986,22.0
08,05,1986,20.0
08,06,1986,21.0
08,07,1986,20.5
08,08,1986,20.5
08,09,1986,21.0
08,10,1986,21.0
08,11,1986,22.0
08,12,1986,23.0
08,13,1986,22.0
08,14,1986,22.5
08,15,1986,23.0
08,16,1986,20.5
08,17,1986,22.0
08,18,1986,24.0
08,19,1986,22.0
08,20,1986,22.0
08,21,1986,22.5
08,22,1986,22.0
08,23,1986,19.5
08,24,1986,19.0
08,25,1986,22.5
08,26,1986,20.0
08,27,1986,20.5
08,28,1986,21.0
08,29,1986,21.5
08,30,1986,20.0
08,31,1986,21.5
09,01,1986,19.0
09,02,1986,20.5
09,03,1986,22.0
09,04,1986,21.5
09,05,1986,20.0
09,06,1986,21.5
09,07,1986,22.0
09,08,1986,21.0
09,09,1986,21.5
09,10,1986,19.5
09,11,1986,22.0
09,12,1986,22.5
09,13,1986,22.0
09,14,1986,21.0
09,15,1986,22.0
09,16,1986,22.0
09,17,1986,21.0
09,18,1986,20.0
09,19,1986,20.0
09,20,1986,20.0
09,21,1986,19.0
09,22,1986,20.5
09,23,1986,21.0
09,24,1986,20.0
09,25,1986,19.5
09,26,1986,21.0
09,27,1986,19.5
09,28,1986,21.0
09,29,1986,21.5
09,30,1986,21.5
10,01,1986,21.5
10,02,1986,18.5
10,03,1986,19.0
10,04,1986,20.0
10,05,1986,20.5
10,06,1986,19.5
10,07,1986,20.0
10,08,1986,22.5
10,09,1986,22.0
10,10,1986,22.5
10,11,1986,22.5
10,12,1986,21.0
10,13,1986,20.5
10,14,1986,20.5
10,15,1986,20.0
10,16,1986,20.0
10,17,1986,22.0
10,18,1986,19.5
10,19,1986,20.5
10,20,1986,17.75
10,21,1986,15.0
10,22,1986,15.5
10,23,1986,17.0
10,24,1986,18.0
10,25,1986,17.0
10,26,1986,16.0
10,27,1986,17.0
10,28,1986,17.0
10,29,1986,15.5
10,30,1986,16.0
10,31,1986,15.5
11,01,1986,16.5
11,02,1986,16.5
11,03,1986,19.0
11,04,1986,18.5
11,05,1986,18.5
11,06,1986,19.0
11,07,1986,19.5
11,08,1986,20.5
11,09,1986,20.0
11,10,1986,21.0
11,11,1986,19.5
11,12,1986,19.5
11,13,1986,20.0
11,14,1986,19.0
11,15,1986,21.0
11,16,1986,20.0
11,17,1986,20.5
11,18,1986,20.5
11,19,1986,20.5
11,20,1986,20.0
11,21,1986,19.0
11,22,1986,18.0
11,23,1986,17.5
11,24,1986,14.5
11,25,1986,13.5
11,26,1986,13.5
11,27,1986,14.0
11,28,1986,14.0
11,29,1986,11.0
11,30,1986,null
12,01,1986,null
12,02,1986,15.0
12,03,1986,14.5
12,04,1986,12.5
12,05,1986,13.5
12,06,1986,14.0
12,07,1986,15.0
12,08,1986,14.5
12,09,1986,14.0
12,10,1986,15.5
12,11,1986,15.5
12,12,1986,15.5
12,13,1986,15.0
12,14,1986,13.5
12,15,1986,17.5
12,16,1986,17.0
12,17,1986,17.5
12,18,1986,15.0
12,19,1986,14.0
12,20,1986,13.5
12,21,1986,13.5
12,22,1986,10.5
12,23,1986,13.0
12,24,1986,11.1
12,25,1986,11.05
12,26,1986,null
12,27,1986,12.5
12,28,1986,11.6
12,29,1986,null
12,30,1986,12.5
12,31,1986,10.0
01,01,1987,11.15
01,02,1987,null
01,03,1987,12.0
01,04,1987,12.0
01,05,1987,null
01,06,1987,12.5
01,07,1987,15.5
01,08,1987,13.5
01,09,1987,13.5
01,10,1987,13.0
01,11,1987,10.5
01,12,1987,9.0
01,13,1987,10.5
01,14,1987,7.5
01,15,1987,13.5
01,16,1987,13.25
01,17,1987,13.5
01,18,1987,15.0
01,19,1987,11.5
01,20,1987,10.0
01,21,1987,12.0
01,22,1987,12.0
01,23,1987,null
01,24,1987,9.5
01,25,1987,12.0
01,26,1987,14.5
01,27,1987,null
01,28,1987,13.5
01,29,1987,13.5
01,30,1987,13.5
01,31,1987,15.5
02,01,1987,null
02,02,1987,11.0
02,03,1987,11.5
02,04,1987,13.5
02,05,1987,13.5
02,06,1987,12.5
02,07,1987,12.0
02,08,1987,12.0
02,09,1987,14.0
02,10,1987,14.5
02,11,1987,14.5
02,12,1987,14.0
02,13,1987,15.5
02,14,1987,16.0
02,15,1987,15.5
02,16,1987,15.0
02,17,1987,17.0
02,18,1987,14.5
02,19,1987,17.0
02,20,1987,18.5
02,21,1987,16.0
02,22,1987,17.0
02,23,1987,15.5
02,24,1987,14.5
02,25,1987,16.0
02,26,1987,15.0
02,27,1987,16.5
02,28,1987,13.5
03,01,1987,null
03,02,1987,12.0
03,03,1987,11.5
03,04,1987,13.5
03,05,1987,13.5
03,06,1987,12.5
03,07,1987,12.0
03,08,1987,12.0
03,09,1987,14.0
03,10,1987,14.5
03,11,1987,14.5
03,12,1987,14.0
03,13,1987,15.5
03,14,1987,16.5
03,15,1987,17.0
03,16,1987,15.5
03,17,1987,15.0
03,18,1987,17.0
03,19,1987,14.5
03,20,1987,17.0
03,21,1987,18.5
03,22,1987,16.0
03,23,1987,17.0
03,24,1987,15.5
03,25,1987,14.5
03,26,1987,16.0
03,27,1987,15.0
03,28,1987,16.5
03,29,1987,13.5
03,30,1987,13.5
03,31,1987,13.0
04,01,1987,10.5
04,02,1987,16.5
04,03,1987,18.0
04,04,1987,18.0
04,05,1987,16.5
04,06,1987,15.5
04,07,1987,16.0
04,08,1987,15.0
04,09,1987,15.5
04,10,1987,15.5
04,11,1987,16.0
04,12,1987,16.5
04,13,1987,18.5
04,14,1987,17.0
04,15,1987,17.5
04,16,1987,19.5
04,17,1987,20.0
04,18,1987,18.0
04,19,1987,19.0
04,20,1987,21.0
04,21,1987,23.5
04,22,1987,22.0
04,23,1987,20.0
04,24,1987,17.5
04,25,1987,17.5
04,26,1987,19.0
04,27,1987,22.0
04,28,1987,20.5
04,29,1987,19.0
04,30,1987,18.5
05,01,1987,17.0
05,02,1987,15.0
05,03,1987,15.0
05,04,1987,16.5
05,05,1987,19.0
05,06,1987,20.0
05,07,1987,20.0
05,08,1987,22.0
05,09,1987,21.0
05,10,1987,21.0
05,11,1987,22.5
05,12,1987,18.5
05,13,1987,21.0
05,14,1987,22.0
05,15,1987,22.0
05,16,1987,23.0
05,17,1987,23.0
05,18,1987,23.5
05,19,1987,19.25
05,20,1987,17.5
05,21,1987,19.5
05,22,1987,19.5
05,23,1987,21.0
05,24,1987,23.0
05,25,1987,22.0
05,26,1987,20.5
05,27,1987,20.0
05,28,1987,22.5
05,29,1987,22.5
05,30,1987,22.0
05,31,1987,21.0
06,01,1987,19.5
06,02,1987,21.5
06,03,1987,22.5
06,04,1987,23.0
06,05,1987,23.5
06,06,1987,22.5
06,07,1987,22.0
06,08,1987,21.5
06,09,1987,21.0
06,10,1987,23.5
06,11,1987,21.0
06,12,1987,22.5
06,13,1987,25.0
06,14,1987,25.5
06,15,1987,26.0
06,16,1987,24.0
06,17,1987,24.0
06,18,1987,24.0
06,19,1987,26.5
06,20,1987,24.5
06,21,1987,26.0
06,22,1987,26.5
06,23,1987,23.5
06,24,1987,24.0
06,25,1987,24.5
06,26,1987,24.5
06,27,1987,24.5
06,28,1987,25.0
06,29,1987,24.5
06,30,1987,25.5
07,01,1987,24.5
07,02,1987,23.5
07,03,1987,22.5
07,04,1987,23.5
07,05,1987,24.5
07,06,1987,24.5
07,07,1987,26.5
07,08,1987,24.5
07,09,1987,24.5
07,10,1987,21.5
07,11,1987,21.0
07,12,1987,23.0
07,13,1987,23.5
07,14,1987,25.5
07,15,1987,23.0
07,16,1987,20.5
07,17,1987,20.5
07,18,1987,22.0
07,19,1987,24.5
07,20,1987,23.5
07,21,1987,23.0
07,22,1987,22.0
07,23,1987,23.0
07,24,1987,22.0
07,25,1987,22.0
07,26,1987,20.25
07,27,1987,21.5
07,28,1987,21.5
07,29,1987,21.5
07,30,1987,19.5
07,31,1987,19.5
08,01,1987,24.0
08,02,1987,21.0
08,03,1987,22.0
08,04,1987,23.0
08,05,1987,22.5
08,06,1987,22.0
08,07,1987,22.0
08,08,1987,23.5
08,09,1987,24.0
08,10,1987,23.5
08,11,1987,22.5
08,12,1987,22.5
08,13,1987,23.0
08,14,1987,22.5
08,15,1987,23.0
08,16,1987,24.0
08,17,1987,25.0
08,18,1987,23.0
08,19,1987,22.5
08,20,1987,23.0
08,21,1987,21.0
08,22,1987,23.5
08,23,1987,22.5
08,24,1987,24.0
08,25,1987,22.0
08,26,1987,23.0
08,27,1987,22.5
08,28,1987,22.5
08,29,1987,21.5
08,30,1987,21.5
08,31,1987,23.5
09,01,1987,20.5
09,02,1987,21.5
09,03,1987,22.5
09,04,1987,23.5
09,05,1987,24.5
09,06,1987,23.0
09,07,1987,25.5
09,08,1987,23.0
09,09,1987,22.5
09,10,1987,22.0
09,11,1987,23.0
09,12,1987,24.0
09,13,1987,25.5
09,14,1987,25.5
09,15,1987,22.5
09,16,1987,25.0
09,17,1987,23.5
09,18,1987,24.0
09,19,1987,23.5
09,20,1987,24.0
09,21,1987,23.0
09,22,1987,23.0
09,23,1987,22.0
09,24,1987,20.5
09,25,1987,22.0
09,26,1987,21.5
09,27,1987,22.0
09,28,1987,20.5
09,29,1987,21.5
09,30,1987,21.0
10,01,1987,22.5
10,02,1987,18.5
10,03,1987,20.0
10,04,1987,21.0
10,05,1987,18.5
10,06,1987,18.0
10,07,1987,19.5
10,08,1987,20.0
10,09,1987,18.5
10,10,1987,17.5
10,11,1987,18.0
10,12,1987,18.0
10,13,1987,17.5
10,14,1987,18.5
10,15,1987,17.5
10,16,1987,18.0
10,17,1987,19.0
10,18,1987,20.0
10,19,1987,20.0
10,20,1987,19.5
10,21,1987,18.5
10,22,1987,19.5
10,23,1987,19.5
10,24,1987,20.0
10,25,1987,21.0
10,26,1987,20.5
10,27,1987,19.5
10,28,1987,20.0
10,29,1987,19.5
10,30,1987,19.0
10,31,1987,18.5
11,01,1987,17.5
11,02,1987,16.5
11,03,1987,18.5
11,04,1987,20.0
11,05,1987,18.5
11,06,1987,18.0
11,07,1987,18.5
11,08,1987,20.5
11,09,1987,19.0
11,10,1987,14.0
11,11,1987,14.0
11,12,1987,16.0
11,13,1987,14.0
11,14,1987,14.5
11,15,1987,14.0
11,16,1987,13.5
11,17,1987,14.0
11,18,1987,14.5
11,19,1987,15.5
11,20,1987,16.5
11,21,1987,17.5
11,22,1987,17.5
11,23,1987,14.0
11,24,1987,14.5
11,25,1987,13.0
11,26,1987,16.0
11,27,1987,16.0
11,28,1987,16.5
11,29,1987,16.0
11,30,1987,15.0
12,01,1987,20.0
12,02,1987,15.0
12,03,1987,null
12,04,1987,16.5
12,05,1987,16.5
12,06,1987,15.5
12,07,1987,16.5
12,08,1987,15.5
12,09,1987,14.5
12,10,1987,14.5
12,11,1987,14.5
12,12,1987,13.5
12,13,1987,12.5
12,14,1987,12.5
12,15,1987,13.0
12,16,1987,14.0
12,17,1987,16.0
12,18,1987,17.5
12,19,1987,17.5
12,20,1987,16.0
12,21,1987,15.0
12,22,1987,16.5
12,23,1987,17.5
12,24,1987,17.5
12,25,1987,16.5
12,26,1987,16.5
12,27,1987,18.0
12,28,1987,19.0
12,29,1987,20.5
12,30,1987,17.0
12,31,1987,13.5
01,01,1988,17.0
01,02,1988,16.5
01,03,1988,16.5
01,04,1988,16.0
01,05,1988,17.0
01,06,1988,16.0
01,07,1988,15.5
01,08,1988,15.5
01,09,1988,14.5
01,10,1988,17.5
01,11,1988,14.0
01,12,1988,14.5
01,13,1988,13.0
01,14,1988,15.5
01,15,1988,15.5
01,16,1988,14.0
01,17,1988,12.5
01,18,1988,10.0
01,19,1988,12.05
01,20,1988,11.6
01,21,1988,10.6
01,22,1988,9.65
01,23,1988,11.1
01,24,1988,12.0
01,25,1988,11.5
01,26,1988,13.0
01,27,1988,null
01,28,1988,12.5
01,29,1988,13.0
01,30,1988,13.0
01,31,1988,14.0
02,01,1988,null
02,02,1988,16.0
02,03,1988,18.5
02,04,1988,19.0
02,05,1988,19.0
02,06,1988,17.5
02,07,1988,18.0
02,08,1988,18.0
02,09,1988,16.0
02,10,1988,18.0
02,11,1988,15.0
02,12,1988,17.5
02,13,1988,18.0
02,14,1988,17.5
02,15,1988,17.5
02,16,1988,17.5
02,17,1988,21.0
02,18,1988,16.0
02,19,1988,18.5
02,20,1988,16.0
02,21,1988,15.0
02,22,1988,13.0
02,23,1988,14.0
02,24,1988,16.5
02,25,1988,18.0
02,26,1988,17.5
02,27,1988,19.5
02,28,1988,20.0
02,29,1988,21.0
03,01,1988,null
03,02,1988,21.0
03,03,1988,17.75
03,04,1988,14.5
03,05,1988,15.75
03,06,1988,15.0
03,07,1988,16.0
03,08,1988,17.0
03,09,1988,15.0
03,10,1988,15.0
03,11,1988,13.5
03,12,1988,12.5
03,13,1988,16.5
03,14,1988,17.0
03,15,1988,17.5
03,16,1988,16.5
03,17,1988,18.5
03,18,1988,14.5
03,19,1988,14.5
03,20,1988,18.0
03,21,1988,17.5
03,22,1988,17.0
03,23,1988,20.5
03,24,1988,17.5
03,25,1988,19.0
03,26,1988,19.0
03,27,1988,21.5
03,28,1988,23.0
03,29,1988,21.0
03,30,1988,21.5
03,31,1988,20.0
04,01,1988,21.0
04,02,1988,17.0
04,03,1988,18.5
04,04,1988,19.5
04,05,1988,18.0
04,06,1988,21.5
04,07,1988,23.0
04,08,1988,22.5
04,09,1988,16.5
04,10,1988,21.0
04,11,1988,20.5
04,12,1988,20.5
04,13,1988,19.5
04,14,1988,19.0
04,15,1988,19.5
04,16,1988,20.5
04,17,1988,18.5
04,18,1988,17.5
04,19,1988,19.0
04,20,1988,19.5
04,21,1988,20.0
04,22,1988,20.5
04,23,1988,21.5
04,24,1988,24.5
04,25,1988,26.0
04,26,1988,24.5
04,27,1988,25.0
04,28,1988,24.5
04,29,1988,24.5
04,30,1988,27.0
05,01,1988,null
05,02,1988,22.0
05,03,1988,23.5
05,04,1988,22.5
05,05,1988,23.5
05,06,1988,24.0
05,07,1988,24.0
05,08,1988,24.5
05,09,1988,26.0
05,10,1988,27.0
05,11,1988,25.0
05,12,1988,24.5
05,13,1988,24.5
05,14,1988,23.5
05,15,1988,23.0
05,16,1988,24.0
05,17,1988,23.5
05,18,1988,23.0
05,19,1988,21.0
05,20,1988,19.0
05,21,1988,20.0
05,22,1988,21.0
05,23,1988,23.0
05,24,1988,25.0
05,25,1988,23.5
05,26,1988,25.0
05,27,1988,26.0
05,28,1988,25.0
05,29,1988,23.5
05,30,1988,24.0
05,31,1988,22.0
06,01,1988,24.0
06,02,1988,22.5
06,03,1988,23.5
06,04,1988,24.0
06,05,1988,26.0
06,06,1988,24.0
06,07,1988,23.0
06,08,1988,25.5
06,09,1988,26.0
06,10,1988,27.0
06,11,1988,26.0
06,12,1988,25.5
06,13,1988,24.5
06,14,1988,23.0
06,15,1988,21.0
06,16,1988,20.5
06,17,1988,22.0
06,18,1988,21.5
06,19,1988,22.0
06,20,1988,22.5
06,21,1988,21.5
06,22,1988,22.5
06,23,1988,23.0
06,24,1988,22.5
06,25,1988,22.5
06,26,1988,24.0
06,27,1988,24.5
06,28,1988,22.5
06,29,1988,21.0
06,30,1988,23.5
07,01,1988,25.0
07,02,1988,22.5
07,03,1988,21.5
07,04,1988,20.0
07,05,1988,21.5
07,06,1988,18.5
07,07,1988,17.5
07,08,1988,21.0
07,09,1988,22.0
07,10,1988,22.5
07,11,1988,23.0
07,12,1988,22.0
07,13,1988,23.5
07,14,1988,25.0
07,15,1988,23.5
07,16,1988,23.0
07,17,1988,21.5
07,18,1988,20.0
07,19,1988,22.0
07,20,1988,22.0
07,21,1988,21.0
07,22,1988,20.0
07,23,1988,19.5
07,24,1988,20.0
07,25,1988,17.0
07,26,1988,23.0
07,27,1988,19.0
07,28,1988,19.5
07,29,1988,21.0
07,30,1988,21.0
07,31,1988,21.0
08,01,1988,22.0
08,02,1988,21.0
08,03,1988,22.5
08,04,1988,22.5
08,05,1988,22.0
08,06,1988,21.0
08,07,1988,21.5
08,08,1988,23.0
08,09,1988,22.0
08,10,1988,21.0
08,11,1988,22.5
08,12,1988,19.5
08,13,1988,21.0
08,14,1988,21.5
08,15,1988,24.0
08,16,1988,21.5
08,17,1988,22.5
08,18,1988,21.0
08,19,1988,20.0
08,20,1988,18.5
08,21,1988,18.0
08,22,1988,20.0
08,23,1988,19.5
08,24,1988,20.0
08,25,1988,18.5
08,26,1988,19.0
08,27,1988,20.0
08,28,1988,20.5
08,29,1988,21.5
08,30,1988,19.0
08,31,1988,19.5
09,01,1988,19.0
09,02,1988,20.0
09,03,1988,20.0
09,04,1988,20.0
09,05,1988,18.5
09,06,1988,17.5
09,07,1988,21.0
09,08,1988,21.5
09,09,1988,21.0
09,10,1988,20.0
09,11,1988,17.0
09,12,1988,19.5
09,13,1988,20.0
09,14,1988,20.0
09,15,1988,21.0
09,16,1988,20.5
09,17,1988,17.5
09,18,1988,21.5
09,19,1988,24.0
09,20,1988,23.0
09,21,1988,21.0
09,22,1988,21.0
09,23,1988,21.0
09,24,1988,22.5
09,25,1988,22.0
09,26,1988,20.0
09,27,1988,20.5
09,28,1988,20.5
09,29,1988,21.0
09,30,1988,20.0
10,01,1988,19.5
10,02,1988,20.0
10,03,1988,20.0
10,04,1988,19.5
10,05,1988,18.5
10,06,1988,18.0
10,07,1988,18.0
10,08,1988,18.5
10,09,1988,18.0
10,10,1988,18.5
10,11,1988,21.0
10,12,1988,22.0
10,13,1988,19.0
10,14,1988,18.0
10,15,1988,19.0
10,16,1988,19.0
10,17,1988,21.0
10,18,1988,18.5
10,19,1988,17.5
10,20,1988,18.0
10,21,1988,18.0
10,22,1988,18.0
10,23,1988,18.0
10,24,1988,19.5
10,25,1988,17.0
10,26,1988,17.0
10,27,1988,17.0
10,28,1988,16.5
10,29,1988,18.0
10,30,1988,18.5
10,31,1988,20.0
11,01,1988,20.0
11,02,1988,17.5
11,03,1988,14.0
11,04,1988,15.0
11,05,1988,16.5
11,06,1988,16.0
11,07,1988,18.0
11,08,1988,17.0
11,09,1988,18.5
11,10,1988,17.0
11,11,1988,17.0
11,12,1988,17.0
11,13,1988,16.5
11,14,1988,17.5
11,15,1988,17.0
11,16,1988,15.0
11,17,1988,16.0
11,18,1988,15.0
11,19,1988,13.5
11,20,1988,14.0
11,21,1988,15.0
11,22,1988,15.5
11,23,1988,15.0
11,24,1988,15.5
11,25,1988,16.0
11,26,1988,12.0
11,27,1988,14.5
11,28,1988,null
11,29,1988,15.0
11,30,1988,13.5
12,01,1988,15.5
12,02,1988,14.0
12,03,1988,14.5
12,04,1988,15.0
12,05,1988,15.5
12,06,1988,15.0
12,07,1988,11.0
12,08,1988,null
12,09,1988,10.5
12,10,1988,13.0
12,11,1988,13.0
12,12,1988,15.5
12,13,1988,16.5
12,14,1988,16.0
12,15,1988,14.5
12,16,1988,14.0
12,17,1988,14.5
12,18,1988,15.5
12,19,1988,15.5
12,20,1988,15.0
12,21,1988,15.5
12,22,1988,15.5
12,23,1988,16.5
12,24,1988,15.5
12,25,1988,16.0
12,26,1988,17.5
12,27,1988,13.5
12,28,1988,11.0
12,29,1988,null
12,30,1988,10.5
12,31,1988,12.5
01,01,1989,13.5
01,02,1989,13.5
01,03,1989,15.5
01,04,1989,13.5
01,05,1989,16.0
01,06,1989,15.0
01,07,1989,13.0
01,08,1989,13.5
01,09,1989,14.5
01,10,1989,13.0
01,11,1989,12.5
01,12,1989,12.5
01,13,1989,11.5
01,14,1989,12.0
01,15,1989,12.5
01,16,1989,13.5
01,17,1989,15.0
01,18,1989,14.5
01,19,1989,14.0
01,20,1989,11.5
01,21,1989,11.0
01,22,1989,14.0
01,23,1989,11.5
01,24,1989,13.0
01,25,1989,11.0
01,26,1989,11.0
01,27,1989,13.0
01,28,1989,14.0
01,29,1989,12.0
01,30,1989,11.0
01,31,1989,15.0
02,01,1989,null
02,02,1989,14.5
02,03,1989,14.0
02,04,1989,14.0
02,05,1989,15.5
02,06,1989,14.0
02,07,1989,14.0
02,08,1989,14.5
02,09,1989,15.5
02,10,1989,16.0
02,11,1989,15.5
02,12,1989,17.0
02,13,1989,16.5
02,14,1989,17.5
02,15,1989,14.5
02,16,1989,16.5
02,17,1989,17.0
02,18,1989,17.0
02,19,1989,17.5
02,20,1989,16.0
02,21,1989,14.5
02,22,1989,14.5
02,23,1989,10.5
02,24,1989,12.5
02,25,1989,null
02,26,1989,14.5
02,27,1989,16.0
02,28,1989,16.5
03,01,1989,17.0
03,02,1989,18.0
03,03,1989,16.5
03,04,1989,15.5
03,05,1989,15.5
03,06,1989,15.0
03,07,1989,11.5
03,08,1989,12.1
03,09,1989,14.05
03,10,1989,14.5
03,11,1989,16.0
03,12,1989,16.5
03,13,1989,17.0
03,14,1989,17.5
03,15,1989,16.5
03,16,1989,16.0
03,17,1989,17.0
03,18,1989,19.0
03,19,1989,20.0
03,20,1989,21.0
03,21,1989,17.5
03,22,1989,16.0
03,23,1989,17.5
03,24,1989,16.5
03,25,1989,16.5
03,26,1989,18.0
03,27,1989,17.5
03,28,1989,14.5
03,29,1989,14.5
03,30,1989,13.0
03,31,1989,15.5
04,01,1989,null
04,02,1989,18.0
04,03,1989,19.0
04,04,1989,19.0
04,05,1989,18.0
04,06,1989,20.0
04,07,1989,17.5
04,08,1989,19.0
04,09,1989,19.5
04,10,1989,21.0
04,11,1989,21.5
04,12,1989,20.5
04,13,1989,18.5
04,14,1989,19.0
04,15,1989,16.5
04,16,1989,17.0
04,17,1989,18.5
04,18,1989,18.5
04,19,1989,20.5
04,20,1989,20.0
04,21,1989,19.0
04,22,1989,20.0
04,23,1989,22.5
04,24,1989,22.5
04,25,1989,18.0
04,26,1989,19.0
04,27,1989,20.5
04,28,1989,17.5
04,29,1989,17.5
04,30,1989,18.0
05,01,1989,null
05,02,1989,18.5
05,03,1989,17.0
05,04,1989,18.5
05,05,1989,21.0
05,06,1989,21.0
05,07,1989,22.5
05,08,1989,23.0
05,09,1989,23.0
05,10,1989,21.75
05,11,1989,22.0
05,12,1989,23.0
05,13,1989,19.5
05,14,1989,20.5
05,15,1989,20.0
05,16,1989,19.5
05,17,1989,19.5
05,18,1989,20.0
05,19,1989,20.0
05,20,1989,23.0
05,21,1989,26.0
05,22,1989,25.5
05,23,1989,24.5
05,24,1989,23.0
05,25,1989,23.5
05,26,1989,24.0
05,27,1989,23.0
05,28,1989,22.0
05,29,1989,23.0
05,30,1989,21.5
05,31,1989,22.5
06,01,1989,19.5
06,02,1989,null
06,03,1989,null
06,04,1989,null
06,05,1989,null
06,06,1989,null
06,07,1989,null
06,08,1989,null
06,09,1989,null
06,10,1989,null
06,11,1989,null
06,12,1989,null
06,13,1989,null
06,14,1989,null
06,15,1989,null
06,16,1989,null
06,17,1989,null
06,18,1989,null
06,19,1989,null
06,20,1989,null
06,21,1989,null
06,22,1989,null
06,23,1989,null
06,24,1989,null
06,25,1989,null
06,26,1989,null
06,27,1989,null
06,28,1989,null
06,29,1989,null
06,30,1989,null
07,01,1989,null
07,02,1989,null
07,03,1989,null
07,04,1989,null
07,05,1989,null
07,06,1989,null
07,07,1989,null
07,08,1989,null
07,09,1989,null
07,10,1989,null
07,11,1989,null
07,12,1989,null
07,13,1989,null
07,14,1989,null
07,15,1989,null
07,16,1989,null
07,17,1989,null
07,18,1989,null
07,19,1989,null
07,20,1989,null
07,21,1989,null
07,22,1989,null
07,23,1989,null
07,24,1989,null
07,25,1989,null
07,26,1989,null
07,27,1989,null
07,28,1989,null
07,29,1989,null
07,30,1989,null
07,31,1989,null
08,01,1989,null
08,02,1989,19.5
08,03,1989,20.0
08,04,1989,20.5
08,05,1989,22.0
08,06,1989,20.5
08,07,1989,20.5
08,08,1989,18.5
08,09,1989,18.0
08,10,1989,19.5
08,11,1989,21.5
08,12,1989,21.0
08,13,1989,21.5
08,14,1989,24.0
08,15,1989,21.5
08,16,1989,21.0
08,17,1989,20.0
08,18,1989,21.0
08,19,1989,21.5
08,20,1989,22.0
08,21,1989,23.0
08,22,1989,21.0
08,23,1989,16.5
08,24,1989,20.5
08,25,1989,19.5
08,26,1989,19.0
08,27,1989,18.5
08,28,1989,18.5
08,29,1989,19.0
08,30,1989,20.5
08,31,1989,19.0
09,01,1989,22.0
09,02,1989,19.0
09,03,1989,19.0
09,04,1989,19.0
09,05,1989,19.5
09,06,1989,19.0
09,07,1989,21.0
09,08,1989,20.0
09,09,1989,21.5
09,10,1989,21.5
09,11,1989,23.0
09,12,1989,21.0
09,13,1989,20.5
09,14,1989,22.0
09,15,1989,21.5
09,16,1989,19.0
09,17,1989,14.1
09,18,1989,21.5
09,19,1989,21.5
09,20,1989,19.0
09,21,1989,20.5
09,22,1989,21.0
09,23,1989,21.0
09,24,1989,21.5
09,25,1989,17.0
09,26,1989,16.25
09,27,1989,16.5
09,28,1989,14.75
09,29,1989,16.0
09,30,1989,17.75
10,01,1989,null
10,02,1989,17.75
10,03,1989,19.5
10,04,1989,20.0
10,05,1989,20.75
10,06,1989,20.0
10,07,1989,21.5
10,08,1989,20.5
10,09,1989,19.0
10,10,1989,19.75
10,11,1989,19.75
10,12,1989,19.0
10,13,1989,17.0
10,14,1989,16.5
10,15,1989,17.5
10,16,1989,16.5
10,17,1989,17.5
10,18,1989,19.0
10,19,1989,18.25
10,20,1989,17.0
10,21,1989,15.5
10,22,1989,19.0
10,23,1989,20.25
10,24,1989,21.0
10,25,1989,20.25
10,26,1989,19.0
10,27,1989,18.5
10,28,1989,19.0
10,29,1989,18.75
10,30,1989,18.75
10,31,1989,16.25
11,01,1989,15.75
11,02,1989,null
11,03,1989,null
11,04,1989,null
11,05,1989,null
11,06,1989,null
11,07,1989,null
11,08,1989,null
11,09,1989,null
11,10,1989,null
11,11,1989,null
11,12,1989,null
11,13,1989,null
11,14,1989,null
11,15,1989,null
11,16,1989,null
11,17,1989,null
11,18,1989,null
11,19,1989,null
11,20,1989,null
11,21,1989,null
11,22,1989,null
11,23,1989,null
11,24,1989,null
11,25,1989,null
11,26,1989,null
11,27,1989,null
11,28,1989,null
11,29,1989,null
11,30,1989,null
12,01,1989,null
12,02,1989,null
12,03,1989,null
12,04,1989,null
12,05,1989,null
12,06,1989,null
12,07,1989,null
12,08,1989,null
12,09,1989,null
12,10,1989,null
12,11,1989,null
12,12,1989,null
12,13,1989,null
12,14,1989,null
12,15,1989,null
12,16,1989,null
12,17,1989,null
12,18,1989,null
12,19,1989,null
12,20,1989,null
12,21,1989,null
12,22,1989,null
12,23,1989,null
12,24,1989,null
12,25,1989,null
12,26,1989,null
12,27,1989,null
12,28,1989,null
12,29,1989,null
12,30,1989,null
12,31,1989,null
01,01,1990,null
01,02,1990,9.5
01,03,1990,12.75
01,04,1990,10.75
01,05,1990,13.5
01,06,1990,12.0
01,07,1990,13.5
01,08,1990,11.5
01,09,1990,11.25
01,10,1990,12.0
01,11,1990,12.25
01,12,1990,12.0
01,13,1990,11.5
01,14,1990,12.0
01,15,1990,12.75
01,16,1990,12.25
01,17,1990,13.0
01,18,1990,12.0
01,19,1990,12.0
01,20,1990,13.25
01,21,1990,13.5
01,22,1990,16.25
01,23,1990,14.0
01,24,1990,13.75
01,25,1990,13.0
01,26,1990,11.5
01,27,1990,11.0
01,28,1990,13.5
01,29,1990,15.5
01,30,1990,15.25
01,31,1990,13.25
02,01,1990,12.0
02,02,1990,12.0
02,03,1990,13.0
02,04,1990,14.5
02,05,1990,12.5
02,06,1990,11.5
02,07,1990,10.25
02,08,1990,13.5
02,09,1990,14.25
02,10,1990,13.5
02,11,1990,15.0
02,12,1990,16.0
02,13,1990,16.0
02,14,1990,14.5
02,15,1990,14.5
02,16,1990,14.0
02,17,1990,14.75
02,18,1990,13.5
02,19,1990,14.0
02,20,1990,12.75
02,21,1990,13.25
02,22,1990,12.25
02,23,1990,11.0
02,24,1990,11.5
02,25,1990,13.25
02,26,1990,14.5
02,27,1990,15.0
02,28,1990,16.0
03,01,1990,null
03,02,1990,null
03,03,1990,null
03,04,1990,null
03,05,1990,null
03,06,1990,null
03,07,1990,null
03,08,1990,null
03,09,1990,null
03,10,1990,null
03,11,1990,null
03,12,1990,null
03,13,1990,null
03,14,1990,null
03,15,1990,null
03,16,1990,null
03,17,1990,null
03,18,1990,null
03,19,1990,null
03,20,1990,null
03,21,1990,null
03,22,1990,null
03,23,1990,null
03,24,1990,null
03,25,1990,null
03,26,1990,null
03,27,1990,null
03,28,1990,null
03,29,1990,null
03,30,1990,null
03,31,1990,null
04,01,1990,null
04,02,1990,null
04,03,1990,null
04,04,1990,null
04,05,1990,null
04,06,1990,null
04,07,1990,null
04,08,1990,null
04,09,1990,null
04,10,1990,null
04,11,1990,null
04,12,1990,null
04,13,1990,null
04,14,1990,null
04,15,1990,null
04,16,1990,null
04,17,1990,null
04,18,1990,null
04,19,1990,null
04,20,1990,null
04,21,1990,null
04,22,1990,null
04,23,1990,null
04,24,1990,null
04,25,1990,null
04,26,1990,null
04,27,1990,null
04,28,1990,null
04,29,1990,null
04,30,1990,null
05,01,1990,null
05,02,1990,null
05,03,1990,null
05,04,1990,null
05,05,1990,null
05,06,1990,null
05,07,1990,null
05,08,1990,null
05,09,1990,null
05,10,1990,null
05,11,1990,null
05,12,1990,null
05,13,1990,null
05,14,1990,null
05,15,1990,null
05,16,1990,null
05,17,1990,null
05,18,1990,null
05,19,1990,null
05,20,1990,null
05,21,1990,null
05,22,1990,null
05,23,1990,null
05,24,1990,null
05,25,1990,null
05,26,1990,null
05,27,1990,null
05,28,1990,null
05,29,1990,null
05,30,1990,null
05,31,1990,null
06,01,1990,null
06,02,1990,null
06,03,1990,null
06,04,1990,null
06,05,1990,null
06,06,1990,null
06,07,1990,null
06,08,1990,null
06,09,1990,null
06,10,1990,null
06,11,1990,null
06,12,1990,null
06,13,1990,null
06,14,1990,null
06,15,1990,null
06,16,1990,null
06,17,1990,null
06,18,1990,null
06,19,1990,null
06,20,1990,null
06,21,1990,null
06,22,1990,null
06,23,1990,null
06,24,1990,null
06,25,1990,null
06,26,1990,null
06,27,1990,null
06,28,1990,null
06,29,1990,null
06,30,1990,null
07,01,1990,null
07,02,1990,null
07,03,1990,null
07,04,1990,null
07,05,1990,null
07,06,1990,null
07,07,1990,null
07,08,1990,null
07,09,1990,null
07,10,1990,null
07,11,1990,null
07,12,1990,null
07,13,1990,null
07,14,1990,null
07,15,1990,null
07,16,1990,null
07,17,1990,null
07,18,1990,null
07,19,1990,null
07,20,1990,null
07,21,1990,null
07,22,1990,null
07,23,1990,null
07,24,1990,null
07,25,1990,null
07,26,1990,null
07,27,1990,null
07,28,1990,null
07,29,1990,null
07,30,1990,null
07,31,1990,null
08,01,1990,null
08,02,1990,null
08,03,1990,null
08,04,1990,null
08,05,1990,null
08,06,1990,null
08,07,1990,null
08,08,1990,null
08,09,1990,null
08,10,1990,null
08,11,1990,null
08,12,1990,null
08,13,1990,null
08,14,1990,null
08,15,1990,null
08,16,1990,null
08,17,1990,null
08,18,1990,null
08,19,1990,null
08,20,1990,null
08,21,1990,null
08,22,1990,null
08,23,1990,null
08,24,1990,null
08,25,1990,null
08,26,1990,null
08,27,1990,null
08,28,1990,null
08,29,1990,null
08,30,1990,null
08,31,1990,null
09,01,1990,null
09,02,1990,null
09,03,1990,null
09,04,1990,null
09,05,1990,null
09,06,1990,null
09,07,1990,null
09,08,1990,null
09,09,1990,null
09,10,1990,null
09,11,1990,null
09,12,1990,null
09,13,1990,null
09,14,1990,null
09,15,1990,null
09,16,1990,null
09,17,1990,null
09,18,1990,null
09,19,1990,null
09,20,1990,null
09,21,1990,null
09,22,1990,null
09,23,1990,null
09,24,1990,null
09,25,1990,null
09,26,1990,null
09,27,1990,null
09,28,1990,null
09,29,1990,null
09,30,1990,null
10,01,1990,null
10,02,1990,null
10,03,1990,null
10,04,1990,null
10,05,1990,null
10,06,1990,null
10,07,1990,null
10,08,1990,null
10,09,1990,null
10,10,1990,null
10,11,1990,null
10,12,1990,null
10,13,1990,null
10,14,1990,null
10,15,1990,null
10,16,1990,null
10,17,1990,null
10,18,1990,null
10,19,1990,null
10,20,1990,null
10,21,1990,null
10,22,1990,null
10,23,1990,null
10,24,1990,null
10,25,1990,null
10,26,1990,null
10,27,1990,null
10,28,1990,null
10,29,1990,null
10,30,1990,null
10,31,1990,null
11,01,1990,null
11,02,1990,null
11,03,1990,null
11,04,1990,null
11,05,1990,null
11,06,1990,null
11,07,1990,null
11,08,1990,null
11,09,1990,null
11,10,1990,null
11,11,1990,null
11,12,1990,null
11,13,1990,null
11,14,1990,null
11,15,1990,null
11,16,1990,null
11,17,1990,null
11,18,1990,null
11,19,1990,null
11,20,1990,null
11,21,1990,null
11,22,1990,null
11,23,1990,null
11,24,1990,null
11,25,1990,null
11,26,1990,null
11,27,1990,null
11,28,1990,null
11,29,1990,null
11,30,1990,null
12,01,1990,null
12,02,1990,null
12,03,1990,null
12,04,1990,null
12,05,1990,null
12,06,1990,null
12,07,1990,null
12,08,1990,null
12,09,1990,null
12,10,1990,null
12,11,1990,null
12,12,1990,null
12,13,1990,null
12,14,1990,null
12,15,1990,null
12,16,1990,null
12,17,1990,null
12,18,1990,null
12,19,1990,null
12,20,1990,null
12,21,1990,null
12,22,1990,null
12,23,1990,null
12,24,1990,null
12,25,1990,null
12,26,1990,null
12,27,1990,null
12,28,1990,null
12,29,1990,null
12,30,1990,null
12,31,1990,null
01,01,1991,null
01,02,1991,17.0
01,03,1991,16.0
01,04,1991,16.0
01,05,1991,16.0
01,06,1991,15.5
01,07,1991,14.5
01,08,1991,14.0
01,09,1991,14.5
01,10,1991,15.5
01,11,1991,11.5
01,12,1991,12.5
01,13,1991,11.5
01,14,1991,10.5
01,15,1991,10.5
01,16,1991,10.0
01,17,1991,9.5
01,18,1991,null
01,19,1991,9.5
01,20,1991,13.0
01,21,1991,10.5
01,22,1991,13.0
01,23,1991,13.5
01,24,1991,13.0
01,25,1991,13.5
01,26,1991,14.0
01,27,1991,13.5
01,28,1991,13.0
01,29,1991,14.0
01,30,1991,15.5
01,31,1991,13.0
02,01,1991,14.5
02,02,1991,14.0
02,03,1991,14.0
02,04,1991,15.0
02,05,1991,15.0
02,06,1991,13.0
02,07,1991,13.5
02,08,1991,11.0
02,09,1991,17.5
02,10,1991,16.75
02,11,1991,16.5
02,12,1991,17.5
02,13,1991,17.5
02,14,1991,17.5
02,15,1991,18.25
02,16,1991,18.0
02,17,1991,17.5
02,18,1991,16.75
02,19,1991,13.0
02,20,1991,13.5
02,21,1991,13.0
02,22,1991,null
02,23,1991,null
02,24,1991,null
02,25,1991,14.5
02,26,1991,14.5
02,27,1991,15.0
02,28,1991,15.75
03,01,1991,14.5
03,02,1991,16.0
03,03,1991,14.75
03,04,1991,15.0
03,05,1991,15.0
03,06,1991,17.25
03,07,1991,18.0
03,08,1991,17.75
03,09,1991,18.5
03,10,1991,18.0
03,11,1991,19.75
03,12,1991,19.0
03,13,1991,18.0
03,14,1991,17.5
03,15,1991,16.0
03,16,1991,16.5
03,17,1991,15.0
03,18,1991,18.0
03,19,1991,19.5
03,20,1991,19.0
03,21,1991,17.5
03,22,1991,17.0
03,23,1991,17.5
03,24,1991,18.0
03,25,1991,19.0
03,26,1991,19.0
03,27,1991,18.0
03,28,1991,17.5
03,29,1991,13.25
03,30,1991,14.5
03,31,1991,15.0
04,01,1991,14.5
04,02,1991,17.5
04,03,1991,20.0
04,04,1991,20.0
04,05,1991,21.5
04,06,1991,19.0
04,07,1991,16.0
04,08,1991,16.25
04,09,1991,16.0
04,10,1991,17.0
04,11,1991,18.5
04,12,1991,17.0
04,13,1991,18.5
04,14,1991,19.5
04,15,1991,19.5
04,16,1991,19.5
04,17,1991,19.5
04,18,1991,21.0
04,19,1991,21.0
04,20,1991,22.5
04,21,1991,22.5
04,22,1991,23.0
04,23,1991,23.5
04,24,1991,23.0
04,25,1991,22.5
04,26,1991,19.5
04,27,1991,21.0
04,28,1991,20.0
04,29,1991,18.0
04,30,1991,17.0
05,01,1991,16.0
05,02,1991,22.0
05,03,1991,18.0
05,04,1991,20.5
05,05,1991,22.5
05,06,1991,23.5
05,07,1991,24.0
05,08,1991,22.5
05,09,1991,21.0
05,10,1991,21.25
05,11,1991,23.0
05,12,1991,23.0
05,13,1991,22.5
05,14,1991,22.75
05,15,1991,22.5
05,16,1991,19.75
05,17,1991,18.5
05,18,1991,19.0
05,19,1991,19.5
05,20,1991,21.0
05,21,1991,22.5
05,22,1991,23.5
05,23,1991,23.0
05,24,1991,22.75
05,25,1991,23.0
05,26,1991,22.5
05,27,1991,23.5
05,28,1991,23.0
05,29,1991,22.5
05,30,1991,24.0
05,31,1991,24.0
06,01,1991,20.5
06,02,1991,22.5
06,03,1991,23.5
06,04,1991,23.5
06,05,1991,24.0
06,06,1991,25.0
06,07,1991,25.0
06,08,1991,23.5
06,09,1991,22.5
06,10,1991,22.5
06,11,1991,21.5
06,12,1991,20.5
06,13,1991,21.5
06,14,1991,22.0
06,15,1991,24.0
06,16,1991,20.75
06,17,1991,23.0
06,18,1991,23.0
06,19,1991,24.0
06,20,1991,23.5
06,21,1991,23.0
06,22,1991,23.0
06,23,1991,24.5
06,24,1991,22.5
06,25,1991,24.0
06,26,1991,23.5
06,27,1991,23.5
06,28,1991,22.0
06,29,1991,23.0
06,30,1991,23.0
07,01,1991,23.0
07,02,1991,22.5
07,03,1991,18.5
07,04,1991,16.0
07,05,1991,19.0
07,06,1991,21.0
07,07,1991,19.5
07,08,1991,21.0
07,09,1991,19.0
07,10,1991,17.0
07,11,1991,20.0
07,12,1991,19.5
07,13,1991,18.5
07,14,1991,18.0
07,15,1991,20.5
07,16,1991,20.5
07,17,1991,18.5
07,18,1991,19.0
07,19,1991,20.5
07,20,1991,20.0
07,21,1991,20.5
07,22,1991,20.5
07,23,1991,20.5
07,24,1991,19.5
07,25,1991,20.5
07,26,1991,21.0
07,27,1991,20.0
07,28,1991,21.0
07,29,1991,20.5
07,30,1991,20.5
07,31,1991,20.0
08,01,1991,21.0
08,02,1991,21.0
08,03,1991,20.5
08,04,1991,22.0
08,05,1991,21.5
08,06,1991,21.0
08,07,1991,20.0
08,08,1991,20.0
08,09,1991,20.5
08,10,1991,20.5
08,11,1991,21.0
08,12,1991,21.5
08,13,1991,21.0
08,14,1991,22.0
08,15,1991,21.5
08,16,1991,22.0
08,17,1991,20.5
08,18,1991,20.0
08,19,1991,18.5
08,20,1991,20.5
08,21,1991,19.5
08,22,1991,21.0
08,23,1991,20.5
08,24,1991,21.5
08,25,1991,21.0
08,26,1991,20.5
08,27,1991,20.0
08,28,1991,21.0
08,29,1991,21.0
08,30,1991,21.0
08,31,1991,20.5
09,01,1991,20.5
09,02,1991,21.0
09,03,1991,20.5
09,04,1991,21.5
09,05,1991,20.5
09,06,1991,21.0
09,07,1991,21.0
09,08,1991,21.0
09,09,1991,21.0
09,10,1991,20.0
09,11,1991,19.0
09,12,1991,18.5
09,13,1991,18.0
09,14,1991,18.5
09,15,1991,18.5
09,16,1991,18.5
09,17,1991,15.5
09,18,1991,17.0
09,19,1991,18.5
09,20,1991,18.5
09,21,1991,19.5
09,22,1991,19.5
09,23,1991,19.5
09,24,1991,17.5
09,25,1991,20.5
09,26,1991,19.0
09,27,1991,19.5
09,28,1991,18.5
09,29,1991,16.5
09,30,1991,14.5
10,01,1991,21.5
10,02,1991,19.5
10,03,1991,18.5
10,04,1991,19.0
10,05,1991,17.0
10,06,1991,17.0
10,07,1991,12.0
10,08,1991,18.0
10,09,1991,18.0
10,10,1991,17.5
10,11,1991,18.0
10,12,1991,17.5
10,13,1991,18.0
10,14,1991,18.0
10,15,1991,17.0
10,16,1991,18.0
10,17,1991,17.5
10,18,1991,16.0
10,19,1991,17.5
10,20,1991,17.5
10,21,1991,17.5
10,22,1991,18.0
10,23,1991,17.5
10,24,1991,15.0
10,25,1991,17.0
10,26,1991,17.0
10,27,1991,17.25
10,28,1991,16.25
10,29,1991,16.0
10,30,1991,16.5
10,31,1991,17.0
11,01,1991,14.0
11,02,1991,16.5
11,03,1991,17.0
11,04,1991,18.0
11,05,1991,18.5
11,06,1991,18.0
11,07,1991,18.0
11,08,1991,16.5
11,09,1991,17.0
11,10,1991,16.0
11,11,1991,14.5
11,12,1991,12.0
11,13,1991,16.5
11,14,1991,14.75
11,15,1991,13.5
11,16,1991,16.5
11,17,1991,17.5
11,18,1991,15.5
11,19,1991,13.5
11,20,1991,13.5
11,21,1991,14.5
11,22,1991,13.0
11,23,1991,13.5
11,24,1991,14.5
11,25,1991,11.5
11,26,1991,13.5
11,27,1991,14.0
11,28,1991,14.0
11,29,1991,13.0
11,30,1991,13.0
12,01,1991,15.5
12,02,1991,14.5
12,03,1991,15.5
12,04,1991,15.5
12,05,1991,14.0
12,06,1991,15.5
12,07,1991,15.0
12,08,1991,13.75
12,09,1991,16.25
12,10,1991,15.0
12,11,1991,16.0
12,12,1991,14.5
12,13,1991,15.0
12,14,1991,15.5
12,15,1991,15.5
12,16,1991,13.5
12,17,1991,14.0
12,18,1991,14.5
12,19,1991,16.0
12,20,1991,13.5
12,21,1991,13.5
12,22,1991,14.0
12,23,1991,14.0
12,24,1991,15.0
12,25,1991,15.75
12,26,1991,13.5
12,27,1991,12.75
12,28,1991,12.0
12,29,1991,11.5
12,30,1991,12.5
12,31,1991,7.0
01,01,1992,null
01,02,1992,14.5
01,03,1992,14.0
01,04,1992,14.0
01,05,1992,15.0
01,06,1992,13.5
01,07,1992,12.5
01,08,1992,12.5
01,09,1992,10.0
01,10,1992,9.5
01,11,1992,11.0
01,12,1992,14.0
01,13,1992,12.5
01,14,1992,12.0
01,15,1992,11.0
01,16,1992,11.5
01,17,1992,7.0
01,18,1992,8.5
01,19,1992,11.5
01,20,1992,12.25
01,21,1992,12.0
01,22,1992,7.5
01,23,1992,12.0
01,24,1992,9.0
01,25,1992,10.0
01,26,1992,9.5
01,27,1992,8.5
01,28,1992,11.0
01,29,1992,10.5
01,30,1992,11.0
01,31,1992,11.5
02,01,1992,null
02,02,1992,11.5
02,03,1992,11.5
02,04,1992,11.0
02,05,1992,10.0
02,06,1992,10.5
02,07,1992,null
02,08,1992,11.0
02,09,1992,null
02,10,1992,11.0
02,11,1992,11.0
02,12,1992,12.5
02,13,1992,11.5
02,14,1992,12.5
02,15,1992,12.5
02,16,1992,14.0
02,17,1992,14.5
02,18,1992,14.5
02,19,1992,12.5
02,20,1992,14.0
02,21,1992,13.0
02,22,1992,14.0
02,23,1992,14.0
02,24,1992,12.0
02,25,1992,13.5
02,26,1992,11.0
02,27,1992,10.5
02,28,1992,14.0
02,29,1992,12.5
03,01,1992,null
03,02,1992,12.0
03,03,1992,16.5
03,04,1992,16.5
03,05,1992,15.0
03,06,1992,14.0
03,07,1992,14.5
03,08,1992,15.0
03,09,1992,15.5
03,10,1992,14.5
03,11,1992,14.5
03,12,1992,13.5
03,13,1992,11.5
03,14,1992,15.0
03,15,1992,14.5
03,16,1992,15.5
03,17,1992,15.5
03,18,1992,14.0
03,19,1992,17.5
03,20,1992,16.0
03,21,1992,17.5
03,22,1992,18.0
03,23,1992,17.0
03,24,1992,17.5
03,25,1992,17.5
03,26,1992,16.0
03,27,1992,16.5
03,28,1992,18.5
03,29,1992,19.0
03,30,1992,16.5
03,31,1992,17.5
04,01,1992,null
04,02,1992,17.0
04,03,1992,18.25
04,04,1992,17.0
04,05,1992,13.0
04,06,1992,14.25
04,07,1992,14.0
04,08,1992,16.0
04,09,1992,14.5
04,10,1992,17.75
04,11,1992,16.5
04,12,1992,16.0
04,13,1992,17.0
04,14,1992,19.0
04,15,1992,18.0
04,16,1992,17.0
04,17,1992,15.5
04,18,1992,15.0
04,19,1992,14.5
04,20,1992,16.0
04,21,1992,16.0
04,22,1992,16.5
04,23,1992,17.5
04,24,1992,18.5
04,25,1992,19.5
04,26,1992,19.5
04,27,1992,19.0
04,28,1992,17.0
04,29,1992,19.5
04,30,1992,19.5
05,01,1992,null
05,02,1992,21.0
05,03,1992,22.0
05,04,1992,21.5
05,05,1992,21.5
05,06,1992,21.5
05,07,1992,20.0
05,08,1992,21.0
05,09,1992,16.5
05,10,1992,18.5
05,11,1992,19.5
05,12,1992,19.5
05,13,1992,21.0
05,14,1992,19.0
05,15,1992,21.0
05,16,1992,21.5
05,17,1992,19.5
05,18,1992,20.5
05,19,1992,21.5
05,20,1992,20.0
05,21,1992,19.5
05,22,1992,19.75
05,23,1992,20.5
05,24,1992,20.5
05,25,1992,21.5
05,26,1992,20.0
05,27,1992,20.25
05,28,1992,20.0
05,29,1992,20.5
05,30,1992,20.5
05,31,1992,21.5
06,01,1992,null
06,02,1992,22.0
06,03,1992,22.0
06,04,1992,19.5
06,05,1992,22.5
06,06,1992,22.0
06,07,1992,23.5
06,08,1992,23.5
06,09,1992,22.5
06,10,1992,22.0
06,11,1992,21.0
06,12,1992,23.5
06,13,1992,23.0
06,14,1992,22.5
06,15,1992,22.0
06,16,1992,24.75
06,17,1992,24.5
06,18,1992,23.5
06,19,1992,22.5
06,20,1992,23.5
06,21,1992,23.0
06,22,1992,22.5
06,23,1992,23.5
06,24,1992,22.5
06,25,1992,22.5
06,26,1992,23.5
06,27,1992,25.5
06,28,1992,25.5
06,29,1992,25.5
06,30,1992,25.0
07,01,1992,null
07,02,1992,25.25
07,03,1992,23.25
07,04,1992,23.0
07,05,1992,23.0
07,06,1992,21.0
07,07,1992,23.0
07,08,1992,22.5
07,09,1992,21.0
07,10,1992,21.0
07,11,1992,21.5
07,12,1992,21.5
07,13,1992,21.75
07,14,1992,22.0
07,15,1992,20.0
07,16,1992,20.5
07,17,1992,21.5
07,18,1992,22.5
07,19,1992,22.5
07,20,1992,20.5
07,21,1992,21.0
07,22,1992,20.5
07,23,1992,20.5
07,24,1992,21.0
07,25,1992,20.5
07,26,1992,21.0
07,27,1992,21.0
07,28,1992,21.0
07,29,1992,21.5
07,30,1992,20.5
07,31,1992,20.0
08,01,1992,24.5
08,02,1992,21.0
08,03,1992,20.0
08,04,1992,19.5
08,05,1992,21.0
08,06,1992,22.0
08,07,1992,20.0
08,08,1992,21.0
08,09,1992,22.0
08,10,1992,19.0
08,11,1992,19.5
08,12,1992,20.0
08,13,1992,21.0
08,14,1992,21.0
08,15,1992,19.5
08,16,1992,20.0
08,17,1992,20.5
08,18,1992,19.5
08,19,1992,20.0
08,20,1992,21.5
08,21,1992,21.0
08,22,1992,20.5
08,23,1992,20.5
08,24,1992,21.5
08,25,1992,21.0
08,26,1992,21.0
08,27,1992,20.5
08,28,1992,20.5
08,29,1992,20.5
08,30,1992,21.0
08,31,1992,21.25
09,01,1992,20.0
09,02,1992,20.5
09,03,1992,20.75
09,04,1992,20.5
09,05,1992,20.5
09,06,1992,20.5
09,07,1992,20.5
09,08,1992,20.0
09,09,1992,19.0
09,10,1992,21.5
09,11,1992,21.25
09,12,1992,17.5
09,13,1992,19.0
09,14,1992,20.5
09,15,1992,21.0
09,16,1992,20.5
09,17,1992,20.5
09,18,1992,21.0
09,19,1992,19.5
09,20,1992,20.0
09,21,1992,21.5
09,22,1992,21.5
09,23,1992,21.5
09,24,1992,20.0
09,25,1992,18.0
09,26,1992,19.5
09,27,1992,20.75
09,28,1992,18.0
09,29,1992,18.0
09,30,1992,17.5
10,01,1992,18.5
10,02,1992,15.0
10,03,1992,15.0
10,04,1992,14.5
10,05,1992,14.5
10,06,1992,18.5
10,07,1992,20.5
10,08,1992,18.5
10,09,1992,16.75
10,10,1992,14.0
10,11,1992,17.5
10,12,1992,18.0
10,13,1992,17.75
10,14,1992,20.0
10,15,1992,18.0
10,16,1992,17.5
10,17,1992,18.75
10,18,1992,19.0
10,19,1992,18.0
10,20,1992,16.0
10,21,1992,17.5
10,22,1992,17.5
10,23,1992,17.75
10,24,1992,15.75
10,25,1992,17.0
10,26,1992,18.0
10,27,1992,18.0
10,28,1992,18.25
10,29,1992,17.5
10,30,1992,17.5
10,31,1992,19.25
11,01,1992,16.5
11,02,1992,17.0
11,03,1992,16.5
11,04,1992,15.75
11,05,1992,13.75
11,06,1992,13.5
11,07,1992,13.5
11,08,1992,14.0
11,09,1992,17.5
11,10,1992,17.0
11,11,1992,19.5
11,12,1992,19.0
11,13,1992,19.25
11,14,1992,17.5
11,15,1992,12.5
11,16,1992,16.75
11,17,1992,13.5
11,18,1992,13.0
11,19,1992,13.0
11,20,1992,12.5
11,21,1992,12.0
11,22,1992,11.0
11,23,1992,12.0
11,24,1992,12.0
11,25,1992,12.5
11,26,1992,12.5
11,27,1992,null
11,28,1992,null
11,29,1992,12.0
11,30,1992,11.5
12,01,1992,13.5
12,02,1992,14.5
12,03,1992,14.5
12,04,1992,13.5
12,05,1992,14.5
12,06,1992,15.5
12,07,1992,15.5
12,08,1992,16.75
12,09,1992,15.5
12,10,1992,16.25
12,11,1992,14.5
12,12,1992,16.0
12,13,1992,14.25
12,14,1992,12.5
12,15,1992,12.0
12,16,1992,15.0
12,17,1992,13.5
12,18,1992,13.0
12,19,1992,13.5
12,20,1992,16.5
12,21,1992,17.5
12,22,1992,17.5
12,23,1992,15.0
12,24,1992,15.0
12,25,1992,13.5
12,26,1992,14.0
12,27,1992,14.5
12,28,1992,16.25
12,29,1992,16.5
12,30,1992,17.0
12,31,1992,15.5
01,01,1993,13.5
01,02,1993,14.75
01,03,1993,16.5
01,04,1993,14.0
01,05,1993,13.0
01,06,1993,13.0
01,07,1993,13.0
01,08,1993,13.5
01,09,1993,null
01,10,1993,12.0
01,11,1993,14.25
01,12,1993,14.0
01,13,1993,14.5
01,14,1993,13.0
01,15,1993,13.0
01,16,1993,13.0
01,17,1993,14.0
01,18,1993,14.75
01,19,1993,13.75
01,20,1993,13.0
01,21,1993,14.0
01,22,1993,15.5
01,23,1993,15.75
01,24,1993,15.0
01,25,1993,15.0
01,26,1993,15.0
01,27,1993,12.0
01,28,1993,10.5
01,29,1993,11.0
01,30,1993,15.0
01,31,1993,14.0
02,01,1993,17.5
02,02,1993,16.0
02,03,1993,14.5
02,04,1993,12.5
02,05,1993,null
02,06,1993,12.5
02,07,1993,12.5
02,08,1993,13.0
02,09,1993,12.25
02,10,1993,11.0
02,11,1993,null
02,12,1993,12.1
02,13,1993,12.5
02,14,1993,12.25
02,15,1993,14.0
02,16,1993,13.75
02,17,1993,15.0
02,18,1993,16.0
02,19,1993,16.0
02,20,1993,14.0
02,21,1993,14.5
02,22,1993,14.5
02,23,1993,17.0
02,24,1993,16.5
02,25,1993,15.0
02,26,1993,15.0
02,27,1993,15.25
02,28,1993,14.0
03,01,1993,13.25
03,02,1993,14.25
03,03,1993,12.0
03,04,1993,null
03,05,1993,null
03,06,1993,null
03,07,1993,14.5
03,08,1993,10.5
03,09,1993,13.75
03,10,1993,15.0
03,11,1993,15.0
03,12,1993,14.5
03,13,1993,13.75
03,14,1993,13.5
03,15,1993,16.25
03,16,1993,14.5
03,17,1993,16.0
03,18,1993,17.0
03,19,1993,17.5
03,20,1993,16.75
03,21,1993,17.5
03,22,1993,17.25
03,23,1993,17.0
03,24,1993,17.5
03,25,1993,16.5
03,26,1993,15.5
03,27,1993,15.5
03,28,1993,15.0
03,29,1993,15.75
03,30,1993,15.5
03,31,1993,14.75
04,01,1993,17.0
04,02,1993,13.5
04,03,1993,13.75
04,04,1993,16.0
04,05,1993,15.5
04,06,1993,16.75
04,07,1993,17.0
04,08,1993,16.0
04,09,1993,16.0
04,10,1993,15.75
04,11,1993,16.75
04,12,1993,18.0
04,13,1993,17.0
04,14,1993,17.5
04,15,1993,16.0
04,16,1993,16.5
04,17,1993,15.75
04,18,1993,18.25
04,19,1993,19.0
04,20,1993,18.0
04,21,1993,21.0
04,22,1993,19.75
04,23,1993,19.25
04,24,1993,18.75
04,25,1993,19.0
04,26,1993,18.5
04,27,1993,20.5
04,28,1993,20.5
04,29,1993,21.25
04,30,1993,21.0
05,01,1993,null
05,02,1993,17.5
05,03,1993,18.0
05,04,1993,18.5
05,05,1993,18.0
05,06,1993,18.5
05,07,1993,20.0
05,08,1993,20.0
05,09,1993,20.0
05,10,1993,21.25
05,11,1993,19.75
05,12,1993,20.0
05,13,1993,17.5
05,14,1993,18.25
05,15,1993,18.5
05,16,1993,18.5
05,17,1993,20.0
05,18,1993,21.5
05,19,1993,21.0
05,20,1993,23.25
05,21,1993,20.5
05,22,1993,21.0
05,23,1993,21.0
05,24,1993,21.5
05,25,1993,18.5
05,26,1993,18.5
05,27,1993,18.25
05,28,1993,21.5
05,29,1993,21.25
05,30,1993,22.0
05,31,1993,22.75
06,01,1993,23.25
06,02,1993,23.25
06,03,1993,23.75
06,04,1993,23.5
06,05,1993,26.0
06,06,1993,24.0
06,07,1993,25.5
06,08,1993,24.75
06,09,1993,24.25
06,10,1993,23.75
06,11,1993,23.5
06,12,1993,20.5
06,13,1993,20.5
06,14,1993,22.75
06,15,1993,21.0
06,16,1993,21.75
06,17,1993,22.0
06,18,1993,14.75
06,19,1993,23.0
06,20,1993,24.0
06,21,1993,25.0
06,22,1993,25.0
06,23,1993,20.5
06,24,1993,20.5
06,25,1993,21.0
06,26,1993,21.25
06,27,1993,22.0
06,28,1993,22.25
06,29,1993,21.5
06,30,1993,22.0
07,01,1993,21.5
07,02,1993,null
07,03,1993,null
07,04,1993,null
07,05,1993,null
07,06,1993,null
07,07,1993,null
07,08,1993,null
07,09,1993,null
07,10,1993,null
07,11,1993,null
07,12,1993,null
07,13,1993,null
07,14,1993,null
07,15,1993,null
07,16,1993,null
07,17,1993,null
07,18,1993,null
07,19,1993,null
07,20,1993,null
07,21,1993,null
07,22,1993,null
07,23,1993,null
07,24,1993,null
07,25,1993,null
07,26,1993,null
07,27,1993,null
07,28,1993,null
07,29,1993,null
07,30,1993,null
07,31,1993,null
08,01,1993,null
08,02,1993,null
08,03,1993,null
08,04,1993,null
08,05,1993,null
08,06,1993,null
08,07,1993,null
08,08,1993,null
08,09,1993,null
08,10,1993,null
08,11,1993,null
08,12,1993,null
08,13,1993,null
08,14,1993,null
08,15,1993,null
08,16,1993,null
08,17,1993,null
08,18,1993,null
08,19,1993,null
08,20,1993,null
08,21,1993,null
08,22,1993,null
08,23,1993,null
08,24,1993,null
08,25,1993,null
08,26,1993,null
08,27,1993,null
08,28,1993,null
08,29,1993,null
08,30,1993,null
08,31,1993,null
09,01,1993,null
09,02,1993,19.5
09,03,1993,20.5
09,04,1993,21.0
09,05,1993,20.5
09,06,1993,21.5
09,07,1993,21.5
09,08,1993,21.5
09,09,1993,20.5
09,10,1993,19.75
09,11,1993,17.25
09,12,1993,20.5
09,13,1993,21.0
09,14,1993,19.0
09,15,1993,20.0
09,16,1993,20.0
09,17,1993,21.0
09,18,1993,20.5
09,19,1993,20.25
09,20,1993,21.0
09,21,1993,21.5
09,22,1993,17.5
09,23,1993,20.5
09,24,1993,21.0
09,25,1993,20.75
09,26,1993,20.5
09,27,1993,20.5
09,28,1993,18.0
09,29,1993,19.0
09,30,1993,18.5
10,01,1993,18.5
10,02,1993,19.5
10,03,1993,19.5
10,04,1993,17.75
10,05,1993,18.75
10,06,1993,19.0
10,07,1993,18.5
10,08,1993,18.5
10,09,1993,17.5
10,10,1993,18.75
10,11,1993,19.75
10,12,1993,19.75
10,13,1993,20.0
10,14,1993,20.75
10,15,1993,18.5
10,16,1993,18.5
10,17,1993,19.75
10,18,1993,21.0
10,19,1993,21.0
10,20,1993,20.0
10,21,1993,20.0
10,22,1993,16.0
10,23,1993,17.0
10,24,1993,18.0
10,25,1993,19.5
10,26,1993,18.75
10,27,1993,17.5
10,28,1993,18.0
10,29,1993,16.0
10,30,1993,16.5
10,31,1993,17.0
11,01,1993,15.0
11,02,1993,14.75
11,03,1993,14.0
11,04,1993,18.5
11,05,1993,16.0
11,06,1993,17.25
11,07,1993,17.0
11,08,1993,16.75
11,09,1993,16.0
11,10,1993,17.5
11,11,1993,18.5
11,12,1993,18.0
11,13,1993,16.0
11,14,1993,17.0
11,15,1993,13.5
11,16,1993,14.5
11,17,1993,15.5
11,18,1993,16.0
11,19,1993,16.0
11,20,1993,18.5
11,21,1993,17.75
11,22,1993,17.5
11,23,1993,16.0
11,24,1993,16.5
11,25,1993,17.0
11,26,1993,17.5
11,27,1993,15.5
11,28,1993,14.5
11,29,1993,13.75
11,30,1993,14.5
12,01,1993,15.0
12,02,1993,15.75
12,03,1993,16.0
12,04,1993,14.0
12,05,1993,14.75
12,06,1993,15.75
12,07,1993,15.5
12,08,1993,16.0
12,09,1993,16.0
12,10,1993,16.5
12,11,1993,17.0
12,12,1993,16.0
12,13,1993,14.5
12,14,1993,14.5
12,15,1993,14.0
12,16,1993,13.0
12,17,1993,13.5
12,18,1993,13.5
12,19,1993,13.75
12,20,1993,14.0
12,21,1993,15.0
12,22,1993,14.5
12,23,1993,14.5
12,24,1993,14.0
12,25,1993,14.25
12,26,1993,14.75
12,27,1993,12.5
12,28,1993,12.5
12,29,1993,13.75
12,30,1993,14.25
12,31,1993,13.75
01,01,1994,12.75
01,02,1994,13.75
01,03,1994,15.0
01,04,1994,13.25
01,05,1994,null
01,06,1994,null
01,07,1994,null
01,08,1994,null
01,09,1994,11.75
01,10,1994,11.75
01,11,1994,13.0
01,12,1994,13.5
01,13,1994,13.75
01,14,1994,14.5
01,15,1994,null
01,16,1994,13.25
01,17,1994,14.5
01,18,1994,10.0
01,19,1994,11.5
01,20,1994,13.0
01,21,1994,13.25
01,22,1994,14.5
01,23,1994,16.0
01,24,1994,15.5
01,25,1994,15.0
01,26,1994,14.25
01,27,1994,14.25
01,28,1994,13.0
01,29,1994,13.0
01,30,1994,13.0
01,31,1994,12.5
02,01,1994,null
02,02,1994,null
02,03,1994,12.75
02,04,1994,13.5
02,05,1994,13.0
02,06,1994,14.0
02,07,1994,16.5
02,08,1994,17.75
02,09,1994,16.5
02,10,1994,15.0
02,11,1994,14.5
02,12,1994,null
02,13,1994,14.0
02,14,1994,16.5
02,15,1994,16.5
02,16,1994,16.5
02,17,1994,16.0
02,18,1994,17.0
02,19,1994,15.5
02,20,1994,16.0
02,21,1994,15.5
02,22,1994,15.5
02,23,1994,15.5
02,24,1994,16.0
02,25,1994,16.5
02,26,1994,16.0
02,27,1994,15.5
02,28,1994,15.0
03,01,1994,14.5
03,02,1994,14.5
03,03,1994,16.5
03,04,1994,18.0
03,05,1994,18.0
03,06,1994,17.75
03,07,1994,17.5
03,08,1994,18.0
03,09,1994,17.0
03,10,1994,16.5
03,11,1994,14.5
03,12,1994,14.0
03,13,1994,15.0
03,14,1994,16.0
03,15,1994,13.75
03,16,1994,19.0
03,17,1994,14.5
03,18,1994,16.0
03,19,1994,17.5
03,20,1994,18.0
03,21,1994,18.5
03,22,1994,19.5
03,23,1994,18.75
03,24,1994,18.0
03,25,1994,18.5
03,26,1994,19.0
03,27,1994,18.5
03,28,1994,18.5
03,29,1994,16.75
03,30,1994,17.25
03,31,1994,17.25
04,01,1994,18.0
04,02,1994,18.5
04,03,1994,17.25
04,04,1994,18.5
04,05,1994,18.75
04,06,1994,18.0
04,07,1994,16.0
04,08,1994,17.25
04,09,1994,18.75
04,10,1994,20.0
04,11,1994,18.5
04,12,1994,18.5
04,13,1994,20.25
04,14,1994,20.75
04,15,1994,20.25
04,16,1994,18.5
04,17,1994,18.5
04,18,1994,19.0
04,19,1994,17.25
04,20,1994,19.25
04,21,1994,17.75
04,22,1994,18.5
04,23,1994,18.0
04,24,1994,18.0
04,25,1994,15.75
04,26,1994,18.0
04,27,1994,17.5
04,28,1994,18.0
04,29,1994,19.5
04,30,1994,21.5
05,01,1994,21.75
05,02,1994,22.0
05,03,1994,21.5
05,04,1994,22.0
05,05,1994,22.5
05,06,1994,22.75
05,07,1994,23.5
05,08,1994,23.75
05,09,1994,24.25
05,10,1994,23.75
05,11,1994,23.5
05,12,1994,23.25
05,13,1994,22.25
05,14,1994,20.0
05,15,1994,20.5
05,16,1994,20.75
05,17,1994,21.0
05,18,1994,22.0
05,19,1994,23.0
05,20,1994,23.0
05,21,1994,22.0
05,22,1994,23.0
05,23,1994,23.0
05,24,1994,25.25
05,25,1994,25.5
05,26,1994,25.5
05,27,1994,23.5
05,28,1994,24.0
05,29,1994,24.5
05,30,1994,24.5
05,31,1994,24.5
06,01,1994,24.25
06,02,1994,23.5
06,03,1994,23.0
06,04,1994,23.5
06,05,1994,22.75
06,06,1994,23.75
06,07,1994,25.5
06,08,1994,25.0
06,09,1994,26.25
06,10,1994,25.0
06,11,1994,23.25
06,12,1994,23.0
06,13,1994,22.0
06,14,1994,22.5
06,15,1994,23.5
06,16,1994,23.75
06,17,1994,22.25
06,18,1994,20.5
06,19,1994,21.5
06,20,1994,21.5
06,21,1994,20.0
06,22,1994,21.75
06,23,1994,21.0
06,24,1994,18.0
06,25,1994,21.0
06,26,1994,21.5
06,27,1994,22.0
06,28,1994,21.25
06,29,1994,21.5
06,30,1994,21.0
07,01,1994,22.25
07,02,1994,22.5
07,03,1994,23.0
07,04,1994,21.5
07,05,1994,21.5
07,06,1994,22.0
07,07,1994,24.5
07,08,1994,24.5
07,09,1994,24.0
07,10,1994,24.0
07,11,1994,22.0
07,12,1994,22.5
07,13,1994,22.5
07,14,1994,23.0
07,15,1994,20.5
07,16,1994,21.0
07,17,1994,20.5
07,18,1994,19.5
07,19,1994,20.0
07,20,1994,21.0
07,21,1994,23.0
07,22,1994,22.0
07,23,1994,21.75
07,24,1994,20.5
07,25,1994,21.0
07,26,1994,21.0
07,27,1994,21.75
07,28,1994,23.0
07,29,1994,22.0
07,30,1994,21.75
07,31,1994,22.0
08,01,1994,21.5
08,02,1994,21.25
08,03,1994,22.0
08,04,1994,20.75
08,05,1994,20.5
08,06,1994,20.25
08,07,1994,20.25
08,08,1994,21.5
08,09,1994,20.5
08,10,1994,20.0
08,11,1994,19.0
08,12,1994,20.0
08,13,1994,20.0
08,14,1994,20.0
08,15,1994,20.5
08,16,1994,21.0
08,17,1994,21.25
08,18,1994,20.0
08,19,1994,21.0
08,20,1994,20.75
08,21,1994,21.0
08,22,1994,21.0
08,23,1994,21.0
08,24,1994,19.5
08,25,1994,21.0
08,26,1994,20.0
08,27,1994,19.5
08,28,1994,20.5
08,29,1994,21.0
08,30,1994,20.25
08,31,1994,20.5
09,01,1994,19.0
09,02,1994,18.0
09,03,1994,20.0
09,04,1994,20.0
09,05,1994,20.0
09,06,1994,20.5
09,07,1994,20.0
09,08,1994,20.5
09,09,1994,21.0
09,10,1994,20.0
09,11,1994,20.0
09,12,1994,19.5
09,13,1994,19.0
09,14,1994,21.5
09,15,1994,20.5
09,16,1994,21.0
09,17,1994,21.5
09,18,1994,20.0
09,19,1994,20.25
09,20,1994,19.25
09,21,1994,19.5
09,22,1994,20.5
09,23,1994,20.0
09,24,1994,21.5
09,25,1994,16.5
09,26,1994,19.5
09,27,1994,18.0
09,28,1994,19.0
09,29,1994,19.0
09,30,1994,18.5
10,01,1994,17.5
10,02,1994,18.5
10,03,1994,19.75
10,04,1994,20.75
10,05,1994,19.5
10,06,1994,21.5
10,07,1994,21.0
10,08,1994,19.0
10,09,1994,19.5
10,10,1994,18.75
10,11,1994,16.75
10,12,1994,19.0
10,13,1994,18.5
10,14,1994,17.75
10,15,1994,17.5
10,16,1994,18.0
10,17,1994,17.0
10,18,1994,17.0
10,19,1994,18.5
10,20,1994,19.25
10,21,1994,19.5
10,22,1994,20.75
10,23,1994,21.75
10,24,1994,21.0
10,25,1994,20.75
10,26,1994,20.0
10,27,1994,19.5
10,28,1994,18.5
10,29,1994,18.5
10,30,1994,18.0
10,31,1994,18.0
11,01,1994,18.0
11,02,1994,18.5
11,03,1994,18.0
11,04,1994,17.5
11,05,1994,16.0
11,06,1994,18.0
11,07,1994,18.75
11,08,1994,19.25
11,09,1994,19.0
11,10,1994,19.0
11,11,1994,19.0
11,12,1994,19.0
11,13,1994,18.0
11,14,1994,17.5
11,15,1994,18.75
11,16,1994,18.5
11,17,1994,19.25
11,18,1994,17.25
11,19,1994,17.5
11,20,1994,17.5
11,21,1994,17.5
11,22,1994,18.0
11,23,1994,18.5
11,24,1994,16.0
11,25,1994,16.5
11,26,1994,16.5
11,27,1994,16.0
11,28,1994,14.75
11,29,1994,14.0
11,30,1994,13.5
12,01,1994,15.5
12,02,1994,17.5
12,03,1994,16.0
12,04,1994,16.25
12,05,1994,16.5
12,06,1994,17.0
12,07,1994,17.5
12,08,1994,18.25
12,09,1994,17.5
12,10,1994,17.0
12,11,1994,16.0
12,12,1994,14.5
12,13,1994,17.0
12,14,1994,16.0
12,15,1994,16.0
12,16,1994,17.0
12,17,1994,17.0
12,18,1994,17.0
12,19,1994,16.5
12,20,1994,15.75
12,21,1994,15.0
12,22,1994,17.0
12,23,1994,19.0
12,24,1994,15.5
12,25,1994,13.75
12,26,1994,12.25
12,27,1994,12.75
12,28,1994,14.0
12,29,1994,null
12,30,1994,11.0
12,31,1994,14.5
01,01,1995,13.5
01,02,1995,14.5
01,03,1995,15.5
01,04,1995,15.0
01,05,1995,12.25
01,06,1995,13.0
01,07,1995,null
01,08,1995,null
01,09,1995,14.5
01,10,1995,16.5
01,11,1995,18.0
01,12,1995,15.5
01,13,1995,14.0
01,14,1995,14.75
01,15,1995,14.5
01,16,1995,14.75
01,17,1995,15.5
01,18,1995,14.5
01,19,1995,13.75
01,20,1995,14.5
01,21,1995,11.75
01,22,1995,13.5
01,23,1995,11.0
01,24,1995,null
01,25,1995,14.0
01,26,1995,16.5
01,27,1995,14.0
01,28,1995,12.5
01,29,1995,14.0
01,30,1995,16.5
01,31,1995,null
02,01,1995,12.0
02,02,1995,14.5
02,03,1995,12.5
02,04,1995,12.0
02,05,1995,13.5
02,06,1995,16.5
02,07,1995,16.5
02,08,1995,16.0
02,09,1995,15.5
02,10,1995,16.0
02,11,1995,16.25
02,12,1995,17.0
02,13,1995,14.5
02,14,1995,16.5
02,15,1995,17.0
02,16,1995,17.5
02,17,1995,15.5
02,18,1995,16.0
02,19,1995,17.0
02,20,1995,17.75
02,21,1995,14.5
02,22,1995,17.0
02,23,1995,15.25
02,24,1995,14.0
02,25,1995,14.0
02,26,1995,15.5
02,27,1995,18.0
02,28,1995,18.0
03,01,1995,15.5
03,02,1995,13.0
03,03,1995,14.0
03,04,1995,17.25
03,05,1995,17.0
03,06,1995,18.5
03,07,1995,14.0
03,08,1995,12.5
03,09,1995,12.0
03,10,1995,14.25
03,11,1995,15.0
03,12,1995,14.0
03,13,1995,12.75
03,14,1995,16.25
03,15,1995,16.5
03,16,1995,16.25
03,17,1995,16.75
03,18,1995,16.5
03,19,1995,16.0
03,20,1995,17.0
03,21,1995,17.0
03,22,1995,17.5
03,23,1995,19.0
03,24,1995,20.5
03,25,1995,19.0
03,26,1995,19.5
03,27,1995,20.5
03,28,1995,21.5
03,29,1995,21.25
03,30,1995,19.75
03,31,1995,19.25
04,01,1995,18.75
04,02,1995,17.75
04,03,1995,17.0
04,04,1995,17.25
04,05,1995,20.0
04,06,1995,15.5
04,07,1995,16.0
04,08,1995,18.25
04,09,1995,18.5
04,10,1995,16.25
04,11,1995,15.5
04,12,1995,16.0
04,13,1995,19.5
04,14,1995,22.0
04,15,1995,22.0
04,16,1995,21.5
04,17,1995,21.75
04,18,1995,21.5
04,19,1995,19.0
04,20,1995,17.75
04,21,1995,16.75
04,22,1995,18.0
04,23,1995,18.0
04,24,1995,16.0
04,25,1995,18.5
04,26,1995,18.0
04,27,1995,16.5
04,28,1995,18.0
04,29,1995,20.5
04,30,1995,22.0
05,01,1995,19.75
05,02,1995,21.5
05,03,1995,22.0
05,04,1995,21.5
05,05,1995,20.5
05,06,1995,20.5
05,07,1995,22.0
05,08,1995,22.0
05,09,1995,18.5
05,10,1995,18.75
05,11,1995,21.25
05,12,1995,22.0
05,13,1995,22.5
05,14,1995,21.5
05,15,1995,25.5
05,16,1995,26.0
05,17,1995,26.5
05,18,1995,22.25
05,19,1995,24.0
05,20,1995,25.0
05,21,1995,25.75
05,22,1995,27.0
05,23,1995,26.25
05,24,1995,25.0
05,25,1995,23.75
05,26,1995,24.75
05,27,1995,25.25
05,28,1995,25.5
05,29,1995,25.0
05,30,1995,24.5
05,31,1995,25.25
06,01,1995,25.5
06,02,1995,24.5
06,03,1995,23.5
06,04,1995,25.5
06,05,1995,26.25
06,06,1995,24.0
06,07,1995,22.5
06,08,1995,20.0
06,09,1995,22.0
06,10,1995,25.0
06,11,1995,26.5
06,12,1995,26.25
06,13,1995,23.5
06,14,1995,25.75
06,15,1995,23.5
06,16,1995,24.5
06,17,1995,23.5
06,18,1995,24.0
06,19,1995,24.0
06,20,1995,19.5
06,21,1995,19.5
06,22,1995,22.75
06,23,1995,23.5
06,24,1995,24.0
06,25,1995,24.0
06,26,1995,25.0
06,27,1995,23.5
06,28,1995,23.5
06,29,1995,25.0
06,30,1995,24.0
07,01,1995,23.75
07,02,1995,23.5
07,03,1995,24.5
07,04,1995,19.25
07,05,1995,21.5
07,06,1995,21.25
07,07,1995,20.5
07,08,1995,21.0
07,09,1995,20.75
07,10,1995,21.0
07,11,1995,20.75
07,12,1995,21.75
07,13,1995,23.0
07,14,1995,23.0
07,15,1995,22.5
07,16,1995,21.25
07,17,1995,21.5
07,18,1995,21.0
07,19,1995,21.0
07,20,1995,20.75
07,21,1995,22.5
07,22,1995,21.75
07,23,1995,22.5
07,24,1995,22.5
07,25,1995,23.5
07,26,1995,21.0
07,27,1995,22.5
07,28,1995,22.0
07,29,1995,21.0
07,30,1995,22.0
07,31,1995,22.75
08,01,1995,22.5
08,02,1995,24.5
08,03,1995,24.5
08,04,1995,23.25
08,05,1995,22.5
08,06,1995,22.5
08,07,1995,22.5
08,08,1995,23.5
08,09,1995,22.0
08,10,1995,21.5
08,11,1995,20.5
08,12,1995,22.0
08,13,1995,18.5
08,14,1995,19.5
08,15,1995,21.0
08,16,1995,22.75
08,17,1995,22.0
08,18,1995,21.75
08,19,1995,20.5
08,20,1995,20.0
08,21,1995,20.0
08,22,1995,21.25
08,23,1995,21.0
08,24,1995,23.0
08,25,1995,21.0
08,26,1995,21.5
08,27,1995,19.5
08,28,1995,22.25
08,29,1995,21.0
08,30,1995,17.5
08,31,1995,21.75
09,01,1995,21.5
09,02,1995,21.5
09,03,1995,19.5
09,04,1995,22.25
09,05,1995,18.75
09,06,1995,19.75
09,07,1995,20.5
09,08,1995,20.75
09,09,1995,21.0
09,10,1995,21.5
09,11,1995,22.5
09,12,1995,22.0
09,13,1995,21.0
09,14,1995,22.0
09,15,1995,20.75
09,16,1995,22.5
09,17,1995,21.75
09,18,1995,22.5
09,19,1995,22.5
09,20,1995,22.5
09,21,1995,22.25
09,22,1995,21.5
09,23,1995,22.25
09,24,1995,22.0
09,25,1995,21.5
09,26,1995,22.25
09,27,1995,20.5
09,28,1995,22.0
09,29,1995,21.5
09,30,1995,23.0
10,01,1995,23.0
10,02,1995,23.5
10,03,1995,22.0
10,04,1995,23.0
10,05,1995,20.0
10,06,1995,22.0
10,07,1995,20.25
10,08,1995,18.5
10,09,1995,18.75
10,10,1995,18.75
10,11,1995,19.25
10,12,1995,18.5
10,13,1995,17.0
10,14,1995,17.0
10,15,1995,15.5
10,16,1995,15.5
10,17,1995,15.5
10,18,1995,17.25
10,19,1995,18.25
10,20,1995,19.75
10,21,1995,19.0
10,22,1995,20.25
10,23,1995,20.0
10,24,1995,19.5
10,25,1995,20.0
10,26,1995,21.0
10,27,1995,19.5
10,28,1995,16.25
10,29,1995,20.5
10,30,1995,17.5
10,31,1995,17.0
11,01,1995,14.5
11,02,1995,15.0
11,03,1995,17.0
11,04,1995,17.5
11,05,1995,17.5
11,06,1995,20.5
11,07,1995,20.0
11,08,1995,19.0
11,09,1995,21.0
11,10,1995,20.5
11,11,1995,18.5
11,12,1995,18.5
11,13,1995,18.0
11,14,1995,18.75
11,15,1995,19.0
11,16,1995,18.0
11,17,1995,17.5
11,18,1995,17.5
11,19,1995,16.5
11,20,1995,16.5
11,21,1995,15.0
11,22,1995,17.0
11,23,1995,17.0
11,24,1995,15.5
11,25,1995,15.0
11,26,1995,15.0
11,27,1995,null
11,28,1995,null
11,29,1995,15.5
11,30,1995,15.5
12,01,1995,15.5
12,02,1995,16.0
12,03,1995,14.5
12,04,1995,15.0
12,05,1995,17.0
12,06,1995,15.25
12,07,1995,16.75
12,08,1995,16.0
12,09,1995,14.0
12,10,1995,16.75
12,11,1995,15.5
12,12,1995,15.5
12,13,1995,15.5
12,14,1995,16.0
12,15,1995,15.0
12,16,1995,14.0
12,17,1995,13.5
12,18,1995,13.0
12,19,1995,13.0
12,20,1995,12.5
12,21,1995,12.0
12,22,1995,10.25
12,23,1995,11.0
12,24,1995,10.0
12,25,1995,12.0
12,26,1995,8.5
12,27,1995,13.75
12,28,1995,12.5
12,29,1995,11.5
12,30,1995,12.0
12,31,1995,12.25
01,01,1996,12.75
01,02,1996,11.5
01,03,1996,null
01,04,1996,null
01,05,1996,null
01,06,1996,null
01,07,1996,null
01,08,1996,13.5
01,09,1996,14.25
01,10,1996,14.5
01,11,1996,14.75
01,12,1996,15.0
01,13,1996,15.25
01,14,1996,14.5
01,15,1996,9.25
01,16,1996,14.75
01,17,1996,14.5
01,18,1996,13.5
01,19,1996,15.5
01,20,1996,15.75
01,21,1996,15.25
01,22,1996,15.5
01,23,1996,15.5
01,24,1996,14.25
01,25,1996,null
01,26,1996,null
01,27,1996,null
01,28,1996,null
01,29,1996,16.25
01,30,1996,17.5
01,31,1996,17.75
02,01,1996,16.5
02,02,1996,14.5
02,03,1996,null
02,04,1996,null
02,05,1996,14.5
02,06,1996,16.25
02,07,1996,16.25
02,08,1996,16.25
02,09,1996,16.5
02,10,1996,16.0
02,11,1996,17.0
02,12,1996,17.0
02,13,1996,13.5
02,14,1996,19.0
02,15,1996,17.5
02,16,1996,17.5
02,17,1996,17.25
02,18,1996,17.5
02,19,1996,17.0
02,20,1996,17.75
02,21,1996,18.25
02,22,1996,18.0
02,23,1996,20.0
02,24,1996,19.75
02,25,1996,20.5
02,26,1996,20.0
02,27,1996,17.5
02,28,1996,17.25
02,29,1996,17.5
03,01,1996,18.25
03,02,1996,18.0
03,03,1996,16.75
03,04,1996,17.0
03,05,1996,18.25
03,06,1996,18.0
03,07,1996,16.75
03,08,1996,16.75
03,09,1996,16.25
03,10,1996,17.25
03,11,1996,15.5
03,12,1996,16.25
03,13,1996,16.25
03,14,1996,16.0
03,15,1996,15.5
03,16,1996,15.75
03,17,1996,15.5
03,18,1996,14.5
03,19,1996,13.25
03,20,1996,16.25
03,21,1996,18.75
03,22,1996,19.0
03,23,1996,17.75
03,24,1996,17.0
03,25,1996,18.25
03,26,1996,17.0
03,27,1996,17.5
03,28,1996,17.0
03,29,1996,17.0
03,30,1996,17.25
03,31,1996,19.5
04,01,1996,19.0
04,02,1996,20.0
04,03,1996,19.5
04,04,1996,19.0
04,05,1996,17.75
04,06,1996,17.0
04,07,1996,17.5
04,08,1996,16.5
04,09,1996,15.5
04,10,1996,17.0
04,11,1996,18.5
04,12,1996,19.0
04,13,1996,17.75
04,14,1996,17.25
04,15,1996,17.75
04,16,1996,18.0
04,17,1996,18.5
04,18,1996,20.75
04,19,1996,18.5
04,20,1996,18.5
04,21,1996,18.25
04,22,1996,18.0
04,23,1996,18.0
04,24,1996,19.5
04,25,1996,20.25
04,26,1996,20.5
04,27,1996,21.0
04,28,1996,21.5
04,29,1996,21.0
04,30,1996,21.0
05,01,1996,22.5
05,02,1996,22.5
05,03,1996,22.0
05,04,1996,22.0
05,05,1996,23.0
05,06,1996,23.25
05,07,1996,25.0
05,08,1996,23.5
05,09,1996,24.0
05,10,1996,24.75
05,11,1996,25.0
05,12,1996,25.5
05,13,1996,23.75
05,14,1996,24.75
05,15,1996,23.5
05,16,1996,23.25
05,17,1996,24.5
05,18,1996,24.25
05,19,1996,18.75
05,20,1996,26.0
05,21,1996,26.0
05,22,1996,26.0
05,23,1996,26.5
05,24,1996,24.25
05,25,1996,24.0
05,26,1996,24.0
05,27,1996,25.5
05,28,1996,25.0
05,29,1996,26.0
05,30,1996,26.75
05,31,1996,26.5
06,01,1996,26.75
06,02,1996,23.5
06,03,1996,24.0
06,04,1996,24.75
06,05,1996,26.5
06,06,1996,24.5
06,07,1996,23.5
06,08,1996,23.0
06,09,1996,22.0
06,10,1996,23.25
06,11,1996,22.75
06,12,1996,23.0
06,13,1996,21.5
06,14,1996,23.0
06,15,1996,22.75
06,16,1996,23.5
06,17,1996,22.0
06,18,1996,22.5
06,19,1996,22.25
06,20,1996,22.5
06,21,1996,22.5
06,22,1996,23.0
06,23,1996,24.5
06,24,1996,23.75
06,25,1996,23.25
06,26,1996,23.5
06,27,1996,21.5
06,28,1996,22.25
06,29,1996,22.0
06,30,1996,22.25
07,01,1996,16.5
07,02,1996,22.0
07,03,1996,20.75
07,04,1996,21.25
07,05,1996,23.0
07,06,1996,21.75
07,07,1996,22.0
07,08,1996,23.5
07,09,1996,21.0
07,10,1996,21.5
07,11,1996,21.5
07,12,1996,23.0
07,13,1996,22.5
07,14,1996,22.0
07,15,1996,22.5
07,16,1996,22.5
07,17,1996,22.0
07,18,1996,21.0
07,19,1996,22.0
07,20,1996,22.0
07,21,1996,22.5
07,22,1996,22.75
07,23,1996,22.5
07,24,1996,22.75
07,25,1996,21.75
07,26,1996,21.5
07,27,1996,21.5
07,28,1996,21.5
07,29,1996,21.75
07,30,1996,22.75
07,31,1996,22.5
08,01,1996,21.25
08,02,1996,22.0
08,03,1996,22.5
08,04,1996,22.0
08,05,1996,22.0
08,06,1996,22.0
08,07,1996,21.25
08,08,1996,21.0
08,09,1996,20.5
08,10,1996,20.5
08,11,1996,21.5
08,12,1996,22.5
08,13,1996,20.5
08,14,1996,19.25
08,15,1996,20.75
08,16,1996,21.0
08,17,1996,19.0
08,18,1996,18.5
08,19,1996,20.5
08,20,1996,20.5
08,21,1996,19.5
08,22,1996,20.25
08,23,1996,22.0
08,24,1996,21.0
08,25,1996,19.5
08,26,1996,21.0
08,27,1996,20.25
08,28,1996,19.0
08,29,1996,21.0
08,30,1996,21.0
08,31,1996,20.25
09,01,1996,20.75
09,02,1996,21.0
09,03,1996,21.25
09,04,1996,21.0
09,05,1996,20.0
09,06,1996,19.75
09,07,1996,21.0
09,08,1996,20.25
09,09,1996,20.25
09,10,1996,20.0
09,11,1996,19.25
09,12,1996,20.25
09,13,1996,21.0
09,14,1996,21.25
09,15,1996,20.5
09,16,1996,20.0
09,17,1996,20.5
09,18,1996,18.0
09,19,1996,20.5
09,20,1996,20.25
09,21,1996,22.0
09,22,1996,20.25
09,23,1996,20.5
09,24,1996,20.75
09,25,1996,21.5
09,26,1996,21.0
09,27,1996,21.5
09,28,1996,19.75
09,29,1996,19.75
09,30,1996,18.5
10,01,1996,17.75
10,02,1996,18.75
10,03,1996,19.5
10,04,1996,17.25
10,05,1996,17.75
10,06,1996,20.5
10,07,1996,18.5
10,08,1996,18.25
10,09,1996,18.5
10,10,1996,16.25
10,11,1996,15.75
10,12,1996,16.75
10,13,1996,15.75
10,14,1996,16.25
10,15,1996,17.0
10,16,1996,18.0
10,17,1996,18.75
10,18,1996,18.5
10,19,1996,19.25
10,20,1996,18.0
10,21,1996,18.5
10,22,1996,16.75
10,23,1996,17.0
10,24,1996,15.75
10,25,1996,15.0
10,26,1996,15.75
10,27,1996,15.5
10,28,1996,17.75
10,29,1996,20.75
10,30,1996,20.0
10,31,1996,19.25
11,01,1996,18.5
11,02,1996,19.25
11,03,1996,18.0
11,04,1996,17.75
11,05,1996,18.25
11,06,1996,18.5
11,07,1996,19.25
11,08,1996,18.0
11,09,1996,19.0
11,10,1996,13.5
11,11,1996,null
11,12,1996,13.25
11,13,1996,13.5
11,14,1996,13.5
11,15,1996,14.0
11,16,1996,14.0
11,17,1996,14.25
11,18,1996,14.5
11,19,1996,15.5
11,20,1996,16.75
11,21,1996,16.25
11,22,1996,16.25
11,23,1996,16.25
11,24,1996,14.75
11,25,1996,13.75
11,26,1996,12.75
11,27,1996,11.0
11,28,1996,11.0
11,29,1996,14.5
11,30,1996,17.0
12,01,1996,13.5
12,02,1996,12.75
12,03,1996,12.0
12,04,1996,12.5
12,05,1996,15.5
12,06,1996,16.25
12,07,1996,15.25
12,08,1996,16.0
12,09,1996,16.75
12,10,1996,16.75
12,11,1996,16.5
12,12,1996,16.5
12,13,1996,16.25
12,14,1996,15.75
12,15,1996,16.0
12,16,1996,14.5
12,17,1996,14.75
12,18,1996,12.5
12,19,1996,12.75
12,20,1996,13.0
12,21,1996,12.5
12,22,1996,12.0
12,23,1996,13.5
12,24,1996,13.5
12,25,1996,14.5
12,26,1996,14.5
12,27,1996,13.75
12,28,1996,14.5
12,29,1996,13.0
12,30,1996,13.75
12,31,1996,12.75
01,01,1997,13.5
01,02,1997,13.75
01,03,1997,14.25
01,04,1997,13.5
01,05,1997,13.75
01,06,1997,13.25
01,07,1997,12.75
01,08,1997,12.5
01,09,1997,10.5
01,10,1997,7.75
01,11,1997,7.5
01,12,1997,7.5
01,13,1997,8.0
01,14,1997,9.0
01,15,1997,9.5
01,16,1997,11.0
01,17,1997,11.75
01,18,1997,11.5
01,19,1997,9.25
01,20,1997,11.5
01,21,1997,12.25
01,22,1997,11.5
01,23,1997,12.0
01,24,1997,null
01,25,1997,null
01,26,1997,13.5
01,27,1997,13.25
01,28,1997,13.5
01,29,1997,14.0
01,30,1997,12.5
01,31,1997,13.0
02,01,1997,13.5
02,02,1997,11.0
02,03,1997,14.5
02,04,1997,13.75
02,05,1997,15.25
02,06,1997,16.0
02,07,1997,16.75
02,08,1997,16.0
02,09,1997,16.0
02,10,1997,13.25
02,11,1997,15.25
02,12,1997,15.85
02,13,1997,15.25
02,14,1997,12.75
02,15,1997,11.75
02,16,1997,13.5
02,17,1997,14.25
02,18,1997,14.5
02,19,1997,14.25
02,20,1997,14.0
02,21,1997,14.5
02,22,1997,12.5
02,23,1997,14.25
02,24,1997,15.25
02,25,1997,16.0
02,26,1997,16.25
02,27,1997,14.5
02,28,1997,14.75
03,01,1997,14.25
03,02,1997,15.0
03,03,1997,null
03,04,1997,15.5
03,05,1997,17.0
03,06,1997,17.0
03,07,1997,16.0
03,08,1997,17.75
03,09,1997,17.75
03,10,1997,17.75
03,11,1997,19.0
03,12,1997,19.0
03,13,1997,16.5
03,14,1997,15.5
03,15,1997,15.5
03,16,1997,17.25
03,17,1997,17.25
03,18,1997,20.0
03,19,1997,20.5
03,20,1997,19.0
03,21,1997,13.25
03,22,1997,11.25
03,23,1997,12.5
03,24,1997,15.0
03,25,1997,16.0
03,26,1997,16.25
03,27,1997,18.0
03,28,1997,18.0
03,29,1997,15.25
03,30,1997,17.25
03,31,1997,18.5
04,01,1997,19.0
04,02,1997,17.75
04,03,1997,18.0
04,04,1997,18.75
04,05,1997,15.0
04,06,1997,15.25
04,07,1997,14.75
04,08,1997,16.75
04,09,1997,19.5
04,10,1997,17.75
04,11,1997,16.0
04,12,1997,15.75
04,13,1997,12.0
04,14,1997,11.5
04,15,1997,16.0
04,16,1997,17.5
04,17,1997,17.5
04,18,1997,18.25
04,19,1997,19.5
04,20,1997,19.0
04,21,1997,17.75
04,22,1997,16.0
04,23,1997,17.5
04,24,1997,18.0
04,25,1997,17.5
04,26,1997,14.75
04,27,1997,15.0
04,28,1997,14.0
04,29,1997,15.0
04,30,1997,18.5
05,01,1997,19.0
05,02,1997,18.25
05,03,1997,17.75
05,04,1997,18.0
05,05,1997,22.0
05,06,1997,21.5
05,07,1997,23.0
05,08,1997,24.0
05,09,1997,23.25
05,10,1997,20.5
05,11,1997,19.0
05,12,1997,18.5
05,13,1997,18.75
05,14,1997,19.25
05,15,1997,18.25
05,16,1997,19.75
05,17,1997,21.0
05,18,1997,19.0
05,19,1997,21.75
05,20,1997,21.5
05,21,1997,21.75
05,22,1997,21.75
05,23,1997,21.0
05,24,1997,18.75
05,25,1997,19.75
05,26,1997,21.25
05,27,1997,21.75
05,28,1997,21.75
05,29,1997,20.0
05,30,1997,22.5
05,31,1997,22.0
06,01,1997,22.0
06,02,1997,22.25
06,03,1997,22.5
06,04,1997,24.0
06,05,1997,24.75
06,06,1997,23.5
06,07,1997,22.5
06,08,1997,22.5
06,09,1997,22.75
06,10,1997,23.5
06,11,1997,24.25
06,12,1997,24.5
06,13,1997,23.0
06,14,1997,23.0
06,15,1997,24.5
06,16,1997,24.0
06,17,1997,24.25
06,18,1997,24.25
06,19,1997,23.75
06,20,1997,24.25
06,21,1997,23.0
06,22,1997,19.25
06,23,1997,21.0
06,24,1997,22.0
06,25,1997,21.25
06,26,1997,21.5
06,27,1997,21.75
06,28,1997,21.0
06,29,1997,21.5
06,30,1997,23.5
07,01,1997,22.75
07,02,1997,21.25
07,03,1997,22.0
07,04,1997,22.75
07,05,1997,23.5
07,06,1997,22.75
07,07,1997,22.5
07,08,1997,22.75
07,09,1997,21.75
07,10,1997,20.75
07,11,1997,21.25
07,12,1997,22.0
07,13,1997,22.0
07,14,1997,22.0
07,15,1997,22.0
07,16,1997,21.25
07,17,1997,21.75
07,18,1997,21.75
07,19,1997,21.5
07,20,1997,20.0
07,21,1997,20.5
07,22,1997,21.75
07,23,1997,20.5
07,24,1997,22.25
07,25,1997,21.25
07,26,1997,21.75
07,27,1997,22.5
07,28,1997,23.5
07,29,1997,22.5
07,30,1997,22.5
07,31,1997,21.75
08,01,1997,22.0
08,02,1997,21.5
08,03,1997,21.5
08,04,1997,22.0
08,05,1997,22.5
08,06,1997,22.25
08,07,1997,22.5
08,08,1997,23.5
08,09,1997,23.0
08,10,1997,22.75
08,11,1997,22.75
08,12,1997,23.0
08,13,1997,23.75
08,14,1997,23.5
08,15,1997,21.5
08,16,1997,20.0
08,17,1997,21.25
08,18,1997,21.25
08,19,1997,21.0
08,20,1997,21.5
08,21,1997,21.5
08,22,1997,21.75
08,23,1997,22.25
08,24,1997,22.75
08,25,1997,22.0
08,26,1997,22.0
08,27,1997,19.5
08,28,1997,20.25
08,29,1997,21.75
08,30,1997,22.25
08,31,1997,22.0
09,01,1997,21.25
09,02,1997,20.25
09,03,1997,19.75
09,04,1997,20.5
09,05,1997,20.25
09,06,1997,20.0
09,07,1997,20.0
09,08,1997,19.75
09,09,1997,20.5
09,10,1997,20.5
09,11,1997,21.25
09,12,1997,20.75
09,13,1997,23.25
09,14,1997,21.5
09,15,1997,21.25
09,16,1997,20.0
09,17,1997,21.25
09,18,1997,21.75
09,19,1997,21.75
09,20,1997,20.5
09,21,1997,19.75
09,22,1997,20.0
09,23,1997,21.25
09,24,1997,22.25
09,25,1997,20.25
09,26,1997,22.0
09,27,1997,22.0
09,28,1997,21.5
09,29,1997,21.25
09,30,1997,21.5
10,01,1997,20.0
10,02,1997,20.75
10,03,1997,20.0
10,04,1997,20.0
10,05,1997,20.5
10,06,1997,19.25
10,07,1997,19.0
10,08,1997,20.5
10,09,1997,20.75
10,10,1997,20.0
10,11,1997,22.5
10,12,1997,20.75
10,13,1997,19.5
10,14,1997,20.25
10,15,1997,17.5
10,16,1997,17.25
10,17,1997,17.5
10,18,1997,14.25
10,19,1997,14.5
10,20,1997,15.0
10,21,1997,15.5
10,22,1997,16.0
10,23,1997,16.5
10,24,1997,16.5
10,25,1997,16.75
10,26,1997,15.5
10,27,1997,16.0
10,28,1997,17.0
10,29,1997,17.5
10,30,1997,17.0
10,31,1997,17.75
11,01,1997,19.0
11,02,1997,19.0
11,03,1997,20.0
11,04,1997,19.75
11,05,1997,18.5
11,06,1997,17.75
11,07,1997,18.25
11,08,1997,17.0
11,09,1997,15.25
11,10,1997,19.25
11,11,1997,16.25
11,12,1997,15.25
11,13,1997,16.75
11,14,1997,17.0
11,15,1997,13.75
11,16,1997,15.75
11,17,1997,16.25
11,18,1997,16.25
11,19,1997,16.25
11,20,1997,16.25
11,21,1997,15.75
11,22,1997,17.0
11,23,1997,16.0
11,24,1997,16.0
11,25,1997,16.0
11,26,1997,16.75
11,27,1997,17.0
11,28,1997,15.25
11,29,1997,13.25
11,30,1997,12.5
12,01,1997,12.75
12,02,1997,13.0
12,03,1997,12.0
12,04,1997,13.0
12,05,1997,14.0
12,06,1997,14.75
12,07,1997,14.25
12,08,1997,15.5
12,09,1997,15.5
12,10,1997,14.0
12,11,1997,null
12,12,1997,10.0
12,13,1997,9.0
12,14,1997,2.0
12,15,1997,5.75
12,16,1997,9.75
12,17,1997,null
12,18,1997,11.25
12,19,1997,12.25
12,20,1997,10.75
12,21,1997,13.0
12,22,1997,13.5
12,23,1997,12.5
12,24,1997,12.5
12,25,1997,11.5
12,26,1997,10.5
12,27,1997,10.5
12,28,1997,12.0
12,29,1997,null
12,30,1997,11.5
12,31,1997,12.75
01,01,1998,13.25
01,02,1998,13.5
01,03,1998,13.75
01,04,1998,13.75
01,05,1998,14.0
01,06,1998,13.25
01,07,1998,9.5
01,08,1998,null
01,09,1998,9.25
01,10,1998,10.75
01,11,1998,12.25
01,12,1998,null
01,13,1998,12.75
01,14,1998,13.5
01,15,1998,11.75
01,16,1998,null
01,17,1998,10.25
01,18,1998,6.75
01,19,1998,15.0
01,20,1998,14.25
01,21,1998,13.0
01,22,1998,12.25
01,23,1998,null
01,24,1998,null
01,25,1998,12.75
01,26,1998,12.5
01,27,1998,12.75
01,28,1998,null
01,29,1998,12.25
01,30,1998,13.0
01,31,1998,12.5
02,01,1998,null
02,02,1998,6.5
02,03,1998,10.5
02,04,1998,11.25
02,05,1998,10.0
02,06,1998,10.75
02,07,1998,null
02,08,1998,null
02,09,1998,13.0
02,10,1998,12.0
02,11,1998,null
02,12,1998,null
02,13,1998,13.5
02,14,1998,null
02,15,1998,7.5
02,16,1998,10.0
02,17,1998,10.0
02,18,1998,11.25
02,19,1998,11.0
02,20,1998,12.25
02,21,1998,12.25
02,22,1998,11.0
02,23,1998,null
02,24,1998,null
02,25,1998,16.75
02,26,1998,15.5
02,27,1998,15.0
02,28,1998,13.75
03,01,1998,null
03,02,1998,null
03,03,1998,13.75
03,04,1998,13.25
03,05,1998,13.75
03,06,1998,14.75
03,07,1998,14.5
03,08,1998,15.25
03,09,1998,15.0
03,10,1998,15.75
03,11,1998,16.5
03,12,1998,14.75
03,13,1998,17.75
03,14,1998,16.0
03,15,1998,15.5
03,16,1998,16.25
03,17,1998,15.0
03,18,1998,null
03,19,1998,15.25
03,20,1998,15.0
03,21,1998,17.75
03,22,1998,18.0
03,23,1998,14.75
03,24,1998,16.75
03,25,1998,18.25
03,26,1998,18.75
03,27,1998,19.0
03,28,1998,17.0
03,29,1998,17.5
03,30,1998,17.25
03,31,1998,16.75
04,01,1998,15.25
04,02,1998,17.75
04,03,1998,17.75
04,04,1998,18.5
04,05,1998,19.0
04,06,1998,19.0
04,07,1998,19.25
04,08,1998,19.0
04,09,1998,18.75
04,10,1998,19.25
04,11,1998,20.5
04,12,1998,21.25
04,13,1998,20.0
04,14,1998,20.5
04,15,1998,20.5
04,16,1998,20.25
04,17,1998,20.0
04,18,1998,19.5
04,19,1998,19.0
04,20,1998,17.5
04,21,1998,18.5
04,22,1998,18.75
04,23,1998,19.75
04,24,1998,20.0
04,25,1998,19.5
04,26,1998,20.5
04,27,1998,18.75
04,28,1998,16.75
04,29,1998,16.75
04,30,1998,16.0
05,01,1998,17.0
05,02,1998,17.5
05,03,1998,18.0
05,04,1998,19.75
05,05,1998,21.25
05,06,1998,22.5
05,07,1998,23.5
05,08,1998,23.25
05,09,1998,22.5
05,10,1998,22.5
05,11,1998,21.0
05,12,1998,22.5
05,13,1998,21.25
05,14,1998,22.5
05,15,1998,23.0
05,16,1998,23.5
05,17,1998,24.75
05,18,1998,24.0
05,19,1998,23.0
05,20,1998,24.0
05,21,1998,23.25
05,22,1998,23.0
05,23,1998,24.25
05,24,1998,25.25
05,25,1998,25.75
05,26,1998,25.5
05,27,1998,25.25
05,28,1998,24.5
05,29,1998,23.75
05,30,1998,24.5
05,31,1998,25.75
06,01,1998,25.25
06,02,1998,22.25
06,03,1998,22.5
06,04,1998,23.0
06,05,1998,22.5
06,06,1998,23.0
06,07,1998,22.5
06,08,1998,22.75
06,09,1998,22.5
06,10,1998,22.0
06,11,1998,22.25
06,12,1998,23.75
06,13,1998,22.5
06,14,1998,22.5
06,15,1998,21.5
06,16,1998,21.75
06,17,1998,23.0
06,18,1998,22.25
06,19,1998,22.5
06,20,1998,24.0
06,21,1998,22.5
06,22,1998,21.75
06,23,1998,21.5
06,24,1998,21.75
06,25,1998,22.0
06,26,1998,21.75
06,27,1998,21.5
06,28,1998,21.0
06,29,1998,20.25
06,30,1998,20.75
07,01,1998,20.5
07,02,1998,21.5
07,03,1998,22.75
07,04,1998,22.75
07,05,1998,23.0
07,06,1998,22.75
07,07,1998,21.75
07,08,1998,22.0
07,09,1998,23.25
07,10,1998,22.75
07,11,1998,22.75
07,12,1998,20.75
07,13,1998,24.5
07,14,1998,24.75
07,15,1998,23.75
07,16,1998,22.5
07,17,1998,21.5
07,18,1998,20.0
07,19,1998,24.0
07,20,1998,21.25
07,21,1998,22.25
07,22,1998,21.75
07,23,1998,21.75
07,24,1998,22.75
07,25,1998,23.0
07,26,1998,22.25
07,27,1998,22.25
07,28,1998,22.75
07,29,1998,22.5
07,30,1998,22.25
07,31,1998,22.5
08,01,1998,22.75
08,02,1998,22.0
08,03,1998,23.0
08,04,1998,23.5
08,05,1998,21.75
08,06,1998,23.0
08,07,1998,20.5
08,08,1998,21.0
08,09,1998,20.25
08,10,1998,20.75
08,11,1998,19.75
08,12,1998,19.75
08,13,1998,22.5
08,14,1998,23.25
08,15,1998,22.0
08,16,1998,19.75
08,17,1998,22.25
08,18,1998,22.25
08,19,1998,22.25
08,20,1998,21.5
08,21,1998,21.75
08,22,1998,21.75
08,23,1998,21.75
08,24,1998,23.5
08,25,1998,22.75
08,26,1998,23.75
08,27,1998,21.5
08,28,1998,21.0
08,29,1998,20.75
08,30,1998,21.0
08,31,1998,21.5
09,01,1998,null
09,02,1998,20.25
09,03,1998,19.5
09,04,1998,20.0
09,05,1998,20.75
09,06,1998,20.0
09,07,1998,20.75
09,08,1998,20.75
09,09,1998,19.25
09,10,1998,21.5
09,11,1998,20.0
09,12,1998,20.25
09,13,1998,19.75
09,14,1998,21.75
09,15,1998,22.75
09,16,1998,20.75
09,17,1998,20.25
09,18,1998,22.25
09,19,1998,21.75
09,20,1998,21.75
09,21,1998,21.5
09,22,1998,22.0
09,23,1998,22.0
09,24,1998,22.0
09,25,1998,21.25
09,26,1998,21.75
09,27,1998,21.5
09,28,1998,21.75
09,29,1998,22.0
09,30,1998,22.0
10,01,1998,22.0
10,02,1998,20.5
10,03,1998,19.25
10,04,1998,23.0
10,05,1998,23.0
10,06,1998,22.5
10,07,1998,22.0
10,08,1998,18.25
10,09,1998,18.5
10,10,1998,19.75
10,11,1998,20.0
10,12,1998,20.75
10,13,1998,17.25
10,14,1998,18.75
10,15,1998,19.5
10,16,1998,19.75
10,17,1998,20.25
10,18,1998,20.75
10,19,1998,21.0
10,20,1998,21.0
10,21,1998,22.0
10,22,1998,19.25
10,23,1998,16.25
10,24,1998,18.25
10,25,1998,18.25
10,26,1998,19.25
10,27,1998,20.0
10,28,1998,19.5
10,29,1998,21.0
10,30,1998,21.25
10,31,1998,20.75
11,01,1998,20.25
11,02,1998,18.5
11,03,1998,17.75
11,04,1998,16.0
11,05,1998,15.0
11,06,1998,15.5
11,07,1998,15.75
11,08,1998,16.5
11,09,1998,16.75
11,10,1998,15.75
11,11,1998,18.5
11,12,1998,18.5
11,13,1998,16.0
11,14,1998,17.25
11,15,1998,17.5
11,16,1998,16.0
11,17,1998,16.5
11,18,1998,17.5
11,19,1998,17.5
11,20,1998,17.25
11,21,1998,17.75
11,22,1998,17.5
11,23,1998,17.25
11,24,1998,18.0
11,25,1998,17.5
11,26,1998,17.0
11,27,1998,16.75
11,28,1998,17.75
11,29,1998,17.5
11,30,1998,16.75
12,01,1998,16.75
12,02,1998,15.75
12,03,1998,15.75
12,04,1998,15.0
12,05,1998,14.5
12,06,1998,14.75
12,07,1998,14.75
12,08,1998,14.75
12,09,1998,15.0
12,10,1998,15.0
12,11,1998,14.25
12,12,1998,13.25
12,13,1998,13.0
12,14,1998,13.25
12,15,1998,14.0
12,16,1998,14.5
12,17,1998,14.0
12,18,1998,15.25
12,19,1998,14.5
12,20,1998,15.0
12,21,1998,16.5
12,22,1998,16.5
12,23,1998,17.0
12,24,1998,15.5
12,25,1998,15.75
12,26,1998,15.25
12,27,1998,14.0
12,28,1998,13.75
12,29,1998,15.25
12,30,1998,13.75
12,31,1998,13.75
01,01,1999,14.75
01,02,1999,12.25
01,03,1999,12.75
01,04,1999,null
01,05,1999,11.5
01,06,1999,11.45
01,07,1999,12.15
01,08,1999,11.95
01,09,1999,null
01,10,1999,null
01,11,1999,null
01,12,1999,null
01,13,1999,11.75
01,14,1999,null
01,15,1999,null
01,16,1999,12.5
01,17,1999,11.25
01,18,1999,12.75
01,19,1999,14.0
01,20,1999,14.0
01,21,1999,14.25
01,22,1999,14.5
01,23,1999,null
01,24,1999,null
01,25,1999,null
01,26,1999,null
01,27,1999,null
01,28,1999,null
01,29,1999,13.25
01,30,1999,15.75
01,31,1999,14.75
02,01,1999,15.25
02,02,1999,16.0
02,03,1999,16.75
02,04,1999,16.5
02,05,1999,16.75
02,06,1999,16.75
02,07,1999,17.75
02,08,1999,17.0
02,09,1999,15.5
02,10,1999,17.75
02,11,1999,16.75
02,12,1999,17.0
02,13,1999,13.0
02,14,1999,15.25
02,15,1999,16.0
02,16,1999,15.25
02,17,1999,13.5
02,18,1999,null
02,19,1999,14.25
02,20,1999,15.5
02,21,1999,17.0
02,22,1999,16.75
02,23,1999,17.0
02,24,1999,16.75
02,25,1999,16.0
02,26,1999,17.5
02,27,1999,19.75
02,28,1999,18.0
03,01,1999,18.5
03,02,1999,17.0
03,03,1999,16.0
03,04,1999,17.75
03,05,1999,17.0
03,06,1999,16.5
03,07,1999,17.5
03,08,1999,17.25
03,09,1999,16.25
03,10,1999,16.25
03,11,1999,17.0
03,12,1999,16.0
03,13,1999,16.25
03,14,1999,14.5
03,15,1999,14.25
03,16,1999,14.5
03,17,1999,15.5
03,18,1999,15.75
03,19,1999,15.25
03,20,1999,17.25
03,21,1999,18.75
03,22,1999,20.25
03,23,1999,19.0
03,24,1999,18.75
03,25,1999,19.0
03,26,1999,19.0
03,27,1999,20.75
03,28,1999,17.25
03,29,1999,17.25
03,30,1999,16.0
03,31,1999,17.75
04,01,1999,null
04,02,1999,18.0
04,03,1999,17.5
04,04,1999,17.75
04,05,1999,16.75
04,06,1999,17.0
04,07,1999,21.25
04,08,1999,23.0
04,09,1999,24.0
04,10,1999,23.75
04,11,1999,22.75
04,12,1999,23.5
04,13,1999,23.75
04,14,1999,21.75
04,15,1999,19.0
04,16,1999,19.5
04,17,1999,20.0
04,18,1999,20.0
04,19,1999,20.0
04,20,1999,20.75
04,21,1999,21.25
04,22,1999,21.0
04,23,1999,19.5
04,24,1999,20.75
04,25,1999,23.5
04,26,1999,22.0
04,27,1999,22.5
04,28,1999,18.75
04,29,1999,18.75
04,30,1999,19.25
05,01,1999,19.5
05,02,1999,19.75
05,03,1999,19.75
05,04,1999,18.25
05,05,1999,18.25
05,06,1999,18.5
05,07,1999,18.75
05,08,1999,20.0
05,09,1999,20.25
05,10,1999,21.0
05,11,1999,22.25
05,12,1999,19.0
05,13,1999,19.5
05,14,1999,21.0
05,15,1999,21.25
05,16,1999,22.0
05,17,1999,23.25
05,18,1999,24.25
05,19,1999,24.25
05,20,1999,23.0
05,21,1999,21.75
05,22,1999,22.75
05,23,1999,22.5
05,24,1999,23.25
05,25,1999,23.0
05,26,1999,23.25
05,27,1999,21.75
05,28,1999,22.25
05,29,1999,22.0
05,30,1999,21.75
05,31,1999,23.0
06,01,1999,24.5
06,02,1999,26.0
06,03,1999,25.0
06,04,1999,24.75
06,05,1999,24.0
06,06,1999,24.25
06,07,1999,24.5
06,08,1999,23.75
06,09,1999,23.5
06,10,1999,22.25
06,11,1999,23.5
06,12,1999,24.25
06,13,1999,25.0
06,14,1999,23.75
06,15,1999,21.0
06,16,1999,19.0
06,17,1999,19.25
06,18,1999,21.25
06,19,1999,22.25
06,20,1999,23.25
06,21,1999,24.0
06,22,1999,23.25
06,23,1999,22.0
06,24,1999,23.5
06,25,1999,23.0
06,26,1999,22.0
06,27,1999,20.25
06,28,1999,22.5
06,29,1999,22.75
06,30,1999,22.25
07,01,1999,22.75
07,02,1999,24.75
07,03,1999,23.75
07,04,1999,21.25
07,05,1999,20.25
07,06,1999,19.5
07,07,1999,18.75
07,08,1999,20.0
07,09,1999,20.75
07,10,1999,22.0
07,11,1999,20.75
07,12,1999,20.5
07,13,1999,20.0
07,14,1999,21.25
07,15,1999,21.25
07,16,1999,19.25
07,17,1999,21.25
07,18,1999,21.75
07,19,1999,21.5
07,20,1999,22.0
07,21,1999,20.5
07,22,1999,21.0
07,23,1999,21.0
07,24,1999,20.0
07,25,1999,20.0
07,26,1999,21.0
07,27,1999,20.25
07,28,1999,21.0
07,29,1999,22.75
07,30,1999,22.0
07,31,1999,22.25
08,01,1999,null
08,02,1999,20.75
08,03,1999,21.5
08,04,1999,20.5
08,05,1999,21.5
08,06,1999,22.25
08,07,1999,22.25
08,08,1999,21.75
08,09,1999,22.5
08,10,1999,21.75
08,11,1999,21.75
08,12,1999,19.5
08,13,1999,21.25
08,14,1999,21.25
08,15,1999,22.75
08,16,1999,21.75
08,17,1999,21.5
08,18,1999,22.0
08,19,1999,21.0
08,20,1999,20.5
08,21,1999,19.75
08,22,1999,20.75
08,23,1999,21.25
08,24,1999,21.5
08,25,1999,20.5
08,26,1999,21.0
08,27,1999,20.75
08,28,1999,21.75
08,29,1999,20.75
08,30,1999,21.75
08,31,1999,21.75
09,01,1999,21.75
09,02,1999,22.0
09,03,1999,20.75
09,04,1999,22.25
09,05,1999,21.75
09,06,1999,21.75
09,07,1999,19.0
09,08,1999,18.25
09,09,1999,19.75
09,10,1999,19.5
09,11,1999,21.25
09,12,1999,21.0
09,13,1999,21.25
09,14,1999,20.0
09,15,1999,20.25
09,16,1999,19.5
09,17,1999,19.75
09,18,1999,20.25
09,19,1999,21.0
09,20,1999,21.0
09,21,1999,21.5
09,22,1999,19.25
09,23,1999,19.0
09,24,1999,19.5
09,25,1999,20.75
09,26,1999,21.75
09,27,1999,21.5
09,28,1999,22.25
09,29,1999,22.25
09,30,1999,19.5
10,01,1999,19.75
10,02,1999,18.25
10,03,1999,20.0
10,04,1999,20.75
10,05,1999,21.0
10,06,1999,21.0
10,07,1999,20.0
10,08,1999,20.75
10,09,1999,20.5
10,10,1999,21.0
10,11,1999,20.5
10,12,1999,18.75
10,13,1999,19.25
10,14,1999,19.0
10,15,1999,20.25
10,16,1999,19.25
10,17,1999,19.0
10,18,1999,19.75
10,19,1999,19.25
10,20,1999,19.25
10,21,1999,18.75
10,22,1999,18.0
10,23,1999,17.5
10,24,1999,15.75
10,25,1999,14.5
10,26,1999,15.0
10,27,1999,15.75
10,28,1999,16.25
10,29,1999,16.25
10,30,1999,16.0
10,31,1999,17.25
11,01,1999,16.5
11,02,1999,14.5
11,03,1999,14.0
11,04,1999,14.75
11,05,1999,15.0
11,06,1999,16.0
11,07,1999,15.5
11,08,1999,16.25
11,09,1999,14.75
11,10,1999,16.25
11,11,1999,16.5
11,12,1999,16.75
11,13,1999,15.75
11,14,1999,15.5
11,15,1999,16.5
11,16,1999,14.75
11,17,1999,14.25
11,18,1999,14.25
11,19,1999,14.75
11,20,1999,14.75
11,21,1999,15.75
11,22,1999,15.5
11,23,1999,13.75
11,24,1999,14.5
11,25,1999,14.0
11,26,1999,14.0
11,27,1999,13.75
11,28,1999,14.25
11,29,1999,13.75
11,30,1999,12.75
12,01,1999,12.25
12,02,1999,12.5
12,03,1999,11.75
12,04,1999,null
12,05,1999,10.25
12,06,1999,11.0
12,07,1999,null
12,08,1999,12.5
12,09,1999,13.0
12,10,1999,15.5
12,11,1999,14.25
12,12,1999,12.75
12,13,1999,12.5
12,14,1999,10.65
12,15,1999,10.5
12,16,1999,11.4
12,17,1999,null
12,18,1999,10.75
12,19,1999,null
12,20,1999,null
12,21,1999,null
12,22,1999,10.6
12,23,1999,11.15
12,24,1999,10.25
12,25,1999,11.0
12,26,1999,16.0
12,27,1999,11.5
12,28,1999,16.0
12,29,1999,14.0
12,30,1999,14.5
12,31,1999,14.5
01,01,2000,15.5
01,02,2000,14.75
01,03,2000,14.75
01,04,2000,12.75
01,05,2000,12.0
01,06,2000,13.0
01,07,2000,12.75
01,08,2000,12.75
01,09,2000,12.75
01,10,2000,12.5
01,11,2000,13.5
01,12,2000,14.25
01,13,2000,15.0
01,14,2000,15.75
01,15,2000,13.75
01,16,2000,13.75
01,17,2000,14.25
01,18,2000,13.5
01,19,2000,12.75
01,20,2000,12.5
01,21,2000,10.0
01,22,2000,12.0
01,23,2000,13.5
01,24,2000,13.75
01,25,2000,14.25
01,26,2000,16.75
01,27,2000,15.75
01,28,2000,13.75
01,29,2000,14.25
01,30,2000,12.75
01,31,2000,12.25
02,01,2000,12.25
02,02,2000,10.5
02,03,2000,11.75
02,04,2000,11.25
02,05,2000,11.25
02,06,2000,12.25
02,07,2000,13.5
02,08,2000,14.75
02,09,2000,14.25
02,10,2000,14.25
02,11,2000,14.5
02,12,2000,14.75
02,13,2000,15.25
02,14,2000,16.0
02,15,2000,17.25
02,16,2000,17.5
02,17,2000,17.25
02,18,2000,16.0
02,19,2000,15.75
02,20,2000,16.75
02,21,2000,17.5
02,22,2000,18.75
02,23,2000,17.75
02,24,2000,17.25
02,25,2000,17.0
02,26,2000,15.0
02,27,2000,16.5
02,28,2000,17.25
02,29,2000,18.75
03,01,2000,18.0
03,02,2000,19.5
03,03,2000,18.0
03,04,2000,17.75
03,05,2000,17.5
03,06,2000,16.0
03,07,2000,14.75
03,08,2000,14.25
03,09,2000,16.0
03,10,2000,15.5
03,11,2000,15.0
03,12,2000,15.75
03,13,2000,14.5
03,14,2000,14.75
03,15,2000,15.0
03,16,2000,13.5
03,17,2000,13.75
03,18,2000,15.0
03,19,2000,15.0
03,20,2000,15.0
03,21,2000,15.25
03,22,2000,15.0
03,23,2000,17.75
03,24,2000,18.0
03,25,2000,18.5
03,26,2000,20.25
03,27,2000,19.5
03,28,2000,20.75
03,29,2000,21.5
03,30,2000,18.75
03,31,2000,19.5
04,01,2000,18.0
04,02,2000,16.75
04,03,2000,17.0
04,04,2000,17.5
04,05,2000,18.75
04,06,2000,19.0
04,07,2000,18.25
04,08,2000,18.25
04,09,2000,18.25
04,10,2000,19.75
04,11,2000,19.25
04,12,2000,19.5
04,13,2000,17.75
04,14,2000,18.0
04,15,2000,19.75
04,16,2000,20.0
04,17,2000,19.5
04,18,2000,21.5
04,19,2000,22.75
04,20,2000,24.75
04,21,2000,24.75
04,22,2000,24.75
04,23,2000,22.75
04,24,2000,22.25
04,25,2000,21.5
04,26,2000,22.0
04,27,2000,22.25
04,28,2000,23.75
04,29,2000,23.0
04,30,2000,21.25
05,01,2000,21.0
05,02,2000,20.25
05,03,2000,19.0
05,04,2000,19.5
05,05,2000,19.75
05,06,2000,20.5
05,07,2000,21.5
05,08,2000,22.25
05,09,2000,22.0
05,10,2000,21.75
05,11,2000,22.25
05,12,2000,23.75
05,13,2000,22.5
05,14,2000,23.5
05,15,2000,24.0
05,16,2000,22.5
05,17,2000,22.25
05,18,2000,22.5
05,19,2000,24.0
05,20,2000,25.75
05,21,2000,25.25
05,22,2000,25.25
05,23,2000,23.75
05,24,2000,23.75
05,25,2000,25.5
05,26,2000,25.25
05,27,2000,23.5
05,28,2000,24.25
05,29,2000,21.5
05,30,2000,21.75
05,31,2000,21.75
06,01,2000,23.0
06,02,2000,19.25
06,03,2000,22.0
06,04,2000,22.5
06,05,2000,22.25
06,06,2000,22.5
06,07,2000,21.0
06,08,2000,21.75
06,09,2000,20.5
06,10,2000,22.25
06,11,2000,23.25
06,12,2000,23.5
06,13,2000,21.0
06,14,2000,22.25
06,15,2000,18.25
06,16,2000,20.5
06,17,2000,21.75
06,18,2000,24.0
06,19,2000,23.25
06,20,2000,23.25
06,21,2000,20.75
06,22,2000,20.5
06,23,2000,21.5
06,24,2000,20.25
06,25,2000,22.25
06,26,2000,23.0
06,27,2000,23.25
06,28,2000,22.0
06,29,2000,22.0
06,30,2000,22.0
07,01,2000,23.0
07,02,2000,23.25
07,03,2000,22.75
07,04,2000,22.75
07,05,2000,19.25
07,06,2000,22.25
07,07,2000,19.5
07,08,2000,21.0
07,09,2000,22.5
07,10,2000,21.5
07,11,2000,21.25
07,12,2000,22.5
07,13,2000,21.25
07,14,2000,21.25
07,15,2000,22.5
07,16,2000,22.25
07,17,2000,22.5
07,18,2000,22.5
07,19,2000,20.75
07,20,2000,21.0
07,21,2000,20.5
07,22,2000,20.0
07,23,2000,21.0
07,24,2000,21.5
07,25,2000,21.75
07,26,2000,21.75
07,27,2000,22.25
07,28,2000,22.0
07,29,2000,20.5
07,30,2000,19.25
07,31,2000,22.0
08,01,2000,20.0
08,02,2000,20.5
08,03,2000,21.0
08,04,2000,21.5
08,05,2000,20.75
08,06,2000,21.75
08,07,2000,18.75
08,08,2000,22.5
08,09,2000,21.25
08,10,2000,20.0
08,11,2000,21.5
08,12,2000,22.25
08,13,2000,21.5
08,14,2000,20.25
08,15,2000,19.75
08,16,2000,21.0
08,17,2000,21.25
08,18,2000,20.25
08,19,2000,20.5
08,20,2000,20.75
08,21,2000,20.5
08,22,2000,20.75
08,23,2000,19.75
08,24,2000,19.75
08,25,2000,20.5
08,26,2000,21.0
08,27,2000,21.25
08,28,2000,21.25
08,29,2000,20.0
08,30,2000,20.0
08,31,2000,20.5
09,01,2000,22.5
09,02,2000,22.0
09,03,2000,22.0
09,04,2000,22.25
09,05,2000,21.5
09,06,2000,21.75
09,07,2000,21.25
09,08,2000,22.25
09,09,2000,17.5
09,10,2000,21.75
09,11,2000,23.25
09,12,2000,22.75
09,13,2000,21.75
09,14,2000,22.25
09,15,2000,22.25
09,16,2000,20.75
09,17,2000,19.75
09,18,2000,18.75
09,19,2000,19.5
09,20,2000,20.5
09,21,2000,20.25
09,22,2000,20.75
09,23,2000,21.25
09,24,2000,21.5
09,25,2000,22.25
09,26,2000,22.0
09,27,2000,21.0
09,28,2000,21.25
09,29,2000,22.5
09,30,2000,20.5
10,01,2000,null
10,02,2000,19.0
10,03,2000,20.0
10,04,2000,20.5
10,05,2000,21.0
10,06,2000,21.75
10,07,2000,19.75
10,08,2000,21.5
10,09,2000,21.25
10,10,2000,20.25
10,11,2000,20.5
10,12,2000,20.5
10,13,2000,21.0
10,14,2000,21.5
10,15,2000,19.75
10,16,2000,19.0
10,17,2000,19.25
10,18,2000,19.0
10,19,2000,19.0
10,20,2000,19.0
10,21,2000,18.75
10,22,2000,17.0
10,23,2000,17.25
10,24,2000,18.5
10,25,2000,19.0
10,26,2000,19.0
10,27,2000,19.5
10,28,2000,19.5
10,29,2000,17.75
10,30,2000,18.5
10,31,2000,19.0
11,01,2000,null
11,02,2000,17.25
11,03,2000,18.5
11,04,2000,18.75
11,05,2000,17.0
11,06,2000,18.25
11,07,2000,16.75
11,08,2000,13.5
11,09,2000,12.25
11,10,2000,13.0
11,11,2000,14.25
11,12,2000,14.5
11,13,2000,16.25
11,14,2000,18.25
11,15,2000,17.25
11,16,2000,17.5
11,17,2000,15.75
11,18,2000,17.25
11,19,2000,16.0
11,20,2000,17.25
11,21,2000,16.75
11,22,2000,16.75
11,23,2000,16.75
11,24,2000,16.0
11,25,2000,16.25
11,26,2000,14.5
11,27,2000,13.75
11,28,2000,12.75
11,29,2000,13.75
11,30,2000,15.5
12,01,2000,15.5
12,02,2000,15.5
12,03,2000,15.0
12,04,2000,15.75
12,05,2000,14.25
12,06,2000,14.25
12,07,2000,14.0
12,08,2000,14.25
12,09,2000,15.0
12,10,2000,14.5
12,11,2000,14.75
12,12,2000,15.5
12,13,2000,13.5
12,14,2000,15.0
12,15,2000,15.25
12,16,2000,14.75
12,17,2000,15.5
12,18,2000,14.25
12,19,2000,14.0
12,20,2000,11.0
12,21,2000,11.55
12,22,2000,13.25
12,23,2000,13.5
12,24,2000,14.0
12,25,2000,14.25
12,26,2000,12.75
12,27,2000,11.75
12,28,2000,10.25
12,29,2000,10.0
12,30,2000,13.5
12,31,2000,12.0
01,01,2001,12.75
01,02,2001,14.25
01,03,2001,14.0
01,04,2001,11.75
01,05,2001,15.0
01,06,2001,16.5
01,07,2001,16.0
01,08,2001,14.25
01,09,2001,14.0
01,10,2001,12.5
01,11,2001,15.25
01,12,2001,12.75
01,13,2001,13.75
01,14,2001,16.0
01,15,2001,15.75
01,16,2001,15.0
01,17,2001,14.0
01,18,2001,12.25
01,19,2001,11.0
01,20,2001,6.75
01,21,2001,9.5
01,22,2001,11.25
01,23,2001,13.0
01,24,2001,13.0
01,25,2001,13.0
01,26,2001,14.25
01,27,2001,14.75
01,28,2001,14.25
01,29,2001,12.75
01,30,2001,15.0
01,31,2001,14.75
02,01,2001,14.25
02,02,2001,14.75
02,03,2001,15.5
02,04,2001,14.5
02,05,2001,13.5
02,06,2001,13.75
02,07,2001,14.25
02,08,2001,13.75
02,09,2001,15.0
02,10,2001,17.25
02,11,2001,17.75
02,12,2001,18.0
02,13,2001,18.5
02,14,2001,18.5
02,15,2001,17.75
02,16,2001,16.5
02,17,2001,17.5
02,18,2001,18.25
02,19,2001,18.75
02,20,2001,18.5
02,21,2001,18.5
02,22,2001,18.5
02,23,2001,18.75
02,24,2001,15.5
02,25,2001,14.25
02,26,2001,15.25
02,27,2001,17.25
02,28,2001,17.0
03,01,2001,16.0
03,02,2001,15.5
03,03,2001,13.0
03,04,2001,11.0
03,05,2001,12.5
03,06,2001,13.0
03,07,2001,14.5
03,08,2001,16.5
03,09,2001,17.5
03,10,2001,14.5
03,11,2001,15.25
03,12,2001,13.75
03,13,2001,14.0
03,14,2001,17.25
03,15,2001,17.25
03,16,2001,14.25
03,17,2001,14.25
03,18,2001,15.5
03,19,2001,13.0
03,20,2001,14.25
03,21,2001,16.5
03,22,2001,17.25
03,23,2001,17.75
03,24,2001,18.75
03,25,2001,17.5
03,26,2001,17.25
03,27,2001,17.5
03,28,2001,15.5
03,29,2001,14.0
03,30,2001,15.0
03,31,2001,15.5
04,01,2001,17.25
04,02,2001,17.75
04,03,2001,18.5
04,04,2001,19.25
04,05,2001,21.25
04,06,2001,22.25
04,07,2001,22.5
04,08,2001,20.5
04,09,2001,21.0
04,10,2001,22.0
04,11,2001,21.0
04,12,2001,20.0
04,13,2001,20.75
04,14,2001,22.0
04,15,2001,24.5
04,16,2001,24.25
04,17,2001,25.0
04,18,2001,25.25
04,19,2001,24.0
04,20,2001,22.75
04,21,2001,23.75
04,22,2001,23.25
04,23,2001,21.75
04,24,2001,21.25
04,25,2001,23.5
04,26,2001,22.0
04,27,2001,19.25
04,28,2001,20.0
04,29,2001,19.25
04,30,2001,21.5
05,01,2001,21.25
05,02,2001,21.5
05,03,2001,22.0
05,04,2001,17.25
05,05,2001,20.25
05,06,2001,19.0
05,07,2001,20.5
05,08,2001,21.0
05,09,2001,20.5
05,10,2001,19.5
05,11,2001,19.0
05,12,2001,21.75
05,13,2001,21.0
05,14,2001,20.0
05,15,2001,19.25
05,16,2001,22.25
05,17,2001,21.75
05,18,2001,23.75
05,19,2001,24.25
05,20,2001,23.0
05,21,2001,23.25
05,22,2001,23.5
05,23,2001,23.5
05,24,2001,24.0
05,25,2001,22.5
05,26,2001,23.25
05,27,2001,24.25
05,28,2001,23.5
05,29,2001,25.0
05,30,2001,23.75
05,31,2001,25.0
06,01,2001,24.25
06,02,2001,22.25
06,03,2001,22.0
06,04,2001,22.75
06,05,2001,21.75
06,06,2001,22.0
06,07,2001,22.5
06,08,2001,23.75
06,09,2001,23.75
06,10,2001,22.5
06,11,2001,22.5
06,12,2001,22.25
06,13,2001,21.75
06,14,2001,22.75
06,15,2001,24.0
06,16,2001,23.5
06,17,2001,22.0
06,18,2001,21.25
06,19,2001,21.0
06,20,2001,21.5
06,21,2001,21.75
06,22,2001,22.25
06,23,2001,22.0
06,24,2001,22.25
06,25,2001,23.25
06,26,2001,23.0
06,27,2001,21.0
06,28,2001,20.25
06,29,2001,21.0
06,30,2001,21.25
07,01,2001,21.5
07,02,2001,23.0
07,03,2001,21.0
07,04,2001,20.0
07,05,2001,20.25
07,06,2001,22.0
07,07,2001,21.75
07,08,2001,21.5
07,09,2001,20.75
07,10,2001,21.75
07,11,2001,22.0
07,12,2001,23.5
07,13,2001,23.75
07,14,2001,23.5
07,15,2001,23.75
07,16,2001,21.5
07,17,2001,22.5
07,18,2001,22.5
07,19,2001,22.25
07,20,2001,24.0
07,21,2001,22.5
07,22,2001,21.5
07,23,2001,22.75
07,24,2001,22.75
07,25,2001,22.5
07,26,2001,20.5
07,27,2001,20.75
07,28,2001,21.75
07,29,2001,19.75
07,30,2001,21.5
07,31,2001,19.75
08,01,2001,19.25
08,02,2001,22.0
08,03,2001,22.0
08,04,2001,20.25
08,05,2001,22.0
08,06,2001,22.25
08,07,2001,20.5
08,08,2001,21.75
08,09,2001,22.5
08,10,2001,21.25
08,11,2001,21.75
08,12,2001,20.75
08,13,2001,20.5
08,14,2001,22.25
08,15,2001,21.5
08,16,2001,21.75
08,17,2001,23.0
08,18,2001,22.25
08,19,2001,22.75
08,20,2001,23.5
08,21,2001,24.5
08,22,2001,23.75
08,23,2001,23.25
08,24,2001,22.5
08,25,2001,22.5
08,26,2001,22.5
08,27,2001,23.0
08,28,2001,22.25
08,29,2001,18.5
08,30,2001,20.75
08,31,2001,21.0
09,01,2001,21.5
09,02,2001,21.25
09,03,2001,22.0
09,04,2001,22.75
09,05,2001,22.0
09,06,2001,21.75
09,07,2001,21.25
09,08,2001,19.75
09,09,2001,20.25
09,10,2001,20.5
09,11,2001,20.0
09,12,2001,21.25
09,13,2001,21.5
09,14,2001,20.75
09,15,2001,21.75
09,16,2001,21.25
09,17,2001,21.75
09,18,2001,21.5
09,19,2001,21.75
09,20,2001,21.75
09,21,2001,21.5
09,22,2001,22.5
09,23,2001,21.25
09,24,2001,20.25
09,25,2001,20.25
09,26,2001,18.25
09,27,2001,18.0
09,28,2001,19.25
09,29,2001,19.5
09,30,2001,19.25
10,01,2001,19.0
10,02,2001,17.5
10,03,2001,16.25
10,04,2001,15.5
10,05,2001,14.75
10,06,2001,18.0
10,07,2001,18.0
10,08,2001,19.5
10,09,2001,21.25
10,10,2001,21.25
10,11,2001,20.75
10,12,2001,20.75
10,13,2001,21.5
10,14,2001,19.5
10,15,2001,18.25
10,16,2001,19.0
10,17,2001,18.75
10,18,2001,16.5
10,19,2001,18.5
10,20,2001,18.25
10,21,2001,18.25
10,22,2001,18.75
10,23,2001,19.25
10,24,2001,19.0
10,25,2001,19.0
10,26,2001,20.0
10,27,2001,18.5
10,28,2001,17.5
10,29,2001,15.75
10,30,2001,15.25
10,31,2001,15.0
11,01,2001,15.75
11,02,2001,15.5
11,03,2001,16.75
11,04,2001,16.0
11,05,2001,16.75
11,06,2001,15.0
11,07,2001,16.5
11,08,2001,16.75
11,09,2001,16.25
11,10,2001,14.5
11,11,2001,15.25
11,12,2001,15.75
11,13,2001,15.25
11,14,2001,15.75
11,15,2001,16.0
11,16,2001,14.25
11,17,2001,16.0
11,18,2001,16.25
11,19,2001,16.5
11,20,2001,15.75
11,21,2001,14.75
11,22,2001,16.0
11,23,2001,12.5
11,24,2001,12.25
11,25,2001,13.25
11,26,2001,13.75
11,27,2001,13.25
11,28,2001,12.5
11,29,2001,11.75
11,30,2001,12.75
12,01,2001,12.75
12,02,2001,14.25
12,03,2001,17.25
12,04,2001,16.75
12,05,2001,15.5
12,06,2001,16.0
12,07,2001,16.25
12,08,2001,14.5
12,09,2001,14.0
12,10,2001,13.25
12,11,2001,14.0
12,12,2001,12.5
12,13,2001,16.25
12,14,2001,15.25
12,15,2001,13.75
12,16,2001,13.25
12,17,2001,12.5
12,18,2001,16.0
12,19,2001,16.0
12,20,2001,16.25
12,21,2001,16.75
12,22,2001,16.25
12,23,2001,14.5
12,24,2001,15.75
12,25,2001,13.75
12,26,2001,10.75
12,27,2001,9.75
12,28,2001,8.0
12,29,2001,9.5
12,30,2001,11.25
12,31,2001,10.75
01,01,2002,12.0
01,02,2002,12.5
01,03,2002,11.0
01,04,2002,11.25
01,05,2002,10.5
01,06,2002,11.75
01,07,2002,11.0
01,08,2002,11.75
01,09,2002,13.5
01,10,2002,12.75
01,11,2002,11.75
01,12,2002,11.25
01,13,2002,10.75
01,14,2002,10.25
01,15,2002,9.75
01,16,2002,11.75
01,17,2002,12.75
01,18,2002,14.0
01,19,2002,14.25
01,20,2002,16.0
01,21,2002,14.75
01,22,2002,15.75
01,23,2002,15.0
01,24,2002,13.5
01,25,2002,12.5
01,26,2002,14.25
01,27,2002,15.25
01,28,2002,15.75
01,29,2002,17.5
01,30,2002,17.0
01,31,2002,14.75
02,01,2002,15.5
02,02,2002,16.5
02,03,2002,17.0
02,04,2002,18.0
02,05,2002,14.75
02,06,2002,16.25
02,07,2002,12.5
02,08,2002,14.5
02,09,2002,14.5
02,10,2002,14.25
02,11,2002,14.0
02,12,2002,6.75
02,13,2002,10.0
02,14,2002,12.0
02,15,2002,13.75
02,16,2002,15.5
02,17,2002,16.75
02,18,2002,16.5
02,19,2002,15.75
02,20,2002,14.75
02,21,2002,15.0
02,22,2002,17.75
02,23,2002,12.25
02,24,2002,12.25
02,25,2002,14.0
02,26,2002,15.0
02,27,2002,15.5
02,28,2002,15.25
03,01,2002,13.25
03,02,2002,13.5
03,03,2002,12.5
03,04,2002,15.25
03,05,2002,15.0
03,06,2002,13.25
03,07,2002,15.25
03,08,2002,14.75
03,09,2002,14.5
03,10,2002,16.75
03,11,2002,18.25
03,12,2002,18.5
03,13,2002,19.25
03,14,2002,18.0
03,15,2002,15.75
03,16,2002,17.25
03,17,2002,18.0
03,18,2002,18.0
03,19,2002,18.75
03,20,2002,19.0
03,21,2002,18.0
03,22,2002,19.75
03,23,2002,20.0
03,24,2002,19.5
03,25,2002,18.0
03,26,2002,19.5
03,27,2002,19.75
03,28,2002,21.5
03,29,2002,22.0
03,30,2002,21.25
03,31,2002,19.25
04,01,2002,18.0
04,02,2002,19.0
04,03,2002,19.5
04,04,2002,20.5
04,05,2002,22.5
04,06,2002,23.75
04,07,2002,22.25
04,08,2002,17.25
04,09,2002,16.75
04,10,2002,18.25
04,11,2002,19.25
04,12,2002,19.25
04,13,2002,20.25
04,14,2002,21.0
04,15,2002,20.75
04,16,2002,20.5
04,17,2002,20.75
04,18,2002,21.25
04,19,2002,23.5
04,20,2002,24.0
04,21,2002,24.75
04,22,2002,24.0
04,23,2002,24.5
04,24,2002,24.0
04,25,2002,24.25
04,26,2002,23.5
04,27,2002,23.5
04,28,2002,23.5
04,29,2002,24.5
04,30,2002,24.75
05,01,2002,24.75
05,02,2002,24.25
05,03,2002,24.25
05,04,2002,25.0
05,05,2002,26.25
05,06,2002,25.5
05,07,2002,24.75
05,08,2002,24.25
05,09,2002,23.5
05,10,2002,25.0
05,11,2002,25.25
05,12,2002,26.25
05,13,2002,26.75
05,14,2002,26.5
05,15,2002,24.0
05,16,2002,22.75
05,17,2002,22.0
05,18,2002,21.5
05,19,2002,21.0
05,20,2002,21.0
05,21,2002,20.75
05,22,2002,21.25
05,23,2002,23.0
05,24,2002,23.0
05,25,2002,21.75
05,26,2002,22.75
05,27,2002,22.75
05,28,2002,24.25
05,29,2002,24.0
05,30,2002,24.5
05,31,2002,23.0
06,01,2002,23.0
06,02,2002,22.5
06,03,2002,24.5
06,04,2002,25.0
06,05,2002,25.0
06,06,2002,23.5
06,07,2002,20.75
06,08,2002,22.5
06,09,2002,22.0
06,10,2002,22.0
06,11,2002,22.25
06,12,2002,24.25
06,13,2002,22.75
06,14,2002,21.75
06,15,2002,22.0
06,16,2002,22.75
06,17,2002,23.75
06,18,2002,25.25
06,19,2002,24.0
06,20,2002,23.25
06,21,2002,23.0
06,22,2002,22.75
06,23,2002,23.5
06,24,2002,22.5
06,25,2002,23.5
06,26,2002,23.25
06,27,2002,23.0
06,28,2002,23.0
06,29,2002,21.75
06,30,2002,21.0
07,01,2002,22.75
07,02,2002,22.0
07,03,2002,22.25
07,04,2002,22.0
07,05,2002,21.75
07,06,2002,20.5
07,07,2002,22.0
07,08,2002,20.25
07,09,2002,20.75
07,10,2002,21.5
07,11,2002,22.0
07,12,2002,21.25
07,13,2002,20.5
07,14,2002,22.5
07,15,2002,22.25
07,16,2002,20.5
07,17,2002,19.75
07,18,2002,19.75
07,19,2002,20.5
07,20,2002,21.25
07,21,2002,21.0
07,22,2002,21.5
07,23,2002,20.5
07,24,2002,19.75
07,25,2002,21.25
07,26,2002,21.25
07,27,2002,22.5
07,28,2002,21.0
07,29,2002,21.25
07,30,2002,21.75
07,31,2002,21.5
08,01,2002,22.25
08,02,2002,21.75
08,03,2002,21.0
08,04,2002,20.75
08,05,2002,20.0
08,06,2002,19.5
08,07,2002,21.0
08,08,2002,21.75
08,09,2002,21.5
08,10,2002,21.0
08,11,2002,22.0
08,12,2002,23.0
08,13,2002,21.5
08,14,2002,21.5
08,15,2002,21.0
08,16,2002,20.75
08,17,2002,18.75
08,18,2002,21.75
08,19,2002,22.25
08,20,2002,21.25
08,21,2002,22.0
08,22,2002,21.0
08,23,2002,21.75
08,24,2002,21.5
08,25,2002,21.5
08,26,2002,22.5
08,27,2002,22.5
08,28,2002,22.25
08,29,2002,20.75
08,30,2002,20.25
08,31,2002,20.75
09,01,2002,20.0
09,02,2002,21.0
09,03,2002,21.5
09,04,2002,21.0
09,05,2002,21.25
09,06,2002,21.75
09,07,2002,21.25
09,08,2002,20.25
09,09,2002,22.0
09,10,2002,22.5
09,11,2002,21.75
09,12,2002,21.75
09,13,2002,20.5
09,14,2002,21.75
09,15,2002,22.75
09,16,2002,21.25
09,17,2002,20.5
09,18,2002,21.75
09,19,2002,21.75
09,20,2002,22.25
09,21,2002,21.0
09,22,2002,22.0
09,23,2002,19.5
09,24,2002,17.5
09,25,2002,18.25
09,26,2002,18.75
09,27,2002,18.25
09,28,2002,21.0
09,29,2002,22.0
09,30,2002,20.75
10,01,2002,19.0
10,02,2002,21.75
10,03,2002,21.5
10,04,2002,21.75
10,05,2002,20.0
10,06,2002,20.0
10,07,2002,19.0
10,08,2002,20.0
10,09,2002,19.75
10,10,2002,20.75
10,11,2002,20.5
10,12,2002,20.75
10,13,2002,21.25
10,14,2002,20.0
10,15,2002,18.75
10,16,2002,20.0
10,17,2002,19.25
10,18,2002,17.0
10,19,2002,16.75
10,20,2002,17.5
10,21,2002,17.0
10,22,2002,18.75
10,23,2002,19.25
10,24,2002,19.5
10,25,2002,18.25
10,26,2002,15.0
10,27,2002,18.5
10,28,2002,17.5
10,29,2002,19.0
10,30,2002,18.0
10,31,2002,18.25
11,01,2002,19.5
11,02,2002,20.5
11,03,2002,19.75
11,04,2002,18.5
11,05,2002,18.75
11,06,2002,19.0
11,07,2002,16.75
11,08,2002,16.25
11,09,2002,18.25
11,10,2002,18.25
11,11,2002,18.25
11,12,2002,18.0
11,13,2002,16.75
11,14,2002,16.0
11,15,2002,16.5
11,16,2002,17.0
11,17,2002,12.25
11,18,2002,12.4
11,19,2002,13.25
11,20,2002,14.5
11,21,2002,15.25
11,22,2002,11.75
11,23,2002,12.5
11,24,2002,12.5
11,25,2002,13.25
11,26,2002,12.75
11,27,2002,13.0
11,28,2002,12.0
11,29,2002,15.0
11,30,2002,16.75
12,01,2002,18.25
12,02,2002,17.5
12,03,2002,17.75
12,04,2002,15.0
12,05,2002,14.25
12,06,2002,14.0
12,07,2002,13.5
12,08,2002,16.5
12,09,2002,12.75
12,10,2002,12.25
12,11,2002,11.75
12,12,2002,11.5
12,13,2002,11.75
12,14,2002,11.5
12,15,2002,12.5
12,16,2002,12.45
12,17,2002,12.45
12,18,2002,12.25
12,19,2002,12.2
12,20,2002,12.45
12,21,2002,11.7
12,22,2002,11.95
12,23,2002,10.95
12,24,2002,10.5
12,25,2002,10.15
12,26,2002,8.7
12,27,2002,11.5
12,28,2002,13.0
12,29,2002,14.25
12,30,2002,13.5
12,31,2002,12.5
01,01,2003,12.75
01,02,2003,12.0
01,03,2003,13.75
01,04,2003,13.75
01,05,2003,13.0
01,06,2003,14.25
01,07,2003,14.75
01,08,2003,12.0
01,09,2003,14.75
01,10,2003,14.75
01,11,2003,16.5
01,12,2003,16.25
01,13,2003,15.0
01,14,2003,11.0
01,15,2003,13.25
01,16,2003,12.25
01,17,2003,12.0
01,18,2003,10.5
01,19,2003,11.75
01,20,2003,13.25
01,21,2003,14.25
01,22,2003,14.0
01,23,2003,14.5
01,24,2003,13.75
01,25,2003,13.75
01,26,2003,13.75
01,27,2003,14.5
01,28,2003,11.25
01,29,2003,15.25
01,30,2003,13.25
01,31,2003,14.25
02,01,2003,14.5
02,02,2003,14.75
02,03,2003,13.5
02,04,2003,13.5
02,05,2003,14.0
02,06,2003,13.75
02,07,2003,15.0
02,08,2003,12.35
02,09,2003,14.75
02,10,2003,14.5
02,11,2003,17.0
02,12,2003,17.5
02,13,2003,18.5
02,14,2003,17.75
02,15,2003,15.75
02,16,2003,15.25
02,17,2003,14.0
02,18,2003,16.0
02,19,2003,16.0
02,20,2003,16.0
02,21,2003,14.25
02,22,2003,13.0
02,23,2003,12.75
02,24,2003,12.75
02,25,2003,14.0
02,26,2003,15.25
02,27,2003,15.25
02,28,2003,15.25
03,01,2003,14.75
03,02,2003,15.5
03,03,2003,16.0
03,04,2003,16.5
03,05,2003,16.5
03,06,2003,16.5
03,07,2003,16.0
03,08,2003,18.0
03,09,2003,18.25
03,10,2003,19.0
03,11,2003,20.75
03,12,2003,20.75
03,13,2003,18.75
03,14,2003,19.0
03,15,2003,19.0
03,16,2003,16.5
03,17,2003,14.5
03,18,2003,14.25
03,19,2003,15.5
03,20,2003,12.5
03,21,2003,12.0
03,22,2003,13.75
03,23,2003,15.0
03,24,2003,15.5
03,25,2003,17.25
03,26,2003,16.5
03,27,2003,14.75
03,28,2003,16.5
03,29,2003,15.75
03,30,2003,16.75
03,31,2003,14.0
04,01,2003,18.25
04,02,2003,18.25
04,03,2003,18.75
04,04,2003,20.0
04,05,2003,20.25
04,06,2003,22.0
04,07,2003,20.5
04,08,2003,20.75
04,09,2003,21.75
04,10,2003,19.75
04,11,2003,20.25
04,12,2003,19.25
04,13,2003,19.0
04,14,2003,19.25
04,15,2003,20.0
04,16,2003,21.25
04,17,2003,21.25
04,18,2003,22.0
04,19,2003,23.0
04,20,2003,20.75
04,21,2003,21.5
04,22,2003,22.5
04,23,2003,21.25
04,24,2003,20.0
04,25,2003,20.25
04,26,2003,20.0
04,27,2003,20.25
04,28,2003,21.0
04,29,2003,21.25
04,30,2003,21.25
05,01,2003,22.75
05,02,2003,21.75
05,03,2003,23.0
05,04,2003,24.75
05,05,2003,22.5
05,06,2003,24.0
05,07,2003,22.25
05,08,2003,23.25
05,09,2003,24.0
05,10,2003,23.75
05,11,2003,24.25
05,12,2003,25.5
05,13,2003,25.75
05,14,2003,24.5
05,15,2003,23.5
05,16,2003,24.0
05,17,2003,24.75
05,18,2003,25.75
05,19,2003,25.5
05,20,2003,25.5
05,21,2003,25.0
05,22,2003,24.25
05,23,2003,24.0
05,24,2003,24.25
05,25,2003,23.0
05,26,2003,23.75
05,27,2003,23.5
05,28,2003,21.25
05,29,2003,21.5
05,30,2003,21.75
05,31,2003,22.5
06,01,2003,23.25
06,02,2003,24.0
06,03,2003,24.75
06,04,2003,24.5
06,05,2003,23.5
06,06,2003,21.75
06,07,2003,22.0
06,08,2003,23.5
06,09,2003,23.75
06,10,2003,25.0
06,11,2003,22.0
06,12,2003,23.5
06,13,2003,22.25
06,14,2003,23.75
06,15,2003,22.5
06,16,2003,22.75
06,17,2003,23.5
06,18,2003,21.5
06,19,2003,23.0
06,20,2003,23.75
06,21,2003,23.5
06,22,2003,24.25
06,23,2003,24.0
06,24,2003,23.5
06,25,2003,22.25
06,26,2003,23.5
06,27,2003,23.0
06,28,2003,22.5
06,29,2003,22.5
06,30,2003,23.0
07,01,2003,20.75
07,02,2003,20.25
07,03,2003,20.75
07,04,2003,21.25
07,05,2003,20.5
07,06,2003,20.25
07,07,2003,19.5
07,08,2003,20.75
07,09,2003,22.0
07,10,2003,20.5
07,11,2003,21.5
07,12,2003,20.25
07,13,2003,20.75
07,14,2003,21.25
07,15,2003,20.5
07,16,2003,20.75
07,17,2003,21.75
07,18,2003,21.25
07,19,2003,21.75
07,20,2003,20.0
07,21,2003,20.0
07,22,2003,21.25
07,23,2003,21.75
07,24,2003,22.5
07,25,2003,16.5
07,26,2003,20.5
07,27,2003,20.5
07,28,2003,21.0
07,29,2003,20.25
07,30,2003,19.75
07,31,2003,20.5
08,01,2003,20.5
08,02,2003,21.25
08,03,2003,21.5
08,04,2003,22.0
08,05,2003,22.0
08,06,2003,21.25
08,07,2003,20.75
08,08,2003,20.25
08,09,2003,21.5
08,10,2003,21.75
08,11,2003,22.0
08,12,2003,22.75
08,13,2003,21.75
08,14,2003,20.75
08,15,2003,20.75
08,16,2003,22.0
08,17,2003,20.0
08,18,2003,20.25
08,19,2003,20.5
08,20,2003,21.25
08,21,2003,21.5
08,22,2003,19.25
08,23,2003,18.0
08,24,2003,19.0
08,25,2003,21.0
08,26,2003,20.25
08,27,2003,19.75
08,28,2003,20.75
08,29,2003,21.75
08,30,2003,22.0
08,31,2003,22.25
09,01,2003,22.0
09,02,2003,22.0
09,03,2003,22.0
09,04,2003,22.0
09,05,2003,21.5
09,06,2003,20.0
09,07,2003,20.75
09,08,2003,21.0
09,09,2003,20.25
09,10,2003,21.25
09,11,2003,20.5
09,12,2003,20.25
09,13,2003,21.5
09,14,2003,20.0
09,15,2003,21.0
09,16,2003,21.0
09,17,2003,20.25
09,18,2003,21.75
09,19,2003,21.5
09,20,2003,22.0
09,21,2003,21.0
09,22,2003,21.5
09,23,2003,21.25
09,24,2003,23.0
09,25,2003,22.75
09,26,2003,21.5
09,27,2003,19.75
09,28,2003,20.0
09,29,2003,18.25
09,30,2003,18.0
10,01,2003,19.5
10,02,2003,19.75
10,03,2003,18.25
10,04,2003,19.75
10,05,2003,21.0
10,06,2003,20.25
10,07,2003,20.0
10,08,2003,19.0
10,09,2003,20.0
10,10,2003,20.75
10,11,2003,18.75
10,12,2003,21.25
10,13,2003,21.0
10,14,2003,21.0
10,15,2003,18.75
10,16,2003,19.75
10,17,2003,20.25
10,18,2003,19.5
10,19,2003,18.75
10,20,2003,18.0
10,21,2003,17.5
10,22,2003,16.0
10,23,2003,16.75
10,24,2003,18.25
10,25,2003,17.5
10,26,2003,17.75
10,27,2003,18.5
10,28,2003,17.0
10,29,2003,14.5
10,30,2003,16.0
10,31,2003,16.25
11,01,2003,17.75
11,02,2003,19.0
11,03,2003,19.0
11,04,2003,19.0
11,05,2003,19.75
11,06,2003,20.25
11,07,2003,20.0
11,08,2003,19.5
11,09,2003,18.0
11,10,2003,17.75
11,11,2003,18.0
11,12,2003,18.5
11,13,2003,19.5
11,14,2003,16.5
11,15,2003,17.75
11,16,2003,17.25
11,17,2003,16.25
11,18,2003,14.75
11,19,2003,17.0
11,20,2003,16.5
11,21,2003,19.0
11,22,2003,17.0
11,23,2003,15.75
11,24,2003,14.25
11,25,2003,15.25
11,26,2003,14.0
11,27,2003,14.75
11,28,2003,15.25
11,29,2003,14.0
11,30,2003,14.25
12,01,2003,15.0
12,02,2003,15.0
12,03,2003,14.5
12,04,2003,13.75
12,05,2003,14.25
12,06,2003,14.25
12,07,2003,13.25
12,08,2003,13.5
12,09,2003,12.1
12,10,2003,13.0
12,11,2003,13.25
12,12,2003,12.75
12,13,2003,15.25
12,14,2003,9.75
12,15,2003,12.2
12,16,2003,10.75
12,17,2003,11.7
12,18,2003,12.5
12,19,2003,12.7
12,20,2003,11.1
12,21,2003,12.35
12,22,2003,12.0
12,23,2003,13.4
12,24,2003,13.2
12,25,2003,11.5
12,26,2003,13.0
12,27,2003,12.75
12,28,2003,12.75
12,29,2003,12.25
12,30,2003,12.5
12,31,2003,11.95
01,01,2004,12.5
01,02,2004,11.25
01,03,2004,14.0
01,04,2004,15.0
01,05,2004,13.75
01,06,2004,14.5
01,07,2004,14.75
01,08,2004,13.75
01,09,2004,14.75
01,10,2004,15.5
01,11,2004,18.25
01,12,2004,13.0
01,13,2004,12.75
01,14,2004,15.0
01,15,2004,11.75
01,16,2004,13.25
01,17,2004,12.25
01,18,2004,10.0
01,19,2004,9.2
01,20,2004,10.0
01,21,2004,9.45
01,22,2004,11.5
01,23,2004,11.25
01,24,2004,13.0
01,25,2004,9.0
01,26,2004,10.5
01,27,2004,11.0
01,28,2004,11.5
01,29,2004,10.45
01,30,2004,9.25
01,31,2004,9.5
02,01,2004,9.45
02,02,2004,10.45
02,03,2004,12.45
02,04,2004,11.25
02,05,2004,11.25
02,06,2004,11.75
02,07,2004,13.25
02,08,2004,13.5
02,09,2004,14.75
02,10,2004,14.25
02,11,2004,13.75
02,12,2004,15.25
02,13,2004,15.25
02,14,2004,14.25
02,15,2004,12.0
02,16,2004,11.5
02,17,2004,10.75
02,18,2004,14.45
02,19,2004,13.25
02,20,2004,14.0
02,21,2004,13.25
02,22,2004,13.25
02,23,2004,12.5
02,24,2004,11.25
02,25,2004,10.25
02,26,2004,11.7
02,27,2004,10.25
02,28,2004,14.0
02,29,2004,13.5
03,01,2004,13.25
03,02,2004,13.0
03,03,2004,15.5
03,04,2004,16.0
03,05,2004,16.0
03,06,2004,14.75
03,07,2004,17.0
03,08,2004,19.5
03,09,2004,20.0
03,10,2004,18.25
03,11,2004,19.25
03,12,2004,18.0
03,13,2004,16.75
03,14,2004,14.25
03,15,2004,13.5
03,16,2004,14.25
03,17,2004,15.75
03,18,2004,17.5
03,19,2004,19.25
03,20,2004,19.25
03,21,2004,19.5
03,22,2004,20.25
03,23,2004,18.5
03,24,2004,19.25
03,25,2004,18.0
03,26,2004,18.5
03,27,2004,19.5
03,28,2004,19.75
03,29,2004,19.75
03,30,2004,19.0
03,31,2004,16.5
04,01,2004,16.0
04,02,2004,15.75
04,03,2004,15.75
04,04,2004,15.75
04,05,2004,16.75
04,06,2004,15.25
04,07,2004,15.25
04,08,2004,14.75
04,09,2004,17.25
04,10,2004,16.25
04,11,2004,15.0
04,12,2004,14.75
04,13,2004,14.0
04,14,2004,15.75
04,15,2004,17.75
04,16,2004,19.25
04,17,2004,21.75
04,18,2004,22.0
04,19,2004,22.25
04,20,2004,23.0
04,21,2004,22.5
04,22,2004,22.0
04,23,2004,20.5
04,24,2004,21.0
04,25,2004,19.25
04,26,2004,18.75
04,27,2004,18.0
04,28,2004,17.5
04,29,2004,18.25
04,30,2004,17.75
05,01,2004,17.75
05,02,2004,18.25
05,03,2004,17.25
05,04,2004,17.75
05,05,2004,19.0
05,06,2004,19.5
05,07,2004,19.25
05,08,2004,20.5
05,09,2004,21.5
05,10,2004,22.25
05,11,2004,20.75
05,12,2004,21.5
05,13,2004,20.25
05,14,2004,22.0
05,15,2004,21.0
05,16,2004,22.0
05,17,2004,22.5
05,18,2004,22.75
05,19,2004,21.75
05,20,2004,23.5
05,21,2004,22.5
05,22,2004,23.25
05,23,2004,23.75
05,24,2004,24.5
05,25,2004,23.75
05,26,2004,23.5
05,27,2004,24.75
05,28,2004,24.5
05,29,2004,26.0
05,30,2004,23.5
05,31,2004,24.25
06,01,2004,23.5
06,02,2004,23.75
06,03,2004,22.5
06,04,2004,21.5
06,05,2004,20.75
06,06,2004,20.75
06,07,2004,21.0
06,08,2004,20.5
06,09,2004,19.25
06,10,2004,22.5
06,11,2004,23.25
06,12,2004,23.75
06,13,2004,24.0
06,14,2004,24.0
06,15,2004,21.0
06,16,2004,22.0
06,17,2004,20.75
06,18,2004,20.75
06,19,2004,20.75
06,20,2004,21.25
06,21,2004,21.0
06,22,2004,19.0
06,23,2004,21.0
06,24,2004,23.0
06,25,2004,21.5
06,26,2004,22.5
06,27,2004,21.25
06,28,2004,20.25
06,29,2004,19.75
06,30,2004,20.25
07,01,2004,21.75
07,02,2004,19.25
07,03,2004,20.5
07,04,2004,21.75
07,05,2004,22.25
07,06,2004,22.75
07,07,2004,21.0
07,08,2004,21.75
07,09,2004,21.5
07,10,2004,22.25
07,11,2004,20.75
07,12,2004,19.75
07,13,2004,19.0
07,14,2004,19.25
07,15,2004,19.5
07,16,2004,21.0
07,17,2004,22.25
07,18,2004,21.25
07,19,2004,21.5
07,20,2004,22.75
07,21,2004,21.0
07,22,2004,20.75
07,23,2004,17.75
07,24,2004,19.5
07,25,2004,19.25
07,26,2004,17.25
07,27,2004,20.25
07,28,2004,20.5
07,29,2004,20.0
07,30,2004,21.25
07,31,2004,20.5
08,01,2004,20.25
08,02,2004,22.5
08,03,2004,21.25
08,04,2004,22.25
08,05,2004,22.5
08,06,2004,21.5
08,07,2004,21.5
08,08,2004,22.0
08,09,2004,22.0
08,10,2004,22.75
08,11,2004,22.5
08,12,2004,22.0
08,13,2004,21.25
08,14,2004,22.25
08,15,2004,19.5
08,16,2004,19.5
08,17,2004,21.25
08,18,2004,21.0
08,19,2004,22.0
08,20,2004,22.5
08,21,2004,21.5
08,22,2004,21.5
08,23,2004,19.0
08,24,2004,19.75
08,25,2004,22.5
08,26,2004,21.25
08,27,2004,22.5
08,28,2004,22.0
08,29,2004,21.75
08,30,2004,21.75
08,31,2004,21.0
09,01,2004,21.5
09,02,2004,21.0
09,03,2004,20.75
09,04,2004,19.25
09,05,2004,20.25
09,06,2004,20.5
09,07,2004,20.5
09,08,2004,20.25
09,09,2004,21.25
09,10,2004,20.5
09,11,2004,19.75
09,12,2004,19.5
09,13,2004,20.0
09,14,2004,21.25
09,15,2004,22.0
09,16,2004,22.0
09,17,2004,22.0
09,18,2004,21.0
09,19,2004,20.75
09,20,2004,22.25
09,21,2004,22.5
09,22,2004,20.5
09,23,2004,20.75
09,24,2004,21.75
09,25,2004,17.5
09,26,2004,18.25
09,27,2004,19.0
09,28,2004,19.75
09,29,2004,20.5
09,30,2004,21.5
10,01,2004,23.0
10,02,2004,21.5
10,03,2004,20.75
10,04,2004,19.5
10,05,2004,19.0
10,06,2004,18.5
10,07,2004,19.75
10,08,2004,20.75
10,09,2004,19.75
10,10,2004,20.5
10,11,2004,21.5
10,12,2004,19.5
10,13,2004,20.0
10,14,2004,20.5
10,15,2004,20.25
10,16,2004,19.75
10,17,2004,18.75
10,18,2004,19.0
10,19,2004,18.5
10,20,2004,19.0
10,21,2004,19.75
10,22,2004,21.0
10,23,2004,20.25
10,24,2004,20.0
10,25,2004,20.75
10,26,2004,19.5
10,27,2004,19.5
10,28,2004,19.5
10,29,2004,20.0
10,30,2004,21.25
10,31,2004,20.5
11,01,2004,18.5
11,02,2004,17.25
11,03,2004,17.25
11,04,2004,15.25
11,05,2004,15.75
11,06,2004,15.75
11,07,2004,16.25
11,08,2004,15.0
11,09,2004,16.0
11,10,2004,16.25
11,11,2004,16.75
11,12,2004,18.0
11,13,2004,16.75
11,14,2004,16.25
11,15,2004,15.75
11,16,2004,15.75
11,17,2004,16.0
11,18,2004,16.25
11,19,2004,16.0
11,20,2004,14.75
11,21,2004,15.0
11,22,2004,15.75
11,23,2004,15.0
11,24,2004,13.0
11,25,2004,14.75
11,26,2004,13.25
11,27,2004,13.75
11,28,2004,17.0
11,29,2004,16.75
11,30,2004,15.75
12,01,2004,17.25
12,02,2004,17.75
12,03,2004,18.25
12,04,2004,19.25
12,05,2004,17.25
12,06,2004,16.25
12,07,2004,14.75
12,08,2004,18.5
12,09,2004,15.0
12,10,2004,17.0
12,11,2004,14.75
12,12,2004,15.0
12,13,2004,15.25
12,14,2004,15.25
12,15,2004,12.0
12,16,2004,12.25
12,17,2004,14.0
12,18,2004,13.25
12,19,2004,12.5
12,20,2004,9.75
12,21,2004,11.25
12,22,2004,12.25
12,23,2004,11.5
12,24,2004,11.25
12,25,2004,12.0
12,26,2004,10.8
12,27,2004,12.35
12,28,2004,12.1
12,29,2004,13.5
12,30,2004,14.25
12,31,2004,15.5
01,01,2005,14.5
01,02,2005,15.0
01,03,2005,15.25
01,04,2005,17.25
01,05,2005,15.75
01,06,2005,15.25
01,07,2005,13.25
01,08,2005,15.25
01,09,2005,16.5
01,10,2005,15.5
01,11,2005,15.25
01,12,2005,16.75
01,13,2005,13.5
01,14,2005,12.25
01,15,2005,12.75
01,16,2005,13.0
01,17,2005,12.75
01,18,2005,12.25
01,19,2005,13.25
01,20,2005,12.5
01,21,2005,14.0
01,22,2005,13.25
01,23,2005,14.25
01,24,2005,13.0
01,25,2005,13.75
01,26,2005,15.25
01,27,2005,15.0
01,28,2005,16.0
01,29,2005,13.75
01,30,2005,14.75
01,31,2005,14.0
02,01,2005,14.25
02,02,2005,15.0
02,03,2005,15.75
02,04,2005,11.0
02,05,2005,9.5
02,06,2005,13.5
02,07,2005,13.0
02,08,2005,14.5
02,09,2005,17.0
02,10,2005,18.25
02,11,2005,18.5
02,12,2005,16.5
02,13,2005,17.75
02,14,2005,17.0
02,15,2005,17.25
02,16,2005,17.75
02,17,2005,17.75
02,18,2005,18.0
02,19,2005,18.0
02,20,2005,17.0
02,21,2005,16.75
02,22,2005,18.5
02,23,2005,17.25
02,24,2005,15.75
02,25,2005,12.5
02,26,2005,11.75
02,27,2005,12.0
02,28,2005,12.0
03,01,2005,12.0
03,02,2005,12.5
03,03,2005,13.0
03,04,2005,14.0
03,05,2005,12.5
03,06,2005,13.5
03,07,2005,14.75
03,08,2005,15.75
03,09,2005,13.25
03,10,2005,11.75
03,11,2005,15.25
03,12,2005,16.5
03,13,2005,14.75
03,14,2005,14.5
03,15,2005,14.25
03,16,2005,14.25
03,17,2005,15.5
03,18,2005,12.2
03,19,2005,13.0
03,20,2005,14.5
03,21,2005,15.75
03,22,2005,15.5
03,23,2005,17.0
03,24,2005,16.5
03,25,2005,15.75
03,26,2005,16.5
03,27,2005,16.75
03,28,2005,15.5
03,29,2005,16.75
03,30,2005,16.0
03,31,2005,16.0
04,01,2005,16.25
04,02,2005,15.25
04,03,2005,17.75
04,04,2005,18.75
04,05,2005,19.5
04,06,2005,18.25
04,07,2005,19.75
04,08,2005,20.25
04,09,2005,20.25
04,10,2005,18.5
04,11,2005,17.25
04,12,2005,17.25
04,13,2005,18.5
04,14,2005,19.0
04,15,2005,20.25
04,16,2005,22.25
04,17,2005,21.25
04,18,2005,21.0
04,19,2005,20.5
04,20,2005,21.25
04,21,2005,22.5
04,22,2005,23.25
04,23,2005,23.0
04,24,2005,23.5
04,25,2005,21.5
04,26,2005,19.75
04,27,2005,18.0
04,28,2005,18.25
04,29,2005,19.25
04,30,2005,20.25
05,01,2005,21.25
05,02,2005,19.0
05,03,2005,18.75
05,04,2005,18.0
05,05,2005,18.0
05,06,2005,18.75
05,07,2005,18.75
05,08,2005,18.25
05,09,2005,18.0
05,10,2005,18.75
05,11,2005,20.0
05,12,2005,20.75
05,13,2005,21.0
05,14,2005,20.5
05,15,2005,20.75
05,16,2005,19.5
05,17,2005,19.0
05,18,2005,20.75
05,19,2005,20.5
05,20,2005,22.0
05,21,2005,22.75
05,22,2005,20.5
05,23,2005,24.0
05,24,2005,24.75
05,25,2005,24.0
05,26,2005,24.25
05,27,2005,23.5
05,28,2005,24.5
05,29,2005,22.25
05,30,2005,21.25
05,31,2005,21.5
06,01,2005,23.25
06,02,2005,24.25
06,03,2005,24.25
06,04,2005,24.0
06,05,2005,23.75
06,06,2005,24.0
06,07,2005,24.25
06,08,2005,24.75
06,09,2005,24.5
06,10,2005,25.5
06,11,2005,23.25
06,12,2005,22.0
06,13,2005,20.25
06,14,2005,22.0
06,15,2005,23.0
06,16,2005,23.5
06,17,2005,24.0
06,18,2005,25.25
06,19,2005,23.75
06,20,2005,25.25
06,21,2005,23.75
06,22,2005,23.0
06,23,2005,21.75
06,24,2005,23.75
06,25,2005,24.25
06,26,2005,22.25
06,27,2005,23.0
06,28,2005,23.0
06,29,2005,23.5
06,30,2005,23.25
07,01,2005,23.5
07,02,2005,23.0
07,03,2005,22.75
07,04,2005,24.5
07,05,2005,24.25
07,06,2005,24.25
07,07,2005,22.25
07,08,2005,23.0
07,09,2005,23.5
07,10,2005,23.0
07,11,2005,22.25
07,12,2005,22.75
07,13,2005,22.25
07,14,2005,21.5
07,15,2005,23.5
07,16,2005,24.75
07,17,2005,24.5
07,18,2005,23.75
07,19,2005,22.75
07,20,2005,22.5
07,21,2005,23.75
07,22,2005,23.25
07,23,2005,21.75
07,24,2005,22.5
07,25,2005,22.75
07,26,2005,21.5
07,27,2005,21.5
07,28,2005,22.25
07,29,2005,21.5
07,30,2005,21.75
07,31,2005,22.0
08,01,2005,21.25
08,02,2005,20.75
08,03,2005,20.0
08,04,2005,20.0
08,05,2005,21.75
08,06,2005,20.75
08,07,2005,20.0
08,08,2005,19.25
08,09,2005,19.5
08,10,2005,20.5
08,11,2005,21.0
08,12,2005,19.75
08,13,2005,20.25
08,14,2005,22.25
08,15,2005,22.25
08,16,2005,21.5
08,17,2005,20.5
08,18,2005,20.25
08,19,2005,21.75
08,20,2005,21.75
08,21,2005,21.75
08,22,2005,21.5
08,23,2005,21.75
08,24,2005,21.5
08,25,2005,22.25
08,26,2005,20.0
08,27,2005,22.5
08,28,2005,23.0
08,29,2005,23.25
08,30,2005,21.5
08,31,2005,21.25
09,01,2005,20.75
09,02,2005,20.75
09,03,2005,21.25
09,04,2005,20.75
09,05,2005,21.0
09,06,2005,20.75
09,07,2005,21.25
09,08,2005,21.25
09,09,2005,19.5
09,10,2005,21.25
09,11,2005,21.5
09,12,2005,21.0
09,13,2005,21.25
09,14,2005,21.25
09,15,2005,21.75
09,16,2005,21.75
09,17,2005,21.75
09,18,2005,21.25
09,19,2005,21.25
09,20,2005,20.75
09,21,2005,20.75
09,22,2005,21.75
09,23,2005,19.75
09,24,2005,20.25
09,25,2005,20.25
09,26,2005,20.75
09,27,2005,21.75
09,28,2005,21.75
09,29,2005,20.75
09,30,2005,21.0
10,01,2005,20.0
10,02,2005,21.5
10,03,2005,19.0
10,04,2005,20.75
10,05,2005,21.25
10,06,2005,19.75
10,07,2005,22.5
10,08,2005,19.25
10,09,2005,18.75
10,10,2005,18.25
10,11,2005,21.5
10,12,2005,20.25
10,13,2005,20.5
10,14,2005,18.75
10,15,2005,17.75
10,16,2005,19.25
10,17,2005,20.5
10,18,2005,20.5
10,19,2005,20.25
10,20,2005,20.5
10,21,2005,21.25
10,22,2005,21.0
10,23,2005,20.25
10,24,2005,19.75
10,25,2005,20.25
10,26,2005,20.25
10,27,2005,17.0
10,28,2005,15.5
10,29,2005,16.25
10,30,2005,16.75
10,31,2005,17.75
11,01,2005,17.25
11,02,2005,17.5
11,03,2005,17.5
11,04,2005,16.5
11,05,2005,16.25
11,06,2005,17.25
11,07,2005,18.25
11,08,2005,17.0
11,09,2005,17.25
11,10,2005,19.0
11,11,2005,19.0
11,12,2005,20.5
11,13,2005,19.75
11,14,2005,20.25
11,15,2005,19.75
11,16,2005,18.25
11,17,2005,18.5
11,18,2005,17.75
11,19,2005,18.0
11,20,2005,17.0
11,21,2005,16.25
11,22,2005,15.75
11,23,2005,14.5
11,24,2005,14.0
11,25,2005,14.0
11,26,2005,15.5
11,27,2005,13.0
11,28,2005,11.75
11,29,2005,13.25
11,30,2005,13.5
12,01,2005,14.0
12,02,2005,13.75
12,03,2005,14.25
12,04,2005,14.25
12,05,2005,14.75
12,06,2005,16.0
12,07,2005,14.5
12,08,2005,19.25
12,09,2005,13.5
12,10,2005,14.0
12,11,2005,15.0
12,12,2005,14.5
12,13,2005,15.5
12,14,2005,18.0
12,15,2005,15.25
12,16,2005,13.5
12,17,2005,10.5
12,18,2005,10.5
12,19,2005,11.25
12,20,2005,14.0
12,21,2005,14.25
12,22,2005,14.0
12,23,2005,14.0
12,24,2005,13.0
12,25,2005,13.25
12,26,2005,13.75
12,27,2005,13.75
12,28,2005,13.0
12,29,2005,14.5
12,30,2005,13.0
12,31,2005,13.5
01,01,2006,13.5
01,02,2006,12.25
01,03,2006,12.75
01,04,2006,15.0
01,05,2006,14.75
01,06,2006,14.75
01,07,2006,11.0
01,08,2006,11.25
01,09,2006,11.75
01,10,2006,12.75
01,11,2006,12.5
01,12,2006,13.0
01,13,2006,12.25
01,14,2006,14.25
01,15,2006,15.5
01,16,2006,15.0
01,17,2006,13.25
01,18,2006,11.5
01,19,2006,10.75
01,20,2006,10.5
01,21,2006,12.75
01,22,2006,13.75
01,23,2006,13.75
01,24,2006,14.5
01,25,2006,15.5
01,26,2006,18.5
01,27,2006,14.5
01,28,2006,15.25
01,29,2006,13.25
01,30,2006,17.5
01,31,2006,17.25
02,01,2006,15.25
02,02,2006,12.75
02,03,2006,13.0
02,04,2006,14.75
02,05,2006,14.5
02,06,2006,14.5
02,07,2006,14.75
02,08,2006,16.0
02,09,2006,16.25
02,10,2006,16.75
02,11,2006,14.75
02,12,2006,15.75
02,13,2006,16.25
02,14,2006,14.75
02,15,2006,16.25
02,16,2006,17.75
02,17,2006,18.0
02,18,2006,18.5
02,19,2006,19.5
02,20,2006,19.5
02,21,2006,19.0
02,22,2006,17.75
02,23,2006,16.75
02,24,2006,17.0
02,25,2006,17.0
02,26,2006,17.5
02,27,2006,18.5
02,28,2006,17.75
03,01,2006,18.75
03,02,2006,18.0
03,03,2006,18.75
03,04,2006,19.75
03,05,2006,19.25
03,06,2006,19.75
03,07,2006,21.25
03,08,2006,20.75
03,09,2006,18.0
03,10,2006,15.5
03,11,2006,15.25
03,12,2006,14.75
03,13,2006,15.75
03,14,2006,18.25
03,15,2006,19.75
03,16,2006,19.75
03,17,2006,20.5
03,18,2006,20.25
03,19,2006,19.25
03,20,2006,16.5
03,21,2006,13.75
03,22,2006,15.5
03,23,2006,17.0
03,24,2006,16.25
03,25,2006,18.0
03,26,2006,17.75
03,27,2006,16.5
03,28,2006,17.0
03,29,2006,17.75
03,30,2006,18.0
03,31,2006,17.25
04,01,2006,18.0
04,02,2006,19.25
04,03,2006,19.75
04,04,2006,19.0
04,05,2006,20.75
04,06,2006,21.25
04,07,2006,20.0
04,08,2006,20.0
04,09,2006,19.25
04,10,2006,20.0
04,11,2006,20.5
04,12,2006,21.25
04,13,2006,22.25
04,14,2006,21.5
04,15,2006,21.5
04,16,2006,22.25
04,17,2006,22.5
04,18,2006,22.75
04,19,2006,23.0
04,20,2006,23.5
04,21,2006,23.0
04,22,2006,22.0
04,23,2006,23.25
04,24,2006,22.25
04,25,2006,21.25
04,26,2006,23.25
04,27,2006,22.75
04,28,2006,22.0
04,29,2006,21.0
04,30,2006,21.0
05,01,2006,20.75
05,02,2006,21.5
05,03,2006,22.5
05,04,2006,21.5
05,05,2006,20.5
05,06,2006,20.0
05,07,2006,21.0
05,08,2006,21.5
05,09,2006,22.25
05,10,2006,22.0
05,11,2006,23.0
05,12,2006,23.25
05,13,2006,23.0
05,14,2006,23.25
05,15,2006,24.0
05,16,2006,23.25
05,17,2006,23.25
05,18,2006,20.5
05,19,2006,19.25
05,20,2006,19.75
05,21,2006,19.75
05,22,2006,20.75
05,23,2006,22.75
05,24,2006,23.75
05,25,2006,24.75
05,26,2006,22.75
05,27,2006,21.75
05,28,2006,22.75
05,29,2006,23.75
05,30,2006,22.75
05,31,2006,23.0
06,01,2006,22.5
06,02,2006,22.0
06,03,2006,21.75
06,04,2006,21.25
06,05,2006,21.0
06,06,2006,22.5
06,07,2006,21.75
06,08,2006,22.25
06,09,2006,21.75
06,10,2006,22.0
06,11,2006,24.0
06,12,2006,25.25
06,13,2006,25.5
06,14,2006,24.75
06,15,2006,23.25
06,16,2006,23.0
06,17,2006,24.5
06,18,2006,25.0
06,19,2006,23.5
06,20,2006,23.5
06,21,2006,23.0
06,22,2006,23.25
06,23,2006,22.25
06,24,2006,22.5
06,25,2006,22.75
06,26,2006,23.25
06,27,2006,22.5
06,28,2006,22.5
06,29,2006,22.75
06,30,2006,19.5
07,01,2006,20.25
07,02,2006,20.75
07,03,2006,21.25
07,04,2006,22.75
07,05,2006,22.75
07,06,2006,23.0
07,07,2006,23.5
07,08,2006,23.5
07,09,2006,23.25
07,10,2006,22.75
07,11,2006,21.75
07,12,2006,21.25
07,13,2006,23.0
07,14,2006,23.5
07,15,2006,20.5
07,16,2006,19.0
07,17,2006,20.0
07,18,2006,21.5
07,19,2006,23.5
07,20,2006,22.75
07,21,2006,23.5
07,22,2006,22.5
07,23,2006,20.75
07,24,2006,21.0
07,25,2006,17.75
07,26,2006,20.5
07,27,2006,21.25
07,28,2006,18.25
07,29,2006,20.5
07,30,2006,20.75
07,31,2006,20.25
08,01,2006,21.5
08,02,2006,21.5
08,03,2006,21.75
08,04,2006,19.5
08,05,2006,19.5
08,06,2006,19.25
08,07,2006,21.25
08,08,2006,20.25
08,09,2006,21.0
08,10,2006,20.75
08,11,2006,21.0
08,12,2006,20.5
08,13,2006,21.75
08,14,2006,20.75
08,15,2006,21.25
08,16,2006,21.5
08,17,2006,21.5
08,18,2006,22.0
08,19,2006,21.75
08,20,2006,21.25
08,21,2006,22.0
08,22,2006,21.5
08,23,2006,21.0
08,24,2006,20.5
08,25,2006,21.25
08,26,2006,21.75
08,27,2006,21.5
08,28,2006,21.5
08,29,2006,21.5
08,30,2006,20.5
08,31,2006,20.0
09,01,2006,19.5
09,02,2006,22.25
09,03,2006,19.5
09,04,2006,19.75
09,05,2006,18.5
09,06,2006,17.75
09,07,2006,18.75
09,08,2006,18.25
09,09,2006,18.25
09,10,2006,18.5
09,11,2006,19.75
09,12,2006,21.75
09,13,2006,19.0
09,14,2006,18.5
09,15,2006,18.25
09,16,2006,21.5
09,17,2006,19.5
09,18,2006,18.75
09,19,2006,19.25
09,20,2006,19.0
09,21,2006,17.75
09,22,2006,17.0
09,23,2006,18.25
09,24,2006,20.75
09,25,2006,19.0
09,26,2006,19.5
09,27,2006,19.5
09,28,2006,18.75
09,29,2006,18.0
09,30,2006,18.5
10,01,2006,16.75
10,02,2006,17.75
10,03,2006,18.0
10,04,2006,17.0
10,05,2006,16.75
10,06,2006,15.5
10,07,2006,15.5
10,08,2006,17.0
10,09,2006,17.5
10,10,2006,18.25
10,11,2006,18.5
10,12,2006,18.75
10,13,2006,18.5
10,14,2006,18.25
10,15,2006,18.5
10,16,2006,17.5
10,17,2006,18.0
10,18,2006,17.0
10,19,2006,15.5
10,20,2006,17.25
10,21,2006,16.75
10,22,2006,19.25
10,23,2006,18.0
10,24,2006,18.0
10,25,2006,17.25
10,26,2006,17.25
10,27,2006,16.0
10,28,2006,16.5
10,29,2006,15.5
10,30,2006,14.75
10,31,2006,15.0
11,01,2006,16.75
11,02,2006,16.0
11,03,2006,16.0
11,04,2006,16.0
11,05,2006,16.25
11,06,2006,15.5
11,07,2006,16.5
11,08,2006,16.0
11,09,2006,15.5
11,10,2006,14.75
11,11,2006,14.75
11,12,2006,12.0
11,13,2006,13.75
11,14,2006,16.0
11,15,2006,16.25
11,16,2006,15.0
11,17,2006,13.75
11,18,2006,13.5
11,19,2006,12.5
11,20,2006,11.25
11,21,2006,9.0
11,22,2006,10.25
11,23,2006,10.75
11,24,2006,9.75
11,25,2006,10.25
11,26,2006,10.75
11,27,2006,10.25
11,28,2006,10.75
11,29,2006,12.0
11,30,2006,11.5
12,01,2006,11.75
12,02,2006,12.25
12,03,2006,13.25
12,04,2006,13.75
12,05,2006,12.25
12,06,2006,16.0
12,07,2006,15.25
12,08,2006,13.75
12,09,2006,16.5
12,10,2006,12.25
12,11,2006,10.5
12,12,2006,11.25
12,13,2006,11.75
12,14,2006,11.25
12,15,2006,11.5
12,16,2006,11.25
12,17,2006,11.25
12,18,2006,10.25
12,19,2006,11.75
12,20,2006,10.0
12,21,2006,11.75
12,22,2006,10.0
12,23,2006,10.0
12,24,2006,9.5
12,25,2006,7.0
12,26,2006,8.75
12,27,2006,11.5
12,28,2006,9.5
12,29,2006,7.25
12,30,2006,8.5
12,31,2006,8.5
01,01,2007,9.75
01,02,2007,9.0
01,03,2007,10.75
01,04,2007,11.25
01,05,2007,13.25
01,06,2007,11.0
01,07,2007,11.25
01,08,2007,12.75
01,09,2007,11.75
01,10,2007,13.25
01,11,2007,11.75
01,12,2007,12.5
01,13,2007,13.0
01,14,2007,14.0
01,15,2007,13.0
01,16,2007,12.5
01,17,2007,15.0
01,18,2007,14.75
01,19,2007,15.0
01,20,2007,12.25
01,21,2007,10.5
01,22,2007,12.25
01,23,2007,9.25
01,24,2007,9.25
01,25,2007,11.25
01,26,2007,12.0
01,27,2007,12.0
01,28,2007,12.25
01,29,2007,10.0
01,30,2007,8.75
01,31,2007,14.75
02,01,2007,10.25
02,02,2007,9.5
02,03,2007,10.5
02,04,2007,6.25
02,05,2007,9.5
02,06,2007,12.0
02,07,2007,11.75
02,08,2007,11.25
02,09,2007,12.0
02,10,2007,12.5
02,11,2007,11.75
02,12,2007,11.75
02,13,2007,11.0
02,14,2007,11.0
02,15,2007,11.25
02,16,2007,10.25
02,17,2007,10.25
02,18,2007,12.75
02,19,2007,13.5
02,20,2007,13.0
02,21,2007,13.25
02,22,2007,14.75
02,23,2007,15.5
02,24,2007,15.25
02,25,2007,14.25
02,26,2007,12.5
02,27,2007,13.5
02,28,2007,12.75
03,01,2007,14.0
03,02,2007,14.75
03,03,2007,16.0
03,04,2007,15.25
03,05,2007,13.5
03,06,2007,13.5
03,07,2007,14.5
03,08,2007,15.0
03,09,2007,15.0
03,10,2007,14.25
03,11,2007,15.0
03,12,2007,16.0
03,13,2007,14.0
03,14,2007,14.5
03,15,2007,13.25
03,16,2007,13.75
03,17,2007,15.5
03,18,2007,16.75
03,19,2007,17.0
03,20,2007,16.25
03,21,2007,16.0
03,22,2007,16.25
03,23,2007,16.0
03,24,2007,16.5
03,25,2007,15.0
03,26,2007,16.0
03,27,2007,16.5
03,28,2007,15.75
03,29,2007,16.0
03,30,2007,17.5
03,31,2007,17.5
04,01,2007,14.75
04,02,2007,16.25
04,03,2007,17.0
04,04,2007,17.25
04,05,2007,15.75
04,06,2007,17.75
04,07,2007,17.25
04,08,2007,16.25
04,09,2007,14.5
04,10,2007,14.5
04,11,2007,13.5
04,12,2007,13.75
04,13,2007,14.5
04,14,2007,15.0
04,15,2007,17.25
04,16,2007,16.0
04,17,2007,16.5
04,18,2007,17.5
04,19,2007,18.5
04,20,2007,18.25
04,21,2007,17.5
04,22,2007,18.75
04,23,2007,17.25
04,24,2007,19.25
04,25,2007,21.0
04,26,2007,17.75
04,27,2007,16.75
04,28,2007,15.25
04,29,2007,16.75
04,30,2007,18.25
05,01,2007,18.5
05,02,2007,18.0
05,03,2007,18.5
05,04,2007,18.0
05,05,2007,18.25
05,06,2007,18.0
05,07,2007,17.0
05,08,2007,18.75
05,09,2007,20.0
05,10,2007,20.0
05,11,2007,19.25
05,12,2007,19.25
05,13,2007,20.0
05,14,2007,21.25
05,15,2007,20.75
05,16,2007,20.25
05,17,2007,19.5
05,18,2007,18.25
05,19,2007,17.75
05,20,2007,19.0
05,21,2007,19.5
05,22,2007,19.0
05,23,2007,19.0
05,24,2007,19.25
05,25,2007,20.0
05,26,2007,20.75
05,27,2007,19.75
05,28,2007,19.75
05,29,2007,19.75
05,30,2007,18.25
05,31,2007,18.5
06,01,2007,19.25
06,02,2007,20.5
06,03,2007,21.25
06,04,2007,24.25
06,05,2007,22.75
06,06,2007,24.0
06,07,2007,21.25
06,08,2007,21.25
06,09,2007,22.25
06,10,2007,21.75
06,11,2007,20.5
06,12,2007,21.25
06,13,2007,22.25
06,14,2007,21.75
06,15,2007,20.75
06,16,2007,21.25
06,17,2007,22.0
06,18,2007,22.0
06,19,2007,20.5
06,20,2007,21.75
06,21,2007,18.5
06,22,2007,19.25
06,23,2007,20.5
06,24,2007,19.0
06,25,2007,19.75
06,26,2007,20.25
06,27,2007,21.25
06,28,2007,20.75
06,29,2007,19.25
06,30,2007,19.25
07,01,2007,19.75
07,02,2007,19.75
07,03,2007,20.25
07,04,2007,20.5
07,05,2007,19.75
07,06,2007,19.25
07,07,2007,18.75
07,08,2007,20.25
07,09,2007,19.75
07,10,2007,19.0
07,11,2007,20.25
07,12,2007,20.5
07,13,2007,19.25
07,14,2007,20.5
07,15,2007,19.0
07,16,2007,19.0
07,17,2007,22.75
07,18,2007,19.0
07,19,2007,18.25
07,20,2007,18.25
07,21,2007,19.0
07,22,2007,18.5
07,23,2007,19.0
07,24,2007,19.0
07,25,2007,19.0
07,26,2007,18.75
07,27,2007,19.75
07,28,2007,19.75
07,29,2007,20.0
07,30,2007,19.5
07,31,2007,18.75
08,01,2007,18.5
08,02,2007,19.0
08,03,2007,20.0
08,04,2007,19.75
08,05,2007,19.75
08,06,2007,19.25
08,07,2007,19.75
08,08,2007,20.0
08,09,2007,20.0
08,10,2007,19.0
08,11,2007,20.0
08,12,2007,18.5
08,13,2007,18.5
08,14,2007,19.75
08,15,2007,21.0
08,16,2007,19.75
08,17,2007,19.25
08,18,2007,20.25
08,19,2007,20.5
08,20,2007,20.25
08,21,2007,20.25
08,22,2007,17.75
08,23,2007,18.0
08,24,2007,18.75
08,25,2007,20.25
08,26,2007,19.0
08,27,2007,19.25
08,28,2007,19.75
08,29,2007,19.75
08,30,2007,20.0
08,31,2007,19.25
09,01,2007,19.25
09,02,2007,19.25
09,03,2007,16.5
09,04,2007,18.25
09,05,2007,17.75
09,06,2007,19.5
09,07,2007,20.0
09,08,2007,19.5
09,09,2007,20.0
09,10,2007,19.5
09,11,2007,17.75
09,12,2007,16.75
09,13,2007,18.25
09,14,2007,18.75
09,15,2007,19.5
09,16,2007,19.25
09,17,2007,18.5
09,18,2007,18.75
09,19,2007,19.75
09,20,2007,18.25
09,21,2007,18.0
09,22,2007,19.25
09,23,2007,19.75
09,24,2007,18.25
09,25,2007,18.5
09,26,2007,19.5
09,27,2007,19.25
09,28,2007,19.25
09,29,2007,18.0
09,30,2007,17.75
10,01,2007,18.25
10,02,2007,18.25
10,03,2007,18.25
10,04,2007,19.0
10,05,2007,20.25
10,06,2007,18.25
10,07,2007,17.0
10,08,2007,18.25
10,09,2007,18.25
10,10,2007,19.0
10,11,2007,19.0
10,12,2007,18.5
10,13,2007,18.0
10,14,2007,18.75
10,15,2007,18.75
10,16,2007,19.25
10,17,2007,19.5
10,18,2007,18.75
10,19,2007,17.5
10,20,2007,18.75
10,21,2007,18.0
10,22,2007,18.75
10,23,2007,18.5
10,24,2007,12.5
10,25,2007,9.5
10,26,2007,11.0
10,27,2007,13.5
10,28,2007,13.75
10,29,2007,12.0
10,30,2007,13.0
10,31,2007,12.75
11,01,2007,13.0
11,02,2007,13.75
11,03,2007,13.75
11,04,2007,13.75
11,05,2007,16.5
11,06,2007,14.75
11,07,2007,14.25
11,08,2007,13.25
11,09,2007,14.25
11,10,2007,14.25
11,11,2007,14.0
11,12,2007,14.25
11,13,2007,14.25
11,14,2007,15.0
11,15,2007,13.75
11,16,2007,12.75
11,17,2007,16.25
11,18,2007,16.5
11,19,2007,14.75
11,20,2007,15.0
11,21,2007,14.0
11,22,2007,13.75
11,23,2007,12.5
11,24,2007,12.25
11,25,2007,11.25
11,26,2007,12.75
11,27,2007,11.75
11,28,2007,13.0
11,29,2007,15.75
11,30,2007,16.75
12,01,2007,15.75
12,02,2007,15.0
12,03,2007,16.25
12,04,2007,14.5
12,05,2007,14.0
12,06,2007,12.25
12,07,2007,11.5
12,08,2007,12.25
12,09,2007,12.25
12,10,2007,11.75
12,11,2007,11.75
12,12,2007,12.0
12,13,2007,12.25
12,14,2007,13.0
12,15,2007,12.25
12,16,2007,12.5
12,17,2007,11.5
12,18,2007,11.0
12,19,2007,13.0
12,20,2007,13.75
12,21,2007,14.0
12,22,2007,12.5
12,23,2007,11.25
12,24,2007,13.0
12,25,2007,13.25
12,26,2007,12.25
12,27,2007,12.0
12,28,2007,10.0
12,29,2007,11.25
12,30,2007,14.25
12,31,2007,11.75
01,01,2008,11.5
01,02,2008,null
01,03,2008,null
01,04,2008,null
01,05,2008,null
01,06,2008,null
01,07,2008,null
01,08,2008,null
01,09,2008,null
01,10,2008,null
01,11,2008,null
01,12,2008,null
01,13,2008,null
01,14,2008,null
01,15,2008,null
01,16,2008,null
01,17,2008,null
01,18,2008,null
01,19,2008,null
01,20,2008,null
01,21,2008,null
01,22,2008,null
01,23,2008,null
01,24,2008,null
01,25,2008,null
01,26,2008,null
01,27,2008,null
01,28,2008,null
01,29,2008,null
01,30,2008,null
01,31,2008,null
02,01,2008,null
02,02,2008,10.75
02,03,2008,10.5
02,04,2008,12.0
02,05,2008,11.25
02,06,2008,11.25
02,07,2008,10.0
02,08,2008,10.25
02,09,2008,11.0
02,10,2008,12.75
02,11,2008,13.0
02,12,2008,12.0
02,13,2008,12.75
02,14,2008,11.75
02,15,2008,11.0
02,16,2008,11.75
02,17,2008,11.75
02,18,2008,12.0
02,19,2008,12.25
02,20,2008,12.25
02,21,2008,12.75
02,22,2008,13.0
02,23,2008,13.25
02,24,2008,14.25
02,25,2008,15.75
02,26,2008,16.5
02,27,2008,16.0
02,28,2008,14.5
02,29,2008,13.5
03,01,2008,14.0
03,02,2008,14.5
03,03,2008,14.5
03,04,2008,13.0
03,05,2008,12.25
03,06,2008,11.25
03,07,2008,14.75
03,08,2008,9.5
03,09,2008,9.5
03,10,2008,11.75
03,11,2008,12.0
03,12,2008,13.0
03,13,2008,14.0
03,14,2008,13.0
03,15,2008,13.25
03,16,2008,14.25
03,17,2008,15.0
03,18,2008,12.5
03,19,2008,14.5
03,20,2008,9.25
03,21,2008,12.75
03,22,2008,14.75
03,23,2008,14.75
03,24,2008,15.5
03,25,2008,16.0
03,26,2008,16.25
03,27,2008,17.75
03,28,2008,16.75
03,29,2008,16.75
03,30,2008,16.25
03,31,2008,16.0
04,01,2008,16.75
04,02,2008,18.0
04,03,2008,19.25
04,04,2008,18.5
04,05,2008,18.0
04,06,2008,14.5
04,07,2008,14.0
04,08,2008,15.0
04,09,2008,16.25
04,10,2008,16.75
04,11,2008,15.25
04,12,2008,16.0
04,13,2008,17.75
04,14,2008,17.5
04,15,2008,17.25
04,16,2008,16.75
04,17,2008,17.25
04,18,2008,16.5
04,19,2008,16.75
04,20,2008,18.5
04,21,2008,18.75
04,22,2008,19.75
04,23,2008,20.5
04,24,2008,20.0
04,25,2008,20.5
04,26,2008,18.5
04,27,2008,19.0
04,28,2008,17.75
04,29,2008,18.0
04,30,2008,19.25
05,01,2008,17.25
05,02,2008,15.75
05,03,2008,15.75
05,04,2008,17.25
05,05,2008,19.0
05,06,2008,19.5
05,07,2008,19.25
05,08,2008,19.25
05,09,2008,19.25
05,10,2008,20.25
05,11,2008,21.75
05,12,2008,23.25
05,13,2008,22.75
05,14,2008,21.25
05,15,2008,22.5
05,16,2008,20.0
05,17,2008,18.75
05,18,2008,18.0
05,19,2008,18.0
05,20,2008,19.0
05,21,2008,16.5
05,22,2008,18.25
05,23,2008,17.25
05,24,2008,16.25
05,25,2008,19.0
05,26,2008,21.75
05,27,2008,23.25
05,28,2008,23.0
05,29,2008,21.0
05,30,2008,20.0
05,31,2008,20.25
06,01,2008,21.75
06,02,2008,22.25
06,03,2008,22.5
06,04,2008,22.75
06,05,2008,22.25
06,06,2008,23.25
06,07,2008,23.5
06,08,2008,20.0
06,09,2008,20.0
06,10,2008,18.75
06,11,2008,18.25
06,12,2008,18.0
06,13,2008,20.75
06,14,2008,21.25
06,15,2008,21.5
06,16,2008,21.75
06,17,2008,21.5
06,18,2008,22.0
06,19,2008,21.0
06,20,2008,21.75
06,21,2008,21.5
06,22,2008,20.5
06,23,2008,20.5
06,24,2008,20.75
06,25,2008,21.75
06,26,2008,21.75
06,27,2008,21.0
06,28,2008,20.75
06,29,2008,21.75
06,30,2008,20.5
07,01,2008,19.5
07,02,2008,19.25
07,03,2008,19.5
07,04,2008,17.5
07,05,2008,17.75
07,06,2008,19.5
07,07,2008,19.25
07,08,2008,20.0
07,09,2008,18.25
07,10,2008,17.75
07,11,2008,19.0
07,12,2008,19.0
07,13,2008,18.75
07,14,2008,18.75
07,15,2008,19.75
07,16,2008,19.75
07,17,2008,20.25
07,18,2008,19.5
07,19,2008,19.5
07,20,2008,18.0
07,21,2008,19.0
07,22,2008,19.0
07,23,2008,18.25
07,24,2008,18.0
07,25,2008,19.0
07,26,2008,19.75
07,27,2008,20.25
07,28,2008,18.5
07,29,2008,19.0
07,30,2008,20.25
07,31,2008,20.75
08,01,2008,19.25
08,02,2008,19.0
08,03,2008,19.5
08,04,2008,17.75
08,05,2008,18.25
08,06,2008,19.25
08,07,2008,19.0
08,08,2008,19.0
08,09,2008,19.0
08,10,2008,19.75
08,11,2008,18.75
08,12,2008,20.75
08,13,2008,19.0
08,14,2008,19.75
08,15,2008,19.5
08,16,2008,19.75
08,17,2008,19.75
08,18,2008,19.25
08,19,2008,19.25
08,20,2008,19.0
08,21,2008,18.75
08,22,2008,19.0
08,23,2008,19.5
08,24,2008,19.5
08,25,2008,19.0
08,26,2008,17.25
08,27,2008,18.25
08,28,2008,19.25
08,29,2008,18.25
08,30,2008,18.0
08,31,2008,18.5
09,01,2008,18.75
09,02,2008,19.75
09,03,2008,20.0
09,04,2008,20.75
09,05,2008,19.5
09,06,2008,18.75
09,07,2008,17.5
09,08,2008,18.0
09,09,2008,17.75
09,10,2008,19.25
09,11,2008,19.5
09,12,2008,20.25
09,13,2008,19.5
09,14,2008,20.25
09,15,2008,18.25
09,16,2008,16.25
09,17,2008,17.5
09,18,2008,17.75
09,19,2008,19.0
09,20,2008,18.5
09,21,2008,17.75
09,22,2008,17.0
09,23,2008,16.75
09,24,2008,18.0
09,25,2008,17.75
09,26,2008,17.75
09,27,2008,15.75
09,28,2008,16.25
09,29,2008,16.25
09,30,2008,16.0
10,01,2008,16.25
10,02,2008,14.5
10,03,2008,13.25
10,04,2008,12.75
10,05,2008,13.0
10,06,2008,15.0
10,07,2008,15.75
10,08,2008,16.5
10,09,2008,16.5
10,10,2008,16.0
10,11,2008,18.5
10,12,2008,18.0
10,13,2008,20.75
10,14,2008,19.0
10,15,2008,14.5
10,16,2008,14.5
10,17,2008,16.0
10,18,2008,16.5
10,19,2008,16.5
10,20,2008,16.5
10,21,2008,16.5
10,22,2008,16.75
10,23,2008,16.25
10,24,2008,16.75
10,25,2008,15.75
10,26,2008,14.25
10,27,2008,18.0
10,28,2008,16.5
10,29,2008,13.25
10,30,2008,13.5
10,31,2008,13.25
11,01,2008,15.25
11,02,2008,14.0
11,03,2008,13.75
11,04,2008,13.5
11,05,2008,14.25
11,06,2008,13.75
11,07,2008,13.25
11,08,2008,13.75
11,09,2008,14.0
11,10,2008,13.5
11,11,2008,12.25
11,12,2008,14.0
11,13,2008,11.5
11,14,2008,10.25
11,15,2008,12.75
11,16,2008,14.25
11,17,2008,12.5
11,18,2008,11.25
11,19,2008,12.25
11,20,2008,10.5
11,21,2008,11.0
11,22,2008,11.5
11,23,2008,11.25
11,24,2008,12.25
11,25,2008,13.25
11,26,2008,13.25
11,27,2008,13.5
11,28,2008,14.0
11,29,2008,12.75
11,30,2008,11.25
12,01,2008,9.5
12,02,2008,9.5
12,03,2008,10.25
12,04,2008,11.25
12,05,2008,12.5
12,06,2008,13.0
12,07,2008,12.75
12,08,2008,11.75
12,09,2008,12.25
12,10,2008,11.25
12,11,2008,9.25
12,12,2008,7.0
12,13,2008,10.5
12,14,2008,10.75
12,15,2008,10.75
12,16,2008,11.0
12,17,2008,11.25
12,18,2008,13.0
12,19,2008,12.5
12,20,2008,13.75
12,21,2008,13.75
12,22,2008,13.25
12,23,2008,11.75
12,24,2008,11.25
12,25,2008,11.25
12,26,2008,11.5
12,27,2008,11.75
12,28,2008,10.75
12,29,2008,12.5
12,30,2008,12.75
12,31,2008,12.5
01,01,2009,13.25
01,02,2009,13.0
01,03,2009,11.75
01,04,2009,10.75
01,05,2009,12.75
01,06,2009,12.0
01,07,2009,12.5
01,08,2009,11.5
01,09,2009,14.5
01,10,2009,12.0
01,11,2009,12.0
01,12,2009,10.0
01,13,2009,11.25
01,14,2009,11.5
01,15,2009,10.75
01,16,2009,11.0
01,17,2009,14.75
01,18,2009,12.0
01,19,2009,12.0
01,20,2009,13.0
01,21,2009,14.75
01,22,2009,13.5
01,23,2009,14.0
01,24,2009,14.25
01,25,2009,15.5
01,26,2009,15.25
01,27,2009,15.0
01,28,2009,14.5
01,29,2009,13.25
01,30,2009,13.25
01,31,2009,13.0
02,01,2009,11.25
02,02,2009,11.25
02,03,2009,11.25
02,04,2009,12.25
02,05,2009,13.25
02,06,2009,12.25
02,07,2009,13.0
02,08,2009,14.5
02,09,2009,10.75
02,10,2009,12.25
02,11,2009,11.25
02,12,2009,12.25
02,13,2009,13.25
02,14,2009,13.75
02,15,2009,12.25
02,16,2009,13.25
02,17,2009,14.75
02,18,2009,15.5
02,19,2009,15.0
02,20,2009,15.5
02,21,2009,14.75
02,22,2009,15.25
02,23,2009,13.5
02,24,2009,14.75
02,25,2009,15.0
02,26,2009,18.0
02,27,2009,17.0
02,28,2009,18.0
03,01,2009,17.25
03,02,2009,18.25
03,03,2009,16.25
03,04,2009,16.0
03,05,2009,16.5
03,06,2009,17.0
03,07,2009,15.75
03,08,2009,15.25
03,09,2009,15.75
03,10,2009,15.5
03,11,2009,15.25
03,12,2009,17.0
03,13,2009,15.0
03,14,2009,15.0
03,15,2009,15.0
03,16,2009,14.25
03,17,2009,15.75
03,18,2009,17.75
03,19,2009,17.25
03,20,2009,16.5
03,21,2009,17.0
03,22,2009,17.5
03,23,2009,17.75
03,24,2009,17.5
03,25,2009,16.75
03,26,2009,16.5
03,27,2009,14.0
03,28,2009,12.75
03,29,2009,12.5
03,30,2009,13.25
03,31,2009,14.75
04,01,2009,16.25
04,02,2009,15.0
04,03,2009,14.5
04,04,2009,14.25
04,05,2009,13.25
04,06,2009,17.5
04,07,2009,18.5
04,08,2009,19.75
04,09,2009,18.25
04,10,2009,16.5
04,11,2009,16.25
04,12,2009,15.75
04,13,2009,16.25
04,14,2009,14.75
04,15,2009,14.5
04,16,2009,14.75
04,17,2009,15.0
04,18,2009,15.5
04,19,2009,17.0
04,20,2009,17.0
04,21,2009,17.5
04,22,2009,17.0
04,23,2009,18.0
04,24,2009,16.5
04,25,2009,16.5
04,26,2009,17.0
04,27,2009,17.25
04,28,2009,18.0
04,29,2009,19.0
04,30,2009,20.0
05,01,2009,20.5
05,02,2009,20.75
05,03,2009,19.5
05,04,2009,20.0
05,05,2009,20.0
05,06,2009,20.25
05,07,2009,21.25
05,08,2009,22.75
05,09,2009,24.0
05,10,2009,22.75
05,11,2009,23.0
05,12,2009,22.75
05,13,2009,22.75
05,14,2009,20.5
05,15,2009,20.75
05,16,2009,20.25
05,17,2009,18.25
05,18,2009,19.0
05,19,2009,20.25
05,20,2009,19.5
05,21,2009,20.25
05,22,2009,17.25
05,23,2009,17.25
05,24,2009,17.5
05,25,2009,17.25
05,26,2009,17.0
05,27,2009,18.25
05,28,2009,18.5
05,29,2009,20.25
05,30,2009,20.5
05,31,2009,20.25
06,01,2009,19.5
06,02,2009,18.75
06,03,2009,18.25
06,04,2009,19.0
06,05,2009,21.0
06,06,2009,21.25
06,07,2009,21.75
06,08,2009,23.75
06,09,2009,22.5
06,10,2009,23.5
06,11,2009,23.25
06,12,2009,23.0
06,13,2009,22.25
06,14,2009,23.5
06,15,2009,23.0
06,16,2009,23.5
06,17,2009,23.25
06,18,2009,22.25
06,19,2009,20.0
06,20,2009,19.5
06,21,2009,21.75
06,22,2009,21.25
06,23,2009,20.75
06,24,2009,21.25
06,25,2009,21.75
06,26,2009,20.5
06,27,2009,20.25
06,28,2009,20.0
06,29,2009,19.5
06,30,2009,20.0
07,01,2009,19.0
07,02,2009,20.75
07,03,2009,20.25
07,04,2009,21.25
07,05,2009,19.25
07,06,2009,18.5
07,07,2009,18.75
07,08,2009,20.25
07,09,2009,20.25
07,10,2009,21.0
07,11,2009,20.25
07,12,2009,20.0
07,13,2009,20.5
07,14,2009,19.75
07,15,2009,21.5
07,16,2009,20.25
07,17,2009,22.5
07,18,2009,21.75
07,19,2009,21.25
07,20,2009,19.5
07,21,2009,20.0
07,22,2009,19.5
07,23,2009,18.5
07,24,2009,18.75
07,25,2009,20.5
07,26,2009,21.0
07,27,2009,22.0
07,28,2009,21.75
07,29,2009,21.0
07,30,2009,19.75
07,31,2009,20.25
08,01,2009,20.0
08,02,2009,20.75
08,03,2009,20.75
08,04,2009,19.5
08,05,2009,21.0
08,06,2009,20.5
08,07,2009,21.5
08,08,2009,20.5
08,09,2009,20.0
08,10,2009,18.25
08,11,2009,18.5
08,12,2009,20.75
08,13,2009,19.0
08,14,2009,20.5
08,15,2009,21.75
08,16,2009,21.5
08,17,2009,22.75
08,18,2009,21.25
08,19,2009,19.75
08,20,2009,20.75
08,21,2009,19.75
08,22,2009,20.0
08,23,2009,19.75
08,24,2009,20.25
08,25,2009,18.25
08,26,2009,19.25
08,27,2009,19.5
08,28,2009,19.0
08,29,2009,19.25
08,30,2009,19.5
08,31,2009,17.0
09,01,2009,16.75
09,02,2009,null
09,03,2009,null
09,04,2009,null
09,05,2009,null
09,06,2009,null
09,07,2009,null
09,08,2009,null
09,09,2009,null
09,10,2009,null
09,11,2009,null
09,12,2009,null
09,13,2009,null
09,14,2009,null
09,15,2009,null
09,16,2009,null
09,17,2009,null
09,18,2009,null
09,19,2009,null
09,20,2009,null
09,21,2009,null
09,22,2009,null
09,23,2009,null
09,24,2009,null
09,25,2009,null
09,26,2009,null
09,27,2009,null
09,28,2009,null
09,29,2009,null
09,30,2009,null
10,01,2009,null
10,02,2009,20.75
10,03,2009,20.0
10,04,2009,19.0
10,05,2009,18.75
10,06,2009,19.75
10,07,2009,20.5
10,08,2009,21.0
10,09,2009,17.75
10,10,2009,18.0
10,11,2009,20.25
10,12,2009,20.0
10,13,2009,18.25
10,14,2009,19.5
10,15,2009,20.0
10,16,2009,19.25
10,17,2009,17.75
10,18,2009,17.0
10,19,2009,16.5
10,20,2009,16.0
10,21,2009,17.0
10,22,2009,17.0
10,23,2009,16.5
10,24,2009,16.0
10,25,2009,17.25
10,26,2009,17.0
10,27,2009,14.75
10,28,2009,15.75
10,29,2009,15.5
10,30,2009,16.0
10,31,2009,15.5
11,01,2009,13.5
11,02,2009,15.5
11,03,2009,14.0
11,04,2009,14.75
11,05,2009,13.25
11,06,2009,13.25
11,07,2009,12.25
11,08,2009,13.0
11,09,2009,13.25
11,10,2009,13.25
11,11,2009,14.25
11,12,2009,13.75
11,13,2009,12.75
11,14,2009,13.75
11,15,2009,11.75
11,16,2009,12.75
11,17,2009,15.0
11,18,2009,15.25
11,19,2009,16.0
11,20,2009,14.0
11,21,2009,13.75
11,22,2009,11.0
11,23,2009,12.75
11,24,2009,12.25
11,25,2009,12.0
11,26,2009,11.5
11,27,2009,13.5
11,28,2009,12.75
11,29,2009,14.0
11,30,2009,13.0
12,01,2009,12.25
12,02,2009,13.5
12,03,2009,7.5
12,04,2009,10.5
12,05,2009,9.5
12,06,2009,9.0
12,07,2009,10.5
12,08,2009,13.0
12,09,2009,17.5
12,10,2009,13.0
12,11,2009,13.25
12,12,2009,13.75
12,13,2009,13.25
12,14,2009,13.0
12,15,2009,13.25
12,16,2009,13.0
12,17,2009,14.75
12,18,2009,13.0
12,19,2009,10.0
12,20,2009,10.0
12,21,2009,8.75
12,22,2009,9.25
12,23,2009,9.0
12,24,2009,8.75
12,25,2009,12.0
12,26,2009,8.75
12,27,2009,8.75
12,28,2009,10.0
12,29,2009,9.75
12,30,2009,16.25
12,31,2009,13.0
01,01,2010,12.25
01,02,2010,12.75
01,03,2010,9.5
01,04,2010,11.75
01,05,2010,10.0
01,06,2010,9.5
01,07,2010,11.25
01,08,2010,9.25
01,09,2010,9.75
01,10,2010,10.0
01,11,2010,8.5
01,12,2010,8.25
01,13,2010,11.0
01,14,2010,11.75
01,15,2010,8.5
01,16,2010,3.25
01,17,2010,5.75
01,18,2010,7.5
01,19,2010,9.75
01,20,2010,10.75
01,21,2010,10.25
01,22,2010,10.25
01,23,2010,-0.85
01,24,2010,9.25
01,25,2010,11.0
01,26,2010,11.5
01,27,2010,12.5
01,28,2010,12.5
01,29,2010,12.0
01,30,2010,11.75
01,31,2010,11.75
02,01,2010,10.0
02,02,2010,10.5
02,03,2010,8.0
02,04,2010,8.75
02,05,2010,9.75
02,06,2010,9.0
02,07,2010,10.5
02,08,2010,10.25
02,09,2010,9.25
02,10,2010,12.25
02,11,2010,12.5
02,12,2010,11.5
02,13,2010,11.0
02,14,2010,11.0
02,15,2010,12.0
02,16,2010,12.0
02,17,2010,11.5
02,18,2010,10.25
02,19,2010,11.75
02,20,2010,11.0
02,21,2010,11.25
02,22,2010,11.0
02,23,2010,10.25
02,24,2010,10.25
02,25,2010,8.25
02,26,2010,9.75
02,27,2010,11.25
02,28,2010,12.25
03,01,2010,12.75
03,02,2010,12.5
03,03,2010,12.25
03,04,2010,12.0
03,05,2010,13.0
03,06,2010,14.5
03,07,2010,14.25
03,08,2010,16.75
03,09,2010,13.0
03,10,2010,14.0
03,11,2010,12.75
03,12,2010,12.5
03,13,2010,12.25
03,14,2010,14.5
03,15,2010,13.0
03,16,2010,13.75
03,17,2010,13.25
03,18,2010,11.75
03,19,2010,14.25
03,20,2010,13.0
03,21,2010,12.75
03,22,2010,12.75
03,23,2010,12.5
03,24,2010,13.75
03,25,2010,14.25
03,26,2010,12.75
03,27,2010,12.5
03,28,2010,17.5
03,29,2010,16.25
03,30,2010,15.25
03,31,2010,15.0
04,01,2010,15.0
04,02,2010,16.5
04,03,2010,15.0
04,04,2010,13.75
04,05,2010,16.5
04,06,2010,15.25
04,07,2010,18.0
04,08,2010,16.25
04,09,2010,17.25
04,10,2010,16.0
04,11,2010,17.75
04,12,2010,17.75
04,13,2010,17.0
04,14,2010,14.0
04,15,2010,15.25
04,16,2010,15.0
04,17,2010,16.0
04,18,2010,16.25
04,19,2010,15.25
04,20,2010,15.75
04,21,2010,15.75
04,22,2010,15.25
04,23,2010,16.25
04,24,2010,15.5
04,25,2010,15.0
04,26,2010,12.75
04,27,2010,14.5
04,28,2010,14.5
04,29,2010,15.0
04,30,2010,15.5
05,01,2010,13.75
05,02,2010,12.75
05,03,2010,14.75
05,04,2010,17.0
05,05,2010,20.0
05,06,2010,21.25
05,07,2010,21.5
05,08,2010,22.0
05,09,2010,22.25
05,10,2010,21.25
05,11,2010,22.0
05,12,2010,22.0
05,13,2010,20.75
05,14,2010,20.0
05,15,2010,20.25
05,16,2010,20.0
05,17,2010,21.5
05,18,2010,19.75
05,19,2010,19.0
05,20,2010,20.5
05,21,2010,20.5
05,22,2010,21.0
05,23,2010,20.75
05,24,2010,19.5
05,25,2010,18.5
05,26,2010,19.0
05,27,2010,18.25
05,28,2010,20.0
05,29,2010,19.25
05,30,2010,21.5
05,31,2010,18.5
06,01,2010,19.5
06,02,2010,22.25
06,03,2010,19.25
06,04,2010,18.25
06,05,2010,19.75
06,06,2010,22.25
06,07,2010,23.0
06,08,2010,21.25
06,09,2010,22.0
06,10,2010,21.25
06,11,2010,22.5
06,12,2010,22.75
06,13,2010,21.5
06,14,2010,23.25
06,15,2010,21.75
06,16,2010,21.5
06,17,2010,22.0
06,18,2010,21.25
06,19,2010,18.25
06,20,2010,20.25
06,21,2010,21.25
06,22,2010,21.75
06,23,2010,23.0
06,24,2010,23.75
06,25,2010,21.75
06,26,2010,20.75
06,27,2010,22.0
06,28,2010,22.25
06,29,2010,22.25
06,30,2010,21.75
07,01,2010,21.25
07,02,2010,17.75
07,03,2010,22.25
07,04,2010,19.0
07,05,2010,19.0
07,06,2010,18.0
07,07,2010,17.75
07,08,2010,17.75
07,09,2010,19.75
07,10,2010,20.75
07,11,2010,19.5
07,12,2010,19.5
07,13,2010,18.5
07,14,2010,20.25
07,15,2010,20.5
07,16,2010,20.5
07,17,2010,20.5
07,18,2010,21.25
07,19,2010,20.75
07,20,2010,21.0
07,21,2010,21.25
07,22,2010,20.25
07,23,2010,20.0
07,24,2010,20.5
07,25,2010,19.75
07,26,2010,19.25
07,27,2010,19.0
07,28,2010,20.25
07,29,2010,19.5
07,30,2010,19.25
07,31,2010,18.75
08,01,2010,18.75
08,02,2010,20.25
08,03,2010,19.75
08,04,2010,19.75
08,05,2010,20.75
08,06,2010,20.0
08,07,2010,19.75
08,08,2010,20.25
08,09,2010,22.0
08,10,2010,21.25
08,11,2010,22.25
08,12,2010,21.0
08,13,2010,19.5
08,14,2010,18.25
08,15,2010,19.25
08,16,2010,20.0
08,17,2010,19.5
08,18,2010,19.5
08,19,2010,20.5
08,20,2010,20.5
08,21,2010,21.5
08,22,2010,19.5
08,23,2010,20.5
08,24,2010,20.0
08,25,2010,18.75
08,26,2010,18.75
08,27,2010,19.25
08,28,2010,20.0
08,29,2010,21.25
08,30,2010,20.0
08,31,2010,20.75
09,01,2010,20.0
09,02,2010,21.0
09,03,2010,20.75
09,04,2010,20.0
09,05,2010,19.5
09,06,2010,19.25
09,07,2010,19.5
09,08,2010,20.25
09,09,2010,19.5
09,10,2010,20.25
09,11,2010,19.0
09,12,2010,18.75
09,13,2010,19.25
09,14,2010,19.5
09,15,2010,18.5
09,16,2010,18.75
09,17,2010,19.5
09,18,2010,21.0
09,19,2010,21.0
09,20,2010,21.5
09,21,2010,19.75
09,22,2010,19.5
09,23,2010,19.75
09,24,2010,19.5
09,25,2010,18.5
09,26,2010,18.75
09,27,2010,19.25
09,28,2010,19.75
09,29,2010,19.0
09,30,2010,17.25
10,01,2010,16.75
10,02,2010,16.25
10,03,2010,15.5
10,04,2010,15.25
10,05,2010,15.5
10,06,2010,13.75
10,07,2010,14.0
10,08,2010,14.75
10,09,2010,15.25
10,10,2010,15.0
10,11,2010,15.5
10,12,2010,15.5
10,13,2010,16.0
10,14,2010,16.25
10,15,2010,16.0
10,16,2010,14.75
10,17,2010,16.25
10,18,2010,15.5
10,19,2010,16.0
10,20,2010,14.75
10,21,2010,15.0
10,22,2010,16.0
10,23,2010,15.5
10,24,2010,14.5
10,25,2010,14.0
10,26,2010,14.0
10,27,2010,13.25
10,28,2010,14.25
10,29,2010,14.5
10,30,2010,14.5
10,31,2010,16.25
11,01,2010,16.25
11,02,2010,16.5
11,03,2010,16.75
11,04,2010,12.5
11,05,2010,10.25
11,06,2010,11.0
11,07,2010,10.5
11,08,2010,10.0
11,09,2010,10.0
11,10,2010,11.25
11,11,2010,13.25
11,12,2010,13.25
11,13,2010,13.0
11,14,2010,13.0
11,15,2010,11.75
11,16,2010,11.5
11,17,2010,11.25
11,18,2010,11.0
11,19,2010,13.25
11,20,2010,13.75
11,21,2010,13.0
11,22,2010,13.5
11,23,2010,13.75
11,24,2010,14.25
11,25,2010,14.0
11,26,2010,12.25
11,27,2010,12.0
11,28,2010,13.0
11,29,2010,11.25
11,30,2010,11.25
12,01,2010,11.0
12,02,2010,11.25
12,03,2010,12.25
12,04,2010,12.0
12,05,2010,12.75
12,06,2010,11.25
12,07,2010,11.5
12,08,2010,10.75
12,09,2010,10.75
12,10,2010,9.0
12,11,2010,12.25
12,12,2010,10.0
12,13,2010,11.0
12,14,2010,11.5
12,15,2010,11.25
12,16,2010,10.5
12,17,2010,8.75
12,18,2010,8.5
12,19,2010,10.25
12,20,2010,10.75
12,21,2010,11.5
12,22,2010,12.25
12,23,2010,12.25
12,24,2010,12.75
12,25,2010,10.75
12,26,2010,10.0
12,27,2010,9.75
12,28,2010,10.25
12,29,2010,10.0
12,30,2010,8.5
12,31,2010,7.75
01,01,2011,7.5
01,02,2011,8.0
01,03,2011,9.5
01,04,2011,11.5
01,05,2011,14.5
01,06,2011,14.0
01,07,2011,13.0
01,08,2011,12.0
01,09,2011,12.0
01,10,2011,11.5
01,11,2011,10.25
01,12,2011,10.75
01,13,2011,11.5
01,14,2011,12.5
01,15,2011,11.5
01,16,2011,10.25
01,17,2011,8.5
01,18,2011,9.75
01,19,2011,11.0
01,20,2011,11.5
01,21,2011,10.0
01,22,2011,10.75
01,23,2011,9.75
01,24,2011,9.5
01,25,2011,8.5
01,26,2011,8.25
01,27,2011,8.25
01,28,2011,10.25
01,29,2011,11.0
01,30,2011,11.0
01,31,2011,11.25
02,01,2011,11.25
02,02,2011,12.0
02,03,2011,12.0
02,04,2011,10.75
02,05,2011,10.0
02,06,2011,9.25
02,07,2011,9.5
02,08,2011,10.75
02,09,2011,11.25
02,10,2011,12.5
02,11,2011,11.5
02,12,2011,11.5
02,13,2011,11.25
02,14,2011,12.0
02,15,2011,13.0
02,16,2011,14.5
02,17,2011,15.0
02,18,2011,15.25
02,19,2011,15.5
02,20,2011,15.75
02,21,2011,15.25
02,22,2011,14.5
02,23,2011,14.75
02,24,2011,14.25
02,25,2011,13.0
02,26,2011,12.5
02,27,2011,12.0
02,28,2011,14.25
03,01,2011,15.25
03,02,2011,15.75
03,03,2011,17.0
03,04,2011,17.0
03,05,2011,15.75
03,06,2011,16.5
03,07,2011,16.5
03,08,2011,13.5
03,09,2011,12.75
03,10,2011,13.75
03,11,2011,16.25
03,12,2011,15.0
03,13,2011,15.0
03,14,2011,14.75
03,15,2011,16.0
03,16,2011,16.25
03,17,2011,16.25
03,18,2011,15.25
03,19,2011,18.0
03,20,2011,17.75
03,21,2011,18.25
03,22,2011,19.25
03,23,2011,19.0
03,24,2011,18.75
03,25,2011,19.0
03,26,2011,16.0
03,27,2011,18.0
03,28,2011,16.75
03,29,2011,15.75
03,30,2011,15.75
03,31,2011,14.75
04,01,2011,16.25
04,02,2011,16.5
04,03,2011,18.25
04,04,2011,16.75
04,05,2011,16.75
04,06,2011,17.25
04,07,2011,18.0
04,08,2011,19.0
04,09,2011,17.25
04,10,2011,18.25
04,11,2011,18.5
04,12,2011,18.0
04,13,2011,19.0
04,14,2011,20.0
04,15,2011,19.75
04,16,2011,20.5
04,17,2011,19.5
04,18,2011,18.5
04,19,2011,17.5
04,20,2011,15.75
04,21,2011,16.0
04,22,2011,17.25
04,23,2011,18.25
04,24,2011,18.25
04,25,2011,19.25
04,26,2011,19.5
04,27,2011,19.0
04,28,2011,17.75
04,29,2011,19.75
04,30,2011,20.25
05,01,2011,19.75
05,02,2011,18.75
05,03,2011,19.75
05,04,2011,22.25
05,05,2011,19.5
05,06,2011,18.25
05,07,2011,18.25
05,08,2011,19.25
05,09,2011,20.0
05,10,2011,19.5
05,11,2011,21.0
05,12,2011,19.0
05,13,2011,19.0
05,14,2011,19.5
05,15,2011,19.25
05,16,2011,19.75
05,17,2011,20.5
05,18,2011,20.75
05,19,2011,20.75
05,20,2011,17.0
05,21,2011,17.5
05,22,2011,18.25
05,23,2011,19.25
05,24,2011,19.75
05,25,2011,21.0
05,26,2011,22.75
05,27,2011,23.25
05,28,2011,23.75
05,29,2011,21.75
05,30,2011,23.75
05,31,2011,24.0
06,01,2011,24.5
06,02,2011,20.75
06,03,2011,21.25
06,04,2011,22.25
06,05,2011,20.25
06,06,2011,21.0
06,07,2011,22.75
06,08,2011,22.0
06,09,2011,21.5
06,10,2011,22.5
06,11,2011,22.75
06,12,2011,21.0
06,13,2011,23.5
06,14,2011,22.25
06,15,2011,23.75
06,16,2011,23.0
06,17,2011,23.0
06,18,2011,20.5
06,19,2011,20.75
06,20,2011,22.75
06,21,2011,23.0
06,22,2011,22.25
06,23,2011,20.0
06,24,2011,20.75
06,25,2011,21.5
06,26,2011,18.75
06,27,2011,21.5
06,28,2011,22.0
06,29,2011,21.25
06,30,2011,22.75
07,01,2011,21.5
07,02,2011,19.25
07,03,2011,19.5
07,04,2011,20.25
07,05,2011,19.75
07,06,2011,19.5
07,07,2011,19.75
07,08,2011,20.5
07,09,2011,17.25
07,10,2011,19.75
07,11,2011,19.5
07,12,2011,20.25
07,13,2011,20.75
07,14,2011,20.5
07,15,2011,20.25
07,16,2011,21.25
07,17,2011,20.0
07,18,2011,19.25
07,19,2011,21.5
07,20,2011,21.0
07,21,2011,20.5
07,22,2011,19.75
07,23,2011,19.5
07,24,2011,19.75
07,25,2011,19.75
07,26,2011,20.25
07,27,2011,20.5
07,28,2011,19.25
07,29,2011,19.25
07,30,2011,21.25
07,31,2011,18.75
08,01,2011,19.5
08,02,2011,20.75
08,03,2011,21.0
08,04,2011,21.25
08,05,2011,19.0
08,06,2011,21.0
08,07,2011,20.75
08,08,2011,20.25
08,09,2011,18.5
08,10,2011,19.0
08,11,2011,20.25
08,12,2011,20.25
08,13,2011,21.0
08,14,2011,20.5
08,15,2011,20.0
08,16,2011,20.75
08,17,2011,20.75
08,18,2011,20.75
08,19,2011,20.25
08,20,2011,21.5
08,21,2011,21.0
08,22,2011,20.0
08,23,2011,20.0
08,24,2011,20.25
08,25,2011,21.25
08,26,2011,21.5
08,27,2011,20.5
08,28,2011,19.0
08,29,2011,20.75
08,30,2011,19.0
08,31,2011,19.25
09,01,2011,19.75
09,02,2011,17.0
09,03,2011,19.5
09,04,2011,17.0
09,05,2011,19.75
09,06,2011,18.75
09,07,2011,18.25
09,08,2011,18.0
09,09,2011,15.75
09,10,2011,16.0
09,11,2011,16.75
09,12,2011,17.25
09,13,2011,17.25
09,14,2011,19.5
09,15,2011,19.5
09,16,2011,20.5
09,17,2011,20.5
09,18,2011,20.25
09,19,2011,19.75
09,20,2011,18.75
09,21,2011,19.75
09,22,2011,18.25
09,23,2011,18.0
09,24,2011,17.5
09,25,2011,17.25
09,26,2011,19.25
09,27,2011,19.5
09,28,2011,19.75
09,29,2011,17.75
09,30,2011,20.25
10,01,2011,18.5
10,02,2011,17.0
10,03,2011,16.5
10,04,2011,17.5
10,05,2011,19.25
10,06,2011,18.75
10,07,2011,18.5
10,08,2011,18.5
10,09,2011,18.75
10,10,2011,19.5
10,11,2011,17.25
10,12,2011,17.0
10,13,2011,14.75
10,14,2011,16.75
10,15,2011,16.0
10,16,2011,16.25
10,17,2011,16.0
10,18,2011,16.0
10,19,2011,14.75
10,20,2011,16.5
10,21,2011,16.25
10,22,2011,16.25
10,23,2011,15.0
10,24,2011,15.0
10,25,2011,15.0
10,26,2011,13.75
10,27,2011,15.0
10,28,2011,16.25
10,29,2011,17.25
10,30,2011,16.25
10,31,2011,17.5
11,01,2011,16.5
11,02,2011,15.25
11,03,2011,12.25
11,04,2011,16.25
11,05,2011,15.25
11,06,2011,15.75
11,07,2011,15.0
11,08,2011,15.0
11,09,2011,15.5
11,10,2011,13.5
11,11,2011,12.0
11,12,2011,15.0
11,13,2011,13.0
11,14,2011,12.75
11,15,2011,12.5
11,16,2011,14.5
11,17,2011,13.25
11,18,2011,14.0
11,19,2011,16.0
11,20,2011,14.75
11,21,2011,15.75
11,22,2011,16.5
11,23,2011,16.5
11,24,2011,16.0
11,25,2011,16.25
11,26,2011,14.5
11,27,2011,12.25
11,28,2011,8.5
11,29,2011,7.25
11,30,2011,7.75
12,01,2011,9.75
12,02,2011,12.0
12,03,2011,13.0
12,04,2011,12.75
12,05,2011,12.5
12,06,2011,12.0
12,07,2011,11.25
12,08,2011,10.75
12,09,2011,11.75
12,10,2011,11.25
12,11,2011,13.0
12,12,2011,12.75
12,13,2011,12.25
12,14,2011,13.75
12,15,2011,13.25
12,16,2011,11.75
12,17,2011,12.75
12,18,2011,13.0
12,19,2011,14.5
12,20,2011,12.0
12,21,2011,11.5
12,22,2011,10.75
12,23,2011,12.75
12,24,2011,11.75
12,25,2011,12.25
12,26,2011,12.75
12,27,2011,13.0
12,28,2011,11.75
12,29,2011,12.75
12,30,2011,11.75
12,31,2011,13.25
01,01,2012,13.5
01,02,2012,14.0
01,03,2012,15.0
01,04,2012,11.25
01,05,2012,10.25
01,06,2012,9.5
01,07,2012,9.0
01,08,2012,15.0
01,09,2012,10.75
01,10,2012,10.25
01,11,2012,10.25
01,12,2012,9.5
01,13,2012,10.25
01,14,2012,11.5
01,15,2012,11.75
01,16,2012,14.0
01,17,2012,13.25
01,18,2012,12.75
01,19,2012,13.25
01,20,2012,15.5
01,21,2012,13.0
01,22,2012,13.25
01,23,2012,14.25
01,24,2012,13.0
01,25,2012,13.25
01,26,2012,10.0
01,27,2012,8.75
01,28,2012,9.0
01,29,2012,10.5
01,30,2012,11.0
01,31,2012,10.5
02,01,2012,11.5
