Id:,12106
Estación:,ALCOZAUCA (DGE)-GRO
Posición:,17.4652777778N -98.3897222222W
Variable:,Precipitación (mm)
Fecha Inicial:,12/01/1970
Fecha Final:,12/01/2012
No Dato:,nan
Mes,Día,Anio,Datos
12,01,1970,null
12,02,1970,null
12,03,1970,null
12,04,1970,null
12,05,1970,null
12,06,1970,null
12,07,1970,null
12,08,1970,null
12,09,1970,null
12,10,1970,null
12,11,1970,null
12,12,1970,null
12,13,1970,null
12,14,1970,null
12,15,1970,null
12,16,1970,null
12,17,1970,null
12,18,1970,null
12,19,1970,null
12,20,1970,0.0
12,21,1970,0.0
12,22,1970,0.0
12,23,1970,0.0
12,24,1970,0.0
12,25,1970,0.0
12,26,1970,0.0
12,27,1970,0.0
12,28,1970,0.0
12,29,1970,0.0
12,30,1970,0.0
12,31,1970,0.0
01,01,1971,0.0
01,02,1971,0.0
01,03,1971,0.0
01,04,1971,0.0
01,05,1971,0.0
01,06,1971,0.0
01,07,1971,0.0
01,08,1971,0.0
01,09,1971,0.0
01,10,1971,6.4
01,11,1971,0.0
01,12,1971,0.0
01,13,1971,0.0
01,14,1971,0.0
01,15,1971,1.5
01,16,1971,0.0
01,17,1971,0.0
01,18,1971,0.0
01,19,1971,0.0
01,20,1971,0.0
01,21,1971,0.0
01,22,1971,0.0
01,23,1971,0.0
01,24,1971,0.0
01,25,1971,0.0
01,26,1971,0.0
01,27,1971,0.0
01,28,1971,0.0
01,29,1971,0.0
01,30,1971,0.0
01,31,1971,0.0
02,01,1971,0.0
02,02,1971,0.0
02,03,1971,0.0
02,04,1971,0.0
02,05,1971,0.0
02,06,1971,0.0
02,07,1971,0.0
02,08,1971,0.0
02,09,1971,0.0
02,10,1971,0.0
02,11,1971,0.0
02,12,1971,0.0
02,13,1971,0.0
02,14,1971,0.0
02,15,1971,0.0
02,16,1971,0.0
02,17,1971,0.0
02,18,1971,0.0
02,19,1971,0.0
02,20,1971,0.0
02,21,1971,0.0
02,22,1971,0.0
02,23,1971,0.0
02,24,1971,0.0
02,25,1971,0.0
02,26,1971,0.0
02,27,1971,0.0
02,28,1971,0.0
03,01,1971,0.0
03,02,1971,0.0
03,03,1971,0.0
03,04,1971,0.0
03,05,1971,0.0
03,06,1971,0.0
03,07,1971,0.0
03,08,1971,0.0
03,09,1971,0.0
03,10,1971,0.0
03,11,1971,0.0
03,12,1971,0.0
03,13,1971,0.0
03,14,1971,0.0
03,15,1971,0.0
03,16,1971,0.0
03,17,1971,0.0
03,18,1971,0.0
03,19,1971,0.0
03,20,1971,0.0
03,21,1971,0.0
03,22,1971,0.0
03,23,1971,0.0
03,24,1971,0.0
03,25,1971,0.6
03,26,1971,0.0
03,27,1971,0.0
03,28,1971,0.0
03,29,1971,0.0
03,30,1971,0.0
03,31,1971,0.0
04,01,1971,0.0
04,02,1971,46.7
04,03,1971,0.0
04,04,1971,0.0
04,05,1971,0.0
04,06,1971,5.8
04,07,1971,0.0
04,08,1971,0.0
04,09,1971,0.0
04,10,1971,0.0
04,11,1971,0.0
04,12,1971,0.0
04,13,1971,0.0
04,14,1971,0.0
04,15,1971,0.0
04,16,1971,0.0
04,17,1971,0.0
04,18,1971,0.0
04,19,1971,0.0
04,20,1971,0.0
04,21,1971,0.0
04,22,1971,0.0
04,23,1971,0.0
04,24,1971,0.0
04,25,1971,0.0
04,26,1971,0.0
04,27,1971,0.0
04,28,1971,0.0
04,29,1971,0.0
04,30,1971,0.0
05,01,1971,0.0
05,02,1971,0.0
05,03,1971,0.0
05,04,1971,0.0
05,05,1971,0.0
05,06,1971,0.0
05,07,1971,0.0
05,08,1971,0.0
05,09,1971,0.0
05,10,1971,0.0
05,11,1971,0.0
05,12,1971,0.0
05,13,1971,0.0
05,14,1971,0.0
05,15,1971,0.0
05,16,1971,0.0
05,17,1971,0.0
05,18,1971,0.0
05,19,1971,0.0
05,20,1971,0.0
05,21,1971,0.0
05,22,1971,0.0
05,23,1971,0.0
05,24,1971,0.0
05,25,1971,3.5
05,26,1971,0.0
05,27,1971,0.0
05,28,1971,7.1
05,29,1971,10.0
05,30,1971,0.0
05,31,1971,2.4
06,01,1971,0.0
06,02,1971,0.0
06,03,1971,0.0
06,04,1971,0.0
06,05,1971,0.0
06,06,1971,0.0
06,07,1971,25.0
06,08,1971,0.0
06,09,1971,17.0
06,10,1971,0.0
06,11,1971,3.9
06,12,1971,20.0
06,13,1971,15.8
06,14,1971,0.3
06,15,1971,0.0
06,16,1971,6.0
06,17,1971,0.0
06,18,1971,23.5
06,19,1971,43.6
06,20,1971,0.0
06,21,1971,17.3
06,22,1971,6.4
06,23,1971,0.0
06,24,1971,7.9
06,25,1971,0.5
06,26,1971,27.8
06,27,1971,0.0
06,28,1971,13.2
06,29,1971,1.0
06,30,1971,14.2
07,01,1971,1.3
07,02,1971,7.8
07,03,1971,0.0
07,04,1971,4.5
07,05,1971,0.0
07,06,1971,1.5
07,07,1971,5.0
07,08,1971,2.8
07,09,1971,1.0
07,10,1971,0.7
07,11,1971,10.4
07,12,1971,18.0
07,13,1971,18.5
07,14,1971,4.2
07,15,1971,3.6
07,16,1971,0.0
07,17,1971,0.5
07,18,1971,3.2
07,19,1971,19.5
07,20,1971,0.3
07,21,1971,3.5
07,22,1971,2.3
07,23,1971,0.0
07,24,1971,0.0
07,25,1971,20.0
07,26,1971,1.5
07,27,1971,9.0
07,28,1971,12.0
07,29,1971,2.5
07,30,1971,0.5
07,31,1971,3.2
08,01,1971,6.0
08,02,1971,0.5
08,03,1971,6.4
08,04,1971,1.9
08,05,1971,12.0
08,06,1971,20.0
08,07,1971,10.5
08,08,1971,6.0
08,09,1971,5.1
08,10,1971,20.8
08,11,1971,13.3
08,12,1971,18.8
08,13,1971,1.0
08,14,1971,10.5
08,15,1971,20.0
08,16,1971,7.5
08,17,1971,3.5
08,18,1971,5.0
08,19,1971,2.5
08,20,1971,0.7
08,21,1971,4.0
08,22,1971,15.0
08,23,1971,0.4
08,24,1971,0.2
08,25,1971,2.0
08,26,1971,1.0
08,27,1971,0.0
08,28,1971,0.1
08,29,1971,1.9
08,30,1971,17.2
08,31,1971,53.0
09,01,1971,12.0
09,02,1971,0.0
09,03,1971,18.0
09,04,1971,0.0
09,05,1971,5.4
09,06,1971,0.6
09,07,1971,11.5
09,08,1971,10.4
09,09,1971,14.0
09,10,1971,10.5
09,11,1971,3.6
09,12,1971,7.3
09,13,1971,2.2
09,14,1971,0.0
09,15,1971,6.0
09,16,1971,0.0
09,17,1971,6.7
09,18,1971,2.4
09,19,1971,0.0
09,20,1971,0.0
09,21,1971,0.0
09,22,1971,0.0
09,23,1971,4.0
09,24,1971,5.2
09,25,1971,0.0
09,26,1971,20.5
09,27,1971,1.5
09,28,1971,9.4
09,29,1971,27.8
09,30,1971,6.9
10,01,1971,6.5
10,02,1971,0.0
10,03,1971,12.8
10,04,1971,9.7
10,05,1971,0.0
10,06,1971,0.0
10,07,1971,0.0
10,08,1971,0.5
10,09,1971,0.0
10,10,1971,4.0
10,11,1971,1.9
10,12,1971,1.7
10,13,1971,4.1
10,14,1971,2.0
10,15,1971,2.0
10,16,1971,6.0
10,17,1971,18.6
10,18,1971,8.1
10,19,1971,0.0
10,20,1971,0.0
10,21,1971,0.0
10,22,1971,0.0
10,23,1971,0.0
10,24,1971,0.0
10,25,1971,0.0
10,26,1971,0.0
10,27,1971,0.0
10,28,1971,0.0
10,29,1971,0.0
10,30,1971,0.0
10,31,1971,0.0
11,01,1971,0.0
11,02,1971,0.0
11,03,1971,0.0
11,04,1971,0.0
11,05,1971,0.0
11,06,1971,0.0
11,07,1971,1.0
11,08,1971,0.0
11,09,1971,0.0
11,10,1971,0.0
11,11,1971,0.0
11,12,1971,0.0
11,13,1971,0.0
11,14,1971,0.0
11,15,1971,0.0
11,16,1971,0.0
11,17,1971,0.0
11,18,1971,0.0
11,19,1971,0.0
11,20,1971,0.0
11,21,1971,0.0
11,22,1971,0.0
11,23,1971,0.0
11,24,1971,0.0
11,25,1971,0.0
11,26,1971,0.0
11,27,1971,0.0
11,28,1971,0.0
11,29,1971,0.0
11,30,1971,0.0
12,01,1971,0.0
12,02,1971,0.0
12,03,1971,0.0
12,04,1971,0.0
12,05,1971,0.0
12,06,1971,0.0
12,07,1971,0.0
12,08,1971,0.0
12,09,1971,0.0
12,10,1971,0.0
12,11,1971,0.0
12,12,1971,0.0
12,13,1971,0.0
12,14,1971,0.0
12,15,1971,0.0
12,16,1971,0.0
12,17,1971,0.0
12,18,1971,0.0
12,19,1971,0.0
12,20,1971,0.0
12,21,1971,0.0
12,22,1971,0.0
12,23,1971,0.0
12,24,1971,0.0
12,25,1971,2.0
12,26,1971,2.5
12,27,1971,0.0
12,28,1971,0.0
12,29,1971,0.0
12,30,1971,0.0
12,31,1971,0.0
01,01,1972,0.0
01,02,1972,0.0
01,03,1972,0.0
01,04,1972,0.0
01,05,1972,0.0
01,06,1972,0.0
01,07,1972,0.0
01,08,1972,0.0
01,09,1972,0.0
01,10,1972,0.0
01,11,1972,0.0
01,12,1972,0.0
01,13,1972,0.0
01,14,1972,0.0
01,15,1972,0.0
01,16,1972,0.0
01,17,1972,0.0
01,18,1972,0.0
01,19,1972,0.0
01,20,1972,0.0
01,21,1972,0.0
01,22,1972,0.0
01,23,1972,0.0
01,24,1972,0.0
01,25,1972,0.0
01,26,1972,0.0
01,27,1972,0.0
01,28,1972,0.0
01,29,1972,0.0
01,30,1972,0.0
01,31,1972,0.0
02,01,1972,0.0
02,02,1972,0.0
02,03,1972,0.0
02,04,1972,0.0
02,05,1972,0.0
02,06,1972,0.0
02,07,1972,0.0
02,08,1972,0.0
02,09,1972,0.0
02,10,1972,0.0
02,11,1972,0.0
02,12,1972,0.0
02,13,1972,0.0
02,14,1972,0.0
02,15,1972,0.0
02,16,1972,0.0
02,17,1972,0.0
02,18,1972,0.0
02,19,1972,0.0
02,20,1972,0.0
02,21,1972,0.0
02,22,1972,0.0
02,23,1972,0.0
02,24,1972,0.0
02,25,1972,0.0
02,26,1972,0.0
02,27,1972,0.0
02,28,1972,0.0
02,29,1972,0.0
03,01,1972,0.0
03,02,1972,0.0
03,03,1972,0.0
03,04,1972,0.0
03,05,1972,0.0
03,06,1972,0.0
03,07,1972,0.0
03,08,1972,0.0
03,09,1972,0.0
03,10,1972,0.0
03,11,1972,0.0
03,12,1972,0.0
03,13,1972,0.0
03,14,1972,0.0
03,15,1972,0.0
03,16,1972,0.0
03,17,1972,0.0
03,18,1972,0.0
03,19,1972,0.0
03,20,1972,0.0
03,21,1972,0.0
03,22,1972,3.4
03,23,1972,0.0
03,24,1972,0.0
03,25,1972,0.0
03,26,1972,10.0
03,27,1972,13.8
03,28,1972,0.0
03,29,1972,0.0
03,30,1972,0.0
03,31,1972,0.0
04,01,1972,0.0
04,02,1972,0.0
04,03,1972,0.0
04,04,1972,0.0
04,05,1972,0.0
04,06,1972,0.0
04,07,1972,0.0
04,08,1972,0.0
04,09,1972,0.0
04,10,1972,0.0
04,11,1972,0.0
04,12,1972,0.0
04,13,1972,0.0
04,14,1972,0.0
04,15,1972,0.0
04,16,1972,0.0
04,17,1972,0.0
04,18,1972,1.2
04,19,1972,0.0
04,20,1972,0.0
04,21,1972,2.0
04,22,1972,0.0
04,23,1972,0.0
04,24,1972,0.0
04,25,1972,15.0
04,26,1972,0.0
04,27,1972,13.9
04,28,1972,0.0
04,29,1972,0.0
04,30,1972,1.2
05,01,1972,6.8
05,02,1972,0.0
05,03,1972,0.0
05,04,1972,0.0
05,05,1972,0.0
05,06,1972,3.0
05,07,1972,0.0
05,08,1972,0.0
05,09,1972,0.0
05,10,1972,20.0
05,11,1972,0.0
05,12,1972,2.4
05,13,1972,2.5
05,14,1972,0.0
05,15,1972,5.0
05,16,1972,0.0
05,17,1972,1.2
05,18,1972,0.0
05,19,1972,0.0
05,20,1972,0.0
05,21,1972,0.0
05,22,1972,0.0
05,23,1972,0.0
05,24,1972,0.0
05,25,1972,0.0
05,26,1972,0.0
05,27,1972,0.0
05,28,1972,2.5
05,29,1972,3.3
05,30,1972,0.0
05,31,1972,0.0
06,01,1972,5.7
06,02,1972,0.0
06,03,1972,1.0
06,04,1972,0.0
06,05,1972,3.0
06,06,1972,0.0
06,07,1972,2.5
06,08,1972,0.0
06,09,1972,0.0
06,10,1972,28.0
06,11,1972,12.6
06,12,1972,25.5
06,13,1972,1.5
06,14,1972,0.3
06,15,1972,12.6
06,16,1972,8.2
06,17,1972,12.9
06,18,1972,0.0
06,19,1972,1.0
06,20,1972,4.9
06,21,1972,1.6
06,22,1972,2.0
06,23,1972,0.3
06,24,1972,5.0
06,25,1972,0.0
06,26,1972,1.5
06,27,1972,17.9
06,28,1972,0.0
06,29,1972,0.0
06,30,1972,0.0
07,01,1972,0.0
07,02,1972,1.0
07,03,1972,0.0
07,04,1972,0.0
07,05,1972,0.0
07,06,1972,0.0
07,07,1972,0.0
07,08,1972,18.4
07,09,1972,6.2
07,10,1972,0.0
07,11,1972,6.5
07,12,1972,0.0
07,13,1972,18.9
07,14,1972,0.0
07,15,1972,36.9
07,16,1972,0.0
07,17,1972,2.4
07,18,1972,38.0
07,19,1972,9.0
07,20,1972,0.2
07,21,1972,2.0
07,22,1972,8.5
07,23,1972,0.0
07,24,1972,0.0
07,25,1972,0.0
07,26,1972,0.0
07,27,1972,0.0
07,28,1972,13.1
07,29,1972,2.6
07,30,1972,36.2
07,31,1972,2.6
08,01,1972,0.6
08,02,1972,0.0
08,03,1972,0.0
08,04,1972,0.0
08,05,1972,0.0
08,06,1972,8.2
08,07,1972,1.1
08,08,1972,0.0
08,09,1972,2.6
08,10,1972,0.0
08,11,1972,0.0
08,12,1972,0.0
08,13,1972,0.0
08,14,1972,0.0
08,15,1972,2.3
08,16,1972,0.0
08,17,1972,4.0
08,18,1972,0.0
08,19,1972,0.0
08,20,1972,0.0
08,21,1972,0.0
08,22,1972,0.0
08,23,1972,3.7
08,24,1972,0.0
08,25,1972,2.0
08,26,1972,19.4
08,27,1972,0.0
08,28,1972,0.0
08,29,1972,0.0
08,30,1972,0.0
08,31,1972,0.0
09,01,1972,6.8
09,02,1972,0.0
09,03,1972,0.0
09,04,1972,0.0
09,05,1972,0.0
09,06,1972,1.5
09,07,1972,0.0
09,08,1972,4.5
09,09,1972,3.3
09,10,1972,0.0
09,11,1972,0.0
09,12,1972,0.0
09,13,1972,9.2
09,14,1972,0.0
09,15,1972,9.1
09,16,1972,6.4
09,17,1972,2.5
09,18,1972,0.0
09,19,1972,0.0
09,20,1972,0.0
09,21,1972,4.1
09,22,1972,19.2
09,23,1972,1.7
09,24,1972,0.9
09,25,1972,1.8
09,26,1972,0.0
09,27,1972,0.0
09,28,1972,0.0
09,29,1972,0.0
09,30,1972,0.0
10,01,1972,0.0
10,02,1972,0.0
10,03,1972,0.0
10,04,1972,0.0
10,05,1972,1.4
10,06,1972,0.0
10,07,1972,0.6
10,08,1972,20.0
10,09,1972,1.6
10,10,1972,0.0
10,11,1972,0.0
10,12,1972,0.0
10,13,1972,0.0
10,14,1972,0.0
10,15,1972,0.0
10,16,1972,0.0
10,17,1972,0.0
10,18,1972,0.0
10,19,1972,0.0
10,20,1972,0.0
10,21,1972,5.5
10,22,1972,9.5
10,23,1972,0.0
10,24,1972,0.0
10,25,1972,0.0
10,26,1972,0.0
10,27,1972,1.5
10,28,1972,0.0
10,29,1972,0.0
10,30,1972,0.0
10,31,1972,0.0
11,01,1972,0.0
11,02,1972,0.0
11,03,1972,0.0
11,04,1972,3.0
11,05,1972,0.9
11,06,1972,0.5
11,07,1972,0.0
11,08,1972,0.0
11,09,1972,0.0
11,10,1972,0.0
11,11,1972,0.0
11,12,1972,0.0
11,13,1972,0.0
11,14,1972,0.0
11,15,1972,0.0
11,16,1972,0.0
11,17,1972,0.0
11,18,1972,0.0
11,19,1972,0.0
11,20,1972,0.0
11,21,1972,0.0
11,22,1972,0.0
11,23,1972,0.0
11,24,1972,0.0
11,25,1972,0.0
11,26,1972,0.0
11,27,1972,0.0
11,28,1972,0.0
11,29,1972,0.0
11,30,1972,0.0
12,01,1972,0.0
12,02,1972,0.0
12,03,1972,0.0
12,04,1972,0.0
12,05,1972,0.0
12,06,1972,0.0
12,07,1972,0.0
12,08,1972,0.0
12,09,1972,0.0
12,10,1972,0.0
12,11,1972,0.0
12,12,1972,0.0
12,13,1972,0.0
12,14,1972,0.0
12,15,1972,2.7
12,16,1972,0.0
12,17,1972,0.0
12,18,1972,0.0
12,19,1972,0.0
12,20,1972,0.0
12,21,1972,0.0
12,22,1972,0.0
12,23,1972,0.0
12,24,1972,0.0
12,25,1972,0.0
12,26,1972,0.0
12,27,1972,0.0
12,28,1972,0.0
12,29,1972,0.0
12,30,1972,0.0
12,31,1972,0.0
01,01,1973,0.0
01,02,1973,0.0
01,03,1973,0.0
01,04,1973,0.0
01,05,1973,0.0
01,06,1973,0.0
01,07,1973,0.0
01,08,1973,0.0
01,09,1973,0.0
01,10,1973,0.0
01,11,1973,0.0
01,12,1973,0.0
01,13,1973,0.0
01,14,1973,0.0
01,15,1973,0.0
01,16,1973,0.0
01,17,1973,0.0
01,18,1973,0.0
01,19,1973,0.0
01,20,1973,0.0
01,21,1973,0.0
01,22,1973,0.0
01,23,1973,0.0
01,24,1973,0.0
01,25,1973,0.0
01,26,1973,0.0
01,27,1973,0.0
01,28,1973,0.0
01,29,1973,0.0
01,30,1973,0.0
01,31,1973,0.0
02,01,1973,0.0
02,02,1973,0.0
02,03,1973,0.0
02,04,1973,0.0
02,05,1973,0.0
02,06,1973,0.0
02,07,1973,0.0
02,08,1973,0.0
02,09,1973,0.0
02,10,1973,0.0
02,11,1973,0.0
02,12,1973,0.0
02,13,1973,0.0
02,14,1973,0.0
02,15,1973,0.0
02,16,1973,0.0
02,17,1973,0.0
02,18,1973,0.0
02,19,1973,0.0
02,20,1973,0.0
02,21,1973,0.0
02,22,1973,0.0
02,23,1973,0.0
02,24,1973,0.0
02,25,1973,0.0
02,26,1973,0.0
02,27,1973,0.0
02,28,1973,0.0
03,01,1973,0.0
03,02,1973,0.0
03,03,1973,0.0
03,04,1973,0.0
03,05,1973,0.0
03,06,1973,0.0
03,07,1973,0.0
03,08,1973,0.0
03,09,1973,0.0
03,10,1973,0.0
03,11,1973,0.0
03,12,1973,0.0
03,13,1973,0.0
03,14,1973,0.0
03,15,1973,0.0
03,16,1973,0.0
03,17,1973,0.0
03,18,1973,0.0
03,19,1973,0.0
03,20,1973,0.0
03,21,1973,0.0
03,22,1973,0.0
03,23,1973,0.0
03,24,1973,0.0
03,25,1973,0.0
03,26,1973,0.0
03,27,1973,0.0
03,28,1973,0.0
03,29,1973,0.0
03,30,1973,0.0
03,31,1973,0.0
04,01,1973,0.0
04,02,1973,0.0
04,03,1973,0.0
04,04,1973,0.0
04,05,1973,0.0
04,06,1973,0.0
04,07,1973,0.0
04,08,1973,0.0
04,09,1973,0.0
04,10,1973,0.0
04,11,1973,0.0
04,12,1973,0.0
04,13,1973,0.0
04,14,1973,0.0
04,15,1973,0.0
04,16,1973,0.0
04,17,1973,0.0
04,18,1973,0.0
04,19,1973,0.0
04,20,1973,0.0
04,21,1973,0.0
04,22,1973,0.0
04,23,1973,0.0
04,24,1973,0.0
04,25,1973,0.0
04,26,1973,0.0
04,27,1973,0.0
04,28,1973,0.0
04,29,1973,0.0
04,30,1973,0.0
05,01,1973,0.0
05,02,1973,0.0
05,03,1973,0.0
05,04,1973,0.0
05,05,1973,0.0
05,06,1973,0.0
05,07,1973,0.0
05,08,1973,0.0
05,09,1973,0.0
05,10,1973,0.0
05,11,1973,0.0
05,12,1973,1.9
05,13,1973,21.9
05,14,1973,0.0
05,15,1973,0.0
05,16,1973,0.0
05,17,1973,0.0
05,18,1973,0.0
05,19,1973,0.0
05,20,1973,0.0
05,21,1973,0.0
05,22,1973,0.0
05,23,1973,0.0
05,24,1973,0.0
05,25,1973,0.0
05,26,1973,0.0
05,27,1973,5.8
05,28,1973,0.0
05,29,1973,0.0
05,30,1973,0.0
05,31,1973,15.0
06,01,1973,2.2
06,02,1973,1.0
06,03,1973,0.0
06,04,1973,0.0
06,05,1973,0.0
06,06,1973,0.0
06,07,1973,0.0
06,08,1973,25.0
06,09,1973,0.0
06,10,1973,0.0
06,11,1973,15.0
06,12,1973,4.5
06,13,1973,1.3
06,14,1973,3.0
06,15,1973,0.0
06,16,1973,3.0
06,17,1973,4.4
06,18,1973,0.0
06,19,1973,2.3
06,20,1973,6.0
06,21,1973,16.0
06,22,1973,1.0
06,23,1973,0.0
06,24,1973,0.0
06,25,1973,1.0
06,26,1973,1.2
06,27,1973,0.0
06,28,1973,2.0
06,29,1973,9.9
06,30,1973,0.0
07,01,1973,3.3
07,02,1973,1.1
07,03,1973,7.0
07,04,1973,0.0
07,05,1973,0.0
07,06,1973,0.0
07,07,1973,4.5
07,08,1973,12.3
07,09,1973,1.0
07,10,1973,0.0
07,11,1973,0.0
07,12,1973,0.0
07,13,1973,21.0
07,14,1973,2.1
07,15,1973,15.3
07,16,1973,0.0
07,17,1973,0.0
07,18,1973,0.0
07,19,1973,0.0
07,20,1973,0.0
07,21,1973,0.0
07,22,1973,11.6
07,23,1973,10.0
07,24,1973,3.9
07,25,1973,1.9
07,26,1973,1.8
07,27,1973,21.1
07,28,1973,2.1
07,29,1973,4.2
07,30,1973,9.5
07,31,1973,4.9
08,01,1973,0.2
08,02,1973,4.5
08,03,1973,0.2
08,04,1973,0.0
08,05,1973,7.3
08,06,1973,22.0
08,07,1973,25.0
08,08,1973,9.5
08,09,1973,7.2
08,10,1973,0.1
08,11,1973,0.0
08,12,1973,8.2
08,13,1973,18.7
08,14,1973,13.2
08,15,1973,7.9
08,16,1973,3.0
08,17,1973,0.0
08,18,1973,0.0
08,19,1973,0.0
08,20,1973,0.0
08,21,1973,0.0
08,22,1973,0.0
08,23,1973,3.1
08,24,1973,4.0
08,25,1973,22.0
08,26,1973,4.8
08,27,1973,2.0
08,28,1973,15.5
08,29,1973,0.0
08,30,1973,0.0
08,31,1973,0.0
09,01,1973,17.5
09,02,1973,2.8
09,03,1973,1.2
09,04,1973,3.7
09,05,1973,1.9
09,06,1973,9.5
09,07,1973,1.3
09,08,1973,5.8
09,09,1973,8.0
09,10,1973,16.0
09,11,1973,0.0
09,12,1973,0.0
09,13,1973,21.9
09,14,1973,1.8
09,15,1973,0.1
09,16,1973,11.5
09,17,1973,0.0
09,18,1973,0.0
09,19,1973,0.0
09,20,1973,0.0
09,21,1973,0.0
09,22,1973,1.0
09,23,1973,4.2
09,24,1973,0.0
09,25,1973,0.0
09,26,1973,4.9
09,27,1973,0.6
09,28,1973,4.5
09,29,1973,8.4
09,30,1973,13.0
10,01,1973,1.9
10,02,1973,0.0
10,03,1973,0.0
10,04,1973,0.0
10,05,1973,0.0
10,06,1973,0.0
10,07,1973,0.0
10,08,1973,0.0
10,09,1973,5.5
10,10,1973,21.0
10,11,1973,5.8
10,12,1973,1.3
10,13,1973,0.0
10,14,1973,0.0
10,15,1973,0.0
10,16,1973,0.0
10,17,1973,0.0
10,18,1973,0.0
10,19,1973,1.7
10,20,1973,0.5
10,21,1973,0.0
10,22,1973,0.0
10,23,1973,0.0
10,24,1973,2.2
10,25,1973,5.4
10,26,1973,1.0
10,27,1973,0.0
10,28,1973,0.0
10,29,1973,0.0
10,30,1973,0.0
10,31,1973,1.2
11,01,1973,0.0
11,02,1973,0.0
11,03,1973,0.0
11,04,1973,0.0
11,05,1973,0.0
11,06,1973,0.0
11,07,1973,0.0
11,08,1973,0.0
11,09,1973,0.0
11,10,1973,0.0
11,11,1973,0.0
11,12,1973,0.0
11,13,1973,0.0
11,14,1973,0.0
11,15,1973,0.0
11,16,1973,0.0
11,17,1973,0.0
11,18,1973,0.0
11,19,1973,0.0
11,20,1973,0.0
11,21,1973,0.0
11,22,1973,0.0
11,23,1973,1.0
11,24,1973,0.0
11,25,1973,0.0
11,26,1973,0.0
11,27,1973,0.0
11,28,1973,0.0
11,29,1973,0.0
11,30,1973,0.0
12,01,1973,0.0
12,02,1973,0.0
12,03,1973,0.0
12,04,1973,0.0
12,05,1973,0.0
12,06,1973,0.0
12,07,1973,0.0
12,08,1973,0.0
12,09,1973,0.0
12,10,1973,0.0
12,11,1973,0.0
12,12,1973,0.0
12,13,1973,0.0
12,14,1973,0.0
12,15,1973,0.0
12,16,1973,0.0
12,17,1973,0.0
12,18,1973,0.0
12,19,1973,0.0
12,20,1973,0.0
12,21,1973,0.0
12,22,1973,0.0
12,23,1973,0.0
12,24,1973,0.0
12,25,1973,0.0
12,26,1973,0.0
12,27,1973,0.0
12,28,1973,0.0
12,29,1973,0.0
12,30,1973,14.3
12,31,1973,0.0
01,01,1974,0.0
01,02,1974,0.0
01,03,1974,0.0
01,04,1974,0.0
01,05,1974,0.0
01,06,1974,0.0
01,07,1974,0.0
01,08,1974,0.0
01,09,1974,0.0
01,10,1974,13.7
01,11,1974,8.5
01,12,1974,0.0
01,13,1974,0.0
01,14,1974,0.0
01,15,1974,0.0
01,16,1974,0.0
01,17,1974,0.0
01,18,1974,0.0
01,19,1974,0.0
01,20,1974,0.0
01,21,1974,0.0
01,22,1974,0.0
01,23,1974,0.0
01,24,1974,0.0
01,25,1974,0.0
01,26,1974,0.0
01,27,1974,0.0
01,28,1974,0.0
01,29,1974,0.0
01,30,1974,0.0
01,31,1974,0.0
02,01,1974,0.0
02,02,1974,0.0
02,03,1974,0.0
02,04,1974,0.0
02,05,1974,0.0
02,06,1974,0.0
02,07,1974,0.0
02,08,1974,0.0
02,09,1974,0.0
02,10,1974,0.0
02,11,1974,0.0
02,12,1974,0.0
02,13,1974,0.0
02,14,1974,0.0
02,15,1974,0.0
02,16,1974,0.0
02,17,1974,0.0
02,18,1974,0.0
02,19,1974,0.0
02,20,1974,0.0
02,21,1974,0.0
02,22,1974,0.0
02,23,1974,0.0
02,24,1974,0.0
02,25,1974,0.0
02,26,1974,0.0
02,27,1974,0.0
02,28,1974,0.0
03,01,1974,0.0
03,02,1974,0.0
03,03,1974,0.0
03,04,1974,0.0
03,05,1974,0.0
03,06,1974,0.0
03,07,1974,0.0
03,08,1974,0.0
03,09,1974,0.0
03,10,1974,0.0
03,11,1974,0.0
03,12,1974,1.0
03,13,1974,0.0
03,14,1974,0.0
03,15,1974,0.0
03,16,1974,0.0
03,17,1974,0.0
03,18,1974,0.0
03,19,1974,0.0
03,20,1974,0.0
03,21,1974,0.0
03,22,1974,0.0
03,23,1974,0.0
03,24,1974,0.0
03,25,1974,0.0
03,26,1974,0.0
03,27,1974,0.0
03,28,1974,6.1
03,29,1974,0.0
03,30,1974,0.0
03,31,1974,0.0
04,01,1974,0.0
04,02,1974,0.0
04,03,1974,0.0
04,04,1974,0.0
04,05,1974,0.0
04,06,1974,0.0
04,07,1974,0.0
04,08,1974,6.8
04,09,1974,0.0
04,10,1974,0.0
04,11,1974,0.0
04,12,1974,0.0
04,13,1974,0.0
04,14,1974,0.0
04,15,1974,0.0
04,16,1974,0.0
04,17,1974,0.0
04,18,1974,0.0
04,19,1974,0.0
04,20,1974,0.0
04,21,1974,0.0
04,22,1974,0.0
04,23,1974,0.0
04,24,1974,0.0
04,25,1974,0.0
04,26,1974,0.0
04,27,1974,0.0
04,28,1974,0.0
04,29,1974,0.0
04,30,1974,0.0
05,01,1974,8.3
05,02,1974,0.0
05,03,1974,0.0
05,04,1974,0.0
05,05,1974,0.0
05,06,1974,0.0
05,07,1974,0.0
05,08,1974,0.0
05,09,1974,0.0
05,10,1974,0.0
05,11,1974,0.0
05,12,1974,0.0
05,13,1974,0.0
05,14,1974,0.0
05,15,1974,1.3
05,16,1974,5.2
05,17,1974,9.3
05,18,1974,0.0
05,19,1974,1.4
05,20,1974,1.6
05,21,1974,1.5
05,22,1974,0.0
05,23,1974,0.0
05,24,1974,0.0
05,25,1974,0.0
05,26,1974,4.3
05,27,1974,18.4
05,28,1974,0.0
05,29,1974,0.0
05,30,1974,0.0
05,31,1974,0.0
06,01,1974,7.5
06,02,1974,0.0
06,03,1974,0.0
06,04,1974,0.0
06,05,1974,2.4
06,06,1974,0.0
06,07,1974,4.0
06,08,1974,1.0
06,09,1974,2.0
06,10,1974,25.0
06,11,1974,0.0
06,12,1974,0.0
06,13,1974,0.0
06,14,1974,0.0
06,15,1974,2.9
06,16,1974,55.5
06,17,1974,31.1
06,18,1974,6.4
06,19,1974,9.6
06,20,1974,14.6
06,21,1974,14.2
06,22,1974,37.1
06,23,1974,17.8
06,24,1974,17.5
06,25,1974,0.0
06,26,1974,0.0
06,27,1974,2.0
06,28,1974,1.0
06,29,1974,9.6
06,30,1974,14.7
07,01,1974,17.2
07,02,1974,0.0
07,03,1974,0.0
07,04,1974,0.0
07,05,1974,0.0
07,06,1974,6.5
07,07,1974,4.3
07,08,1974,2.0
07,09,1974,2.3
07,10,1974,0.0
07,11,1974,6.7
07,12,1974,0.0
07,13,1974,0.0
07,14,1974,0.8
07,15,1974,1.6
07,16,1974,1.0
07,17,1974,0.0
07,18,1974,0.0
07,19,1974,0.0
07,20,1974,0.0
07,21,1974,14.5
07,22,1974,0.0
07,23,1974,7.6
07,24,1974,12.3
07,25,1974,35.9
07,26,1974,9.2
07,27,1974,0.0
07,28,1974,5.3
07,29,1974,0.0
07,30,1974,13.7
07,31,1974,18.9
08,01,1974,0.0
08,02,1974,0.0
08,03,1974,0.0
08,04,1974,0.0
08,05,1974,0.0
08,06,1974,0.0
08,07,1974,4.0
08,08,1974,0.0
08,09,1974,0.0
08,10,1974,17.5
08,11,1974,0.0
08,12,1974,10.7
08,13,1974,9.9
08,14,1974,27.3
08,15,1974,0.0
08,16,1974,0.0
08,17,1974,25.8
08,18,1974,0.0
08,19,1974,6.9
08,20,1974,0.0
08,21,1974,0.0
08,22,1974,0.0
08,23,1974,0.0
08,24,1974,6.5
08,25,1974,0.0
08,26,1974,18.9
08,27,1974,11.9
08,28,1974,12.4
08,29,1974,0.0
08,30,1974,13.4
08,31,1974,0.0
09,01,1974,0.0
09,02,1974,0.0
09,03,1974,13.0
09,04,1974,30.2
09,05,1974,0.0
09,06,1974,1.0
09,07,1974,6.3
09,08,1974,9.6
09,09,1974,26.7
09,10,1974,3.6
09,11,1974,0.0
09,12,1974,12.5
09,13,1974,0.7
09,14,1974,1.7
09,15,1974,13.5
09,16,1974,0.2
09,17,1974,0.0
09,18,1974,0.0
09,19,1974,0.0
09,20,1974,8.1
09,21,1974,12.0
09,22,1974,0.0
09,23,1974,2.0
09,24,1974,0.0
09,25,1974,2.0
09,26,1974,0.0
09,27,1974,6.7
09,28,1974,27.2
09,29,1974,0.0
09,30,1974,0.0
10,01,1974,0.0
10,02,1974,0.0
10,03,1974,0.0
10,04,1974,0.0
10,05,1974,0.0
10,06,1974,0.0
10,07,1974,0.0
10,08,1974,0.0
10,09,1974,0.0
10,10,1974,0.0
10,11,1974,0.0
10,12,1974,0.0
10,13,1974,0.0
10,14,1974,0.0
10,15,1974,0.0
10,16,1974,0.0
10,17,1974,0.0
10,18,1974,2.1
10,19,1974,0.0
10,20,1974,0.0
10,21,1974,0.0
10,22,1974,0.0
10,23,1974,0.0
10,24,1974,0.0
10,25,1974,0.0
10,26,1974,0.0
10,27,1974,0.0
10,28,1974,0.0
10,29,1974,0.0
10,30,1974,0.0
10,31,1974,0.0
11,01,1974,0.0
11,02,1974,0.0
11,03,1974,0.0
11,04,1974,0.0
11,05,1974,0.0
11,06,1974,0.0
11,07,1974,0.0
11,08,1974,0.0
11,09,1974,0.0
11,10,1974,0.0
11,11,1974,0.0
11,12,1974,0.0
11,13,1974,0.0
11,14,1974,0.0
11,15,1974,0.0
11,16,1974,0.0
11,17,1974,0.0
11,18,1974,0.0
11,19,1974,0.0
11,20,1974,0.0
11,21,1974,0.0
11,22,1974,0.0
11,23,1974,15.0
11,24,1974,0.0
11,25,1974,0.0
11,26,1974,0.0
11,27,1974,0.0
11,28,1974,0.0
11,29,1974,0.0
11,30,1974,0.0
12,01,1974,0.0
12,02,1974,0.0
12,03,1974,0.0
12,04,1974,0.0
12,05,1974,0.0
12,06,1974,0.0
12,07,1974,0.0
12,08,1974,0.0
12,09,1974,0.0
12,10,1974,0.0
12,11,1974,0.0
12,12,1974,0.0
12,13,1974,0.0
12,14,1974,0.0
12,15,1974,0.0
12,16,1974,0.0
12,17,1974,0.0
12,18,1974,0.0
12,19,1974,0.0
12,20,1974,0.0
12,21,1974,0.0
12,22,1974,0.0
12,23,1974,0.0
12,24,1974,0.0
12,25,1974,0.0
12,26,1974,0.0
12,27,1974,0.0
12,28,1974,0.0
12,29,1974,0.0
12,30,1974,0.0
12,31,1974,0.0
01,01,1975,0.0
01,02,1975,0.0
01,03,1975,0.0
01,04,1975,0.0
01,05,1975,0.0
01,06,1975,0.0
01,07,1975,0.0
01,08,1975,0.0
01,09,1975,0.0
01,10,1975,0.0
01,11,1975,0.0
01,12,1975,0.0
01,13,1975,0.0
01,14,1975,0.0
01,15,1975,0.0
01,16,1975,0.0
01,17,1975,0.0
01,18,1975,0.0
01,19,1975,0.0
01,20,1975,0.0
01,21,1975,0.0
01,22,1975,0.0
01,23,1975,0.0
01,24,1975,0.0
01,25,1975,0.0
01,26,1975,0.0
01,27,1975,0.0
01,28,1975,0.0
01,29,1975,0.0
01,30,1975,16.0
01,31,1975,0.0
02,01,1975,0.0
02,02,1975,0.0
02,03,1975,0.0
02,04,1975,0.0
02,05,1975,0.0
02,06,1975,0.0
02,07,1975,0.0
02,08,1975,0.0
02,09,1975,0.0
02,10,1975,0.0
02,11,1975,0.0
02,12,1975,0.0
02,13,1975,0.0
02,14,1975,0.0
02,15,1975,0.0
02,16,1975,0.0
02,17,1975,0.0
02,18,1975,0.0
02,19,1975,0.0
02,20,1975,0.0
02,21,1975,0.0
02,22,1975,0.0
02,23,1975,0.0
02,24,1975,0.0
02,25,1975,0.0
02,26,1975,0.0
02,27,1975,0.0
02,28,1975,0.0
03,01,1975,0.0
03,02,1975,0.0
03,03,1975,0.0
03,04,1975,0.0
03,05,1975,0.0
03,06,1975,0.0
03,07,1975,0.0
03,08,1975,0.0
03,09,1975,0.0
03,10,1975,0.0
03,11,1975,0.0
03,12,1975,0.0
03,13,1975,0.0
03,14,1975,0.0
03,15,1975,0.0
03,16,1975,0.0
03,17,1975,0.0
03,18,1975,0.0
03,19,1975,0.0
03,20,1975,0.0
03,21,1975,0.0
03,22,1975,0.0
03,23,1975,0.0
03,24,1975,0.0
03,25,1975,0.0
03,26,1975,0.0
03,27,1975,0.0
03,28,1975,0.0
03,29,1975,0.0
03,30,1975,0.0
03,31,1975,0.0
04,01,1975,30.0
04,02,1975,0.0
04,03,1975,0.0
04,04,1975,0.0
04,05,1975,0.0
04,06,1975,0.0
04,07,1975,0.0
04,08,1975,0.0
04,09,1975,0.0
04,10,1975,0.0
04,11,1975,0.0
04,12,1975,0.0
04,13,1975,0.0
04,14,1975,0.0
04,15,1975,0.0
04,16,1975,0.0
04,17,1975,0.0
04,18,1975,0.0
04,19,1975,0.0
04,20,1975,0.0
04,21,1975,0.0
04,22,1975,0.0
04,23,1975,0.0
04,24,1975,0.0
04,25,1975,0.0
04,26,1975,0.0
04,27,1975,0.0
04,28,1975,0.0
04,29,1975,0.0
04,30,1975,0.0
05,01,1975,0.0
05,02,1975,0.0
05,03,1975,0.0
05,04,1975,0.0
05,05,1975,0.0
05,06,1975,0.0
05,07,1975,0.0
05,08,1975,0.0
05,09,1975,0.0
05,10,1975,0.0
05,11,1975,0.0
05,12,1975,0.0
05,13,1975,0.0
05,14,1975,0.0
05,15,1975,0.0
05,16,1975,0.0
05,17,1975,0.0
05,18,1975,2.7
05,19,1975,1.9
05,20,1975,0.0
05,21,1975,1.4
05,22,1975,8.9
05,23,1975,10.8
05,24,1975,0.0
05,25,1975,4.0
05,26,1975,0.5
05,27,1975,3.0
05,28,1975,0.0
05,29,1975,6.7
05,30,1975,7.6
05,31,1975,33.7
06,01,1975,null
06,02,1975,null
06,03,1975,null
06,04,1975,null
06,05,1975,null
06,06,1975,null
06,07,1975,null
06,08,1975,null
06,09,1975,null
06,10,1975,null
06,11,1975,null
06,12,1975,null
06,13,1975,null
06,14,1975,null
06,15,1975,null
06,16,1975,null
06,17,1975,null
06,18,1975,null
06,19,1975,null
06,20,1975,null
06,21,1975,null
06,22,1975,null
06,23,1975,null
06,24,1975,null
06,25,1975,null
06,26,1975,null
06,27,1975,null
06,28,1975,null
06,29,1975,null
06,30,1975,null
07,01,1975,0.0
07,02,1975,10.0
07,03,1975,0.0
07,04,1975,0.0
07,05,1975,0.0
07,06,1975,0.1
07,07,1975,16.5
07,08,1975,0.0
07,09,1975,4.3
07,10,1975,0.5
07,11,1975,11.5
07,12,1975,2.2
07,13,1975,0.0
07,14,1975,3.4
07,15,1975,0.0
07,16,1975,34.0
07,17,1975,18.5
07,18,1975,17.0
07,19,1975,1.4
07,20,1975,0.6
07,21,1975,3.3
07,22,1975,2.0
07,23,1975,3.6
07,24,1975,8.5
07,25,1975,0.0
07,26,1975,0.0
07,27,1975,3.3
07,28,1975,2.0
07,29,1975,18.5
07,30,1975,0.0
07,31,1975,0.0
08,01,1975,0.0
08,02,1975,0.0
08,03,1975,26.0
08,04,1975,12.6
08,05,1975,1.7
08,06,1975,9.0
08,07,1975,14.3
08,08,1975,4.1
08,09,1975,10.4
08,10,1975,0.0
08,11,1975,9.5
08,12,1975,35.0
08,13,1975,3.3
08,14,1975,0.0
08,15,1975,0.0
08,16,1975,1.0
08,17,1975,4.9
08,18,1975,0.0
08,19,1975,1.5
08,20,1975,0.0
08,21,1975,12.4
08,22,1975,0.0
08,23,1975,14.5
08,24,1975,11.5
08,25,1975,17.0
08,26,1975,15.0
08,27,1975,0.0
08,28,1975,0.0
08,29,1975,29.0
08,30,1975,22.5
08,31,1975,0.0
09,01,1975,null
09,02,1975,null
09,03,1975,null
09,04,1975,null
09,05,1975,null
09,06,1975,null
09,07,1975,null
09,08,1975,null
09,09,1975,null
09,10,1975,null
09,11,1975,null
09,12,1975,null
09,13,1975,null
09,14,1975,null
09,15,1975,null
09,16,1975,null
09,17,1975,null
09,18,1975,null
09,19,1975,null
09,20,1975,null
09,21,1975,null
09,22,1975,null
09,23,1975,null
09,24,1975,null
09,25,1975,null
09,26,1975,null
09,27,1975,null
09,28,1975,null
09,29,1975,null
09,30,1975,null
10,01,1975,0.0
10,02,1975,0.0
10,03,1975,0.0
10,04,1975,0.0
10,05,1975,0.0
10,06,1975,0.0
10,07,1975,3.5
10,08,1975,0.0
10,09,1975,0.0
10,10,1975,0.0
10,11,1975,0.0
10,12,1975,0.0
10,13,1975,0.0
10,14,1975,2.4
10,15,1975,0.0
10,16,1975,1.5
10,17,1975,17.5
10,18,1975,0.2
10,19,1975,0.0
10,20,1975,0.0
10,21,1975,0.0
10,22,1975,0.0
10,23,1975,0.0
10,24,1975,0.0
10,25,1975,0.5
10,26,1975,9.9
10,27,1975,0.0
10,28,1975,0.3
10,29,1975,0.0
10,30,1975,0.0
10,31,1975,0.0
11,01,1975,0.0
11,02,1975,0.0
11,03,1975,0.0
11,04,1975,0.0
11,05,1975,0.0
11,06,1975,0.0
11,07,1975,0.0
11,08,1975,0.0
11,09,1975,0.0
11,10,1975,0.0
11,11,1975,0.0
11,12,1975,0.0
11,13,1975,0.0
11,14,1975,0.0
11,15,1975,0.0
11,16,1975,0.0
11,17,1975,0.0
11,18,1975,0.0
11,19,1975,0.0
11,20,1975,0.0
11,21,1975,0.0
11,22,1975,0.0
11,23,1975,0.0
11,24,1975,0.0
11,25,1975,0.0
11,26,1975,0.0
11,27,1975,0.0
11,28,1975,0.0
11,29,1975,0.0
11,30,1975,0.0
12,01,1975,0.0
12,02,1975,0.0
12,03,1975,0.0
12,04,1975,0.0
12,05,1975,0.0
12,06,1975,0.0
12,07,1975,0.0
12,08,1975,0.0
12,09,1975,0.0
12,10,1975,0.0
12,11,1975,0.0
12,12,1975,0.0
12,13,1975,0.0
12,14,1975,0.0
12,15,1975,0.0
12,16,1975,0.0
12,17,1975,0.0
12,18,1975,0.0
12,19,1975,0.0
12,20,1975,0.0
12,21,1975,0.0
12,22,1975,0.0
12,23,1975,0.0
12,24,1975,0.0
12,25,1975,0.0
12,26,1975,0.0
12,27,1975,0.0
12,28,1975,0.0
12,29,1975,0.0
12,30,1975,0.0
12,31,1975,0.0
01,01,1976,0.0
01,02,1976,0.0
01,03,1976,0.0
01,04,1976,0.0
01,05,1976,0.0
01,06,1976,0.0
01,07,1976,0.0
01,08,1976,0.0
01,09,1976,0.0
01,10,1976,0.0
01,11,1976,0.0
01,12,1976,0.0
01,13,1976,0.0
01,14,1976,0.0
01,15,1976,0.0
01,16,1976,0.0
01,17,1976,0.0
01,18,1976,0.0
01,19,1976,0.0
01,20,1976,0.0
01,21,1976,0.0
01,22,1976,0.0
01,23,1976,0.0
01,24,1976,0.0
01,25,1976,0.0
01,26,1976,0.0
01,27,1976,0.0
01,28,1976,0.0
01,29,1976,0.0
01,30,1976,0.0
01,31,1976,0.0
02,01,1976,0.0
02,02,1976,0.0
02,03,1976,0.0
02,04,1976,0.0
02,05,1976,0.0
02,06,1976,0.0
02,07,1976,0.0
02,08,1976,0.0
02,09,1976,0.0
02,10,1976,0.0
02,11,1976,0.0
02,12,1976,0.0
02,13,1976,0.0
02,14,1976,0.0
02,15,1976,0.0
02,16,1976,0.0
02,17,1976,0.0
02,18,1976,0.0
02,19,1976,0.0
02,20,1976,0.0
02,21,1976,0.0
02,22,1976,0.0
02,23,1976,0.0
02,24,1976,0.0
02,25,1976,0.0
02,26,1976,0.0
02,27,1976,0.0
02,28,1976,0.0
02,29,1976,0.0
03,01,1976,0.0
03,02,1976,0.0
03,03,1976,0.0
03,04,1976,0.0
03,05,1976,0.0
03,06,1976,0.0
03,07,1976,0.0
03,08,1976,0.0
03,09,1976,0.0
03,10,1976,0.0
03,11,1976,0.0
03,12,1976,0.0
03,13,1976,0.0
03,14,1976,0.0
03,15,1976,0.0
03,16,1976,2.1
03,17,1976,0.0
03,18,1976,0.0
03,19,1976,0.0
03,20,1976,0.0
03,21,1976,0.0
03,22,1976,0.0
03,23,1976,0.0
03,24,1976,0.0
03,25,1976,0.0
03,26,1976,0.0
03,27,1976,0.0
03,28,1976,0.0
03,29,1976,0.0
03,30,1976,0.0
03,31,1976,65.4
04,01,1976,0.0
04,02,1976,0.0
04,03,1976,0.0
04,04,1976,0.0
04,05,1976,0.0
04,06,1976,0.0
04,07,1976,0.0
04,08,1976,0.0
04,09,1976,0.0
04,10,1976,0.0
04,11,1976,0.0
04,12,1976,2.6
04,13,1976,0.0
04,14,1976,0.0
04,15,1976,0.0
04,16,1976,0.0
04,17,1976,0.0
04,18,1976,7.2
04,19,1976,0.0
04,20,1976,0.0
04,21,1976,0.0
04,22,1976,0.0
04,23,1976,4.0
04,24,1976,1.0
04,25,1976,1.9
04,26,1976,0.0
04,27,1976,16.4
04,28,1976,0.0
04,29,1976,0.0
04,30,1976,0.0
05,01,1976,0.0
05,02,1976,0.0
05,03,1976,0.0
05,04,1976,0.0
05,05,1976,0.0
05,06,1976,0.0
05,07,1976,0.0
05,08,1976,0.0
05,09,1976,0.0
05,10,1976,0.0
05,11,1976,5.9
05,12,1976,0.0
05,13,1976,0.0
05,14,1976,0.0
05,15,1976,0.0
05,16,1976,3.7
05,17,1976,0.0
05,18,1976,3.6
05,19,1976,0.0
05,20,1976,0.0
05,21,1976,0.0
05,22,1976,0.0
05,23,1976,0.0
05,24,1976,5.9
05,25,1976,0.0
05,26,1976,0.0
05,27,1976,1.8
05,28,1976,1.0
05,29,1976,0.0
05,30,1976,0.0
05,31,1976,0.0
06,01,1976,15.4
06,02,1976,2.8
06,03,1976,0.0
06,04,1976,0.0
06,05,1976,0.0
06,06,1976,0.0
06,07,1976,4.0
06,08,1976,0.0
06,09,1976,0.0
06,10,1976,0.0
06,11,1976,0.0
06,12,1976,0.0
06,13,1976,0.0
06,14,1976,0.0
06,15,1976,43.0
06,16,1976,2.9
06,17,1976,5.5
06,18,1976,0.0
06,19,1976,0.0
06,20,1976,0.0
06,21,1976,0.0
06,22,1976,0.0
06,23,1976,0.0
06,24,1976,18.6
06,25,1976,25.0
06,26,1976,1.9
06,27,1976,0.0
06,28,1976,0.0
06,29,1976,14.2
06,30,1976,0.0
07,01,1976,0.0
07,02,1976,0.0
07,03,1976,0.0
07,04,1976,0.0
07,05,1976,17.0
07,06,1976,4.2
07,07,1976,14.4
07,08,1976,2.9
07,09,1976,18.2
07,10,1976,3.2
07,11,1976,3.0
07,12,1976,5.0
07,13,1976,15.0
07,14,1976,6.5
07,15,1976,4.7
07,16,1976,10.0
07,17,1976,1.0
07,18,1976,0.0
07,19,1976,0.0
07,20,1976,0.0
07,21,1976,0.0
07,22,1976,0.0
07,23,1976,0.0
07,24,1976,0.0
07,25,1976,0.0
07,26,1976,5.0
07,27,1976,6.5
07,28,1976,0.0
07,29,1976,0.0
07,30,1976,4.7
07,31,1976,4.5
08,01,1976,1.5
08,02,1976,0.0
08,03,1976,0.0
08,04,1976,0.0
08,05,1976,1.0
08,06,1976,0.0
08,07,1976,0.0
08,08,1976,0.0
08,09,1976,2.8
08,10,1976,0.0
08,11,1976,0.0
08,12,1976,3.8
08,13,1976,0.0
08,14,1976,1.0
08,15,1976,3.8
08,16,1976,11.0
08,17,1976,12.0
08,18,1976,13.0
08,19,1976,4.1
08,20,1976,3.8
08,21,1976,18.5
08,22,1976,2.4
08,23,1976,13.0
08,24,1976,6.4
08,25,1976,4.0
08,26,1976,6.0
08,27,1976,13.5
08,28,1976,26.0
08,29,1976,0.0
08,30,1976,0.0
08,31,1976,0.0
09,01,1976,0.0
09,02,1976,0.0
09,03,1976,6.5
09,04,1976,0.0
09,05,1976,4.5
09,06,1976,0.0
09,07,1976,0.0
09,08,1976,0.0
09,09,1976,0.0
09,10,1976,0.0
09,11,1976,0.0
09,12,1976,0.0
09,13,1976,0.8
09,14,1976,5.0
09,15,1976,9.0
09,16,1976,0.0
09,17,1976,0.0
09,18,1976,7.2
09,19,1976,2.4
09,20,1976,2.5
09,21,1976,8.7
09,22,1976,0.0
09,23,1976,0.0
09,24,1976,15.0
09,25,1976,2.5
09,26,1976,0.0
09,27,1976,4.7
09,28,1976,0.0
09,29,1976,2.5
09,30,1976,4.0
10,01,1976,23.9
10,02,1976,5.4
10,03,1976,0.2
10,04,1976,3.6
10,05,1976,0.0
10,06,1976,23.4
10,07,1976,16.5
10,08,1976,9.4
10,09,1976,16.0
10,10,1976,14.5
10,11,1976,0.8
10,12,1976,5.3
10,13,1976,19.5
10,14,1976,3.2
10,15,1976,1.8
10,16,1976,0.9
10,17,1976,0.0
10,18,1976,0.0
10,19,1976,0.0
10,20,1976,0.0
10,21,1976,0.0
10,22,1976,0.0
10,23,1976,0.0
10,24,1976,0.0
10,25,1976,0.4
10,26,1976,0.0
10,27,1976,4.0
10,28,1976,0.0
10,29,1976,0.0
10,30,1976,6.2
10,31,1976,0.0
11,01,1976,0.0
11,02,1976,0.0
11,03,1976,0.0
11,04,1976,0.0
11,05,1976,0.0
11,06,1976,0.0
11,07,1976,0.0
11,08,1976,0.0
11,09,1976,0.0
11,10,1976,0.0
11,11,1976,0.0
11,12,1976,0.0
11,13,1976,0.9
11,14,1976,0.0
11,15,1976,0.0
11,16,1976,0.0
11,17,1976,0.0
11,18,1976,0.0
11,19,1976,0.0
11,20,1976,0.0
11,21,1976,0.0
11,22,1976,0.0
11,23,1976,0.0
11,24,1976,0.0
11,25,1976,0.0
11,26,1976,0.0
11,27,1976,16.8
11,28,1976,1.9
11,29,1976,0.0
11,30,1976,0.0
12,01,1976,0.0
12,02,1976,10.9
12,03,1976,0.0
12,04,1976,0.0
12,05,1976,0.0
12,06,1976,0.0
12,07,1976,0.0
12,08,1976,0.0
12,09,1976,0.0
12,10,1976,0.0
12,11,1976,0.0
12,12,1976,2.0
12,13,1976,7.5
12,14,1976,0.0
12,15,1976,0.0
12,16,1976,0.0
12,17,1976,0.0
12,18,1976,0.0
12,19,1976,0.0
12,20,1976,0.0
12,21,1976,0.0
12,22,1976,0.0
12,23,1976,0.0
12,24,1976,0.0
12,25,1976,0.0
12,26,1976,0.0
12,27,1976,0.0
12,28,1976,0.0
12,29,1976,0.0
12,30,1976,0.0
12,31,1976,0.0
01,01,1977,0.0
01,02,1977,0.0
01,03,1977,0.0
01,04,1977,0.0
01,05,1977,0.0
01,06,1977,0.0
01,07,1977,0.0
01,08,1977,0.0
01,09,1977,0.0
01,10,1977,0.0
01,11,1977,0.0
01,12,1977,0.0
01,13,1977,0.0
01,14,1977,0.0
01,15,1977,0.0
01,16,1977,0.0
01,17,1977,0.0
01,18,1977,0.0
01,19,1977,0.0
01,20,1977,0.0
01,21,1977,0.0
01,22,1977,0.0
01,23,1977,0.0
01,24,1977,0.0
01,25,1977,0.0
01,26,1977,0.0
01,27,1977,0.0
01,28,1977,0.0
01,29,1977,0.0
01,30,1977,0.0
01,31,1977,0.0
02,01,1977,0.0
02,02,1977,0.0
02,03,1977,0.0
02,04,1977,0.0
02,05,1977,0.0
02,06,1977,0.0
02,07,1977,0.0
02,08,1977,0.0
02,09,1977,0.0
02,10,1977,0.0
02,11,1977,0.0
02,12,1977,0.0
02,13,1977,0.0
02,14,1977,0.0
02,15,1977,0.0
02,16,1977,0.0
02,17,1977,0.0
02,18,1977,0.0
02,19,1977,0.0
02,20,1977,0.0
02,21,1977,0.0
02,22,1977,0.0
02,23,1977,0.0
02,24,1977,0.0
02,25,1977,0.0
02,26,1977,0.0
02,27,1977,0.0
02,28,1977,0.0
03,01,1977,0.0
03,02,1977,0.0
03,03,1977,0.0
03,04,1977,0.0
03,05,1977,0.0
03,06,1977,0.0
03,07,1977,0.0
03,08,1977,0.0
03,09,1977,0.0
03,10,1977,0.0
03,11,1977,0.0
03,12,1977,0.0
03,13,1977,0.0
03,14,1977,0.0
03,15,1977,0.0
03,16,1977,0.0
03,17,1977,0.0
03,18,1977,0.0
03,19,1977,0.0
03,20,1977,0.0
03,21,1977,0.0
03,22,1977,0.0
03,23,1977,0.0
03,24,1977,0.0
03,25,1977,0.0
03,26,1977,0.0
03,27,1977,0.0
03,28,1977,0.0
03,29,1977,0.0
03,30,1977,0.0
03,31,1977,0.0
04,01,1977,0.0
04,02,1977,0.0
04,03,1977,0.0
04,04,1977,0.0
04,05,1977,0.0
04,06,1977,0.0
04,07,1977,0.0
04,08,1977,0.0
04,09,1977,0.0
04,10,1977,0.0
04,11,1977,0.0
04,12,1977,0.0
04,13,1977,0.0
04,14,1977,0.0
04,15,1977,0.0
04,16,1977,0.0
04,17,1977,0.0
04,18,1977,0.0
04,19,1977,0.0
04,20,1977,0.0
04,21,1977,0.0
04,22,1977,0.0
04,23,1977,0.0
04,24,1977,0.0
04,25,1977,0.0
04,26,1977,0.0
04,27,1977,0.0
04,28,1977,0.0
04,29,1977,0.0
04,30,1977,0.0
05,01,1977,5.2
05,02,1977,9.0
05,03,1977,0.0
05,04,1977,17.2
05,05,1977,0.0
05,06,1977,0.0
05,07,1977,0.0
05,08,1977,0.0
05,09,1977,0.0
05,10,1977,0.0
05,11,1977,0.0
05,12,1977,8.9
05,13,1977,0.0
05,14,1977,27.5
05,15,1977,0.0
05,16,1977,0.0
05,17,1977,6.0
05,18,1977,0.0
05,19,1977,0.0
05,20,1977,32.6
05,21,1977,0.0
05,22,1977,0.0
05,23,1977,0.0
05,24,1977,18.1
05,25,1977,0.0
05,26,1977,8.0
05,27,1977,13.0
05,28,1977,0.0
05,29,1977,1.6
05,30,1977,0.0
05,31,1977,0.0
06,01,1977,0.0
06,02,1977,0.0
06,03,1977,0.0
06,04,1977,0.0
06,05,1977,0.0
06,06,1977,1.8
06,07,1977,0.0
06,08,1977,5.6
06,09,1977,3.6
06,10,1977,13.0
06,11,1977,10.9
06,12,1977,5.8
06,13,1977,0.6
06,14,1977,6.3
06,15,1977,3.3
06,16,1977,1.0
06,17,1977,26.0
06,18,1977,2.1
06,19,1977,7.5
06,20,1977,0.0
06,21,1977,8.8
06,22,1977,9.5
06,23,1977,17.1
06,24,1977,0.0
06,25,1977,0.0
06,26,1977,0.0
06,27,1977,9.8
06,28,1977,5.6
06,29,1977,3.8
06,30,1977,2.8
07,01,1977,1.5
07,02,1977,0.3
07,03,1977,0.0
07,04,1977,0.0
07,05,1977,0.0
07,06,1977,8.9
07,07,1977,1.0
07,08,1977,0.0
07,09,1977,2.9
07,10,1977,1.0
07,11,1977,23.2
07,12,1977,1.2
07,13,1977,0.0
07,14,1977,0.0
07,15,1977,0.0
07,16,1977,0.0
07,17,1977,1.5
07,18,1977,8.6
07,19,1977,27.5
07,20,1977,0.2
07,21,1977,0.0
07,22,1977,0.0
07,23,1977,0.0
07,24,1977,0.2
07,25,1977,0.0
07,26,1977,0.0
07,27,1977,25.6
07,28,1977,0.0
07,29,1977,0.0
07,30,1977,0.0
07,31,1977,20.0
08,01,1977,0.9
08,02,1977,0.0
08,03,1977,0.0
08,04,1977,0.0
08,05,1977,0.0
08,06,1977,2.0
08,07,1977,0.0
08,08,1977,0.0
08,09,1977,34.6
08,10,1977,2.7
08,11,1977,33.6
08,12,1977,5.7
08,13,1977,4.7
08,14,1977,3.7
08,15,1977,3.0
08,16,1977,1.0
08,17,1977,0.0
08,18,1977,0.0
08,19,1977,5.5
08,20,1977,0.0
08,21,1977,4.5
08,22,1977,7.9
08,23,1977,0.0
08,24,1977,4.2
08,25,1977,0.0
08,26,1977,2.0
08,27,1977,0.0
08,28,1977,0.0
08,29,1977,2.5
08,30,1977,3.7
08,31,1977,19.2
09,01,1977,3.5
09,02,1977,15.6
09,03,1977,14.5
09,04,1977,14.9
09,05,1977,2.0
09,06,1977,0.0
09,07,1977,0.0
09,08,1977,0.0
09,09,1977,3.9
09,10,1977,1.9
09,11,1977,3.9
09,12,1977,0.5
09,13,1977,0.0
09,14,1977,14.9
09,15,1977,7.8
09,16,1977,6.9
09,17,1977,0.0
09,18,1977,5.8
09,19,1977,0.9
09,20,1977,9.5
09,21,1977,0.0
09,22,1977,1.8
09,23,1977,0.0
09,24,1977,1.2
09,25,1977,5.4
09,26,1977,1.5
09,27,1977,0.0
09,28,1977,0.0
09,29,1977,0.0
09,30,1977,0.0
10,01,1977,11.5
10,02,1977,2.5
10,03,1977,0.0
10,04,1977,0.0
10,05,1977,0.0
10,06,1977,0.0
10,07,1977,0.0
10,08,1977,0.0
10,09,1977,0.0
10,10,1977,0.0
10,11,1977,0.0
10,12,1977,0.0
10,13,1977,0.0
10,14,1977,0.0
10,15,1977,0.0
10,16,1977,0.0
10,17,1977,0.0
10,18,1977,0.0
10,19,1977,0.0
10,20,1977,0.0
10,21,1977,0.0
10,22,1977,0.0
10,23,1977,0.0
10,24,1977,0.0
10,25,1977,1.9
10,26,1977,9.7
10,27,1977,4.2
10,28,1977,0.0
10,29,1977,14.0
10,30,1977,0.0
10,31,1977,21.0
11,01,1977,6.0
11,02,1977,0.0
11,03,1977,0.0
11,04,1977,0.0
11,05,1977,0.0
11,06,1977,0.0
11,07,1977,0.0
11,08,1977,0.0
11,09,1977,0.0
11,10,1977,0.0
11,11,1977,0.0
11,12,1977,0.0
11,13,1977,0.0
11,14,1977,0.0
11,15,1977,0.0
11,16,1977,0.0
11,17,1977,0.0
11,18,1977,0.0
11,19,1977,0.0
11,20,1977,0.0
11,21,1977,0.0
11,22,1977,6.4
11,23,1977,0.0
11,24,1977,0.0
11,25,1977,0.0
11,26,1977,0.0
11,27,1977,0.0
11,28,1977,0.0
11,29,1977,0.0
11,30,1977,0.0
12,01,1977,0.0
12,02,1977,10.9
12,03,1977,0.0
12,04,1977,0.0
12,05,1977,0.0
12,06,1977,0.0
12,07,1977,0.0
12,08,1977,0.0
12,09,1977,0.0
12,10,1977,0.0
12,11,1977,0.0
12,12,1977,2.0
12,13,1977,7.5
12,14,1977,0.0
12,15,1977,0.0
12,16,1977,0.0
12,17,1977,0.0
12,18,1977,0.0
12,19,1977,0.0
12,20,1977,0.0
12,21,1977,0.0
12,22,1977,0.0
12,23,1977,0.0
12,24,1977,0.0
12,25,1977,0.0
12,26,1977,0.0
12,27,1977,0.0
12,28,1977,0.0
12,29,1977,0.0
12,30,1977,0.0
12,31,1977,0.0
01,01,1978,0.0
01,02,1978,0.0
01,03,1978,0.0
01,04,1978,0.0
01,05,1978,0.0
01,06,1978,0.0
01,07,1978,0.0
01,08,1978,0.0
01,09,1978,4.8
01,10,1978,0.0
01,11,1978,0.0
01,12,1978,0.0
01,13,1978,0.0
01,14,1978,0.0
01,15,1978,0.0
01,16,1978,0.0
01,17,1978,0.0
01,18,1978,0.0
01,19,1978,0.0
01,20,1978,0.0
01,21,1978,0.0
01,22,1978,0.0
01,23,1978,0.0
01,24,1978,0.0
01,25,1978,0.0
01,26,1978,0.0
01,27,1978,0.0
01,28,1978,0.0
01,29,1978,0.0
01,30,1978,0.0
01,31,1978,0.0
02,01,1978,0.0
02,02,1978,0.0
02,03,1978,0.0
02,04,1978,0.0
02,05,1978,0.0
02,06,1978,0.0
02,07,1978,0.0
02,08,1978,0.0
02,09,1978,0.0
02,10,1978,0.0
02,11,1978,0.0
02,12,1978,0.0
02,13,1978,0.0
02,14,1978,0.0
02,15,1978,0.0
02,16,1978,0.0
02,17,1978,0.0
02,18,1978,0.0
02,19,1978,0.0
02,20,1978,0.0
02,21,1978,0.0
02,22,1978,0.0
02,23,1978,0.0
02,24,1978,0.0
02,25,1978,0.0
02,26,1978,0.0
02,27,1978,0.0
02,28,1978,0.0
03,01,1978,0.0
03,02,1978,0.0
03,03,1978,0.0
03,04,1978,0.0
03,05,1978,0.0
03,06,1978,0.0
03,07,1978,0.0
03,08,1978,0.0
03,09,1978,0.0
03,10,1978,0.0
03,11,1978,0.0
03,12,1978,0.0
03,13,1978,0.0
03,14,1978,0.0
03,15,1978,0.0
03,16,1978,18.8
03,17,1978,0.0
03,18,1978,0.0
03,19,1978,0.0
03,20,1978,0.0
03,21,1978,0.0
03,22,1978,0.0
03,23,1978,0.0
03,24,1978,0.0
03,25,1978,0.0
03,26,1978,2.2
03,27,1978,0.0
03,28,1978,0.0
03,29,1978,0.0
03,30,1978,0.0
03,31,1978,4.3
04,01,1978,0.0
04,02,1978,0.0
04,03,1978,0.0
04,04,1978,0.0
04,05,1978,0.0
04,06,1978,0.0
04,07,1978,0.0
04,08,1978,0.0
04,09,1978,0.0
04,10,1978,0.0
04,11,1978,0.0
04,12,1978,0.0
04,13,1978,0.0
04,14,1978,0.0
04,15,1978,3.4
04,16,1978,0.0
04,17,1978,0.0
04,18,1978,0.0
04,19,1978,0.0
04,20,1978,0.0
04,21,1978,0.0
04,22,1978,0.0
04,23,1978,0.0
04,24,1978,0.0
04,25,1978,0.0
04,26,1978,0.0
04,27,1978,0.0
04,28,1978,7.3
04,29,1978,0.0
04,30,1978,0.0
05,01,1978,0.0
05,02,1978,0.0
05,03,1978,0.0
05,04,1978,0.0
05,05,1978,0.0
05,06,1978,0.0
05,07,1978,0.0
05,08,1978,0.0
05,09,1978,0.0
05,10,1978,0.3
05,11,1978,0.0
05,12,1978,0.0
05,13,1978,0.0
05,14,1978,0.0
05,15,1978,0.0
05,16,1978,10.3
05,17,1978,0.0
05,18,1978,0.0
05,19,1978,0.0
05,20,1978,0.0
05,21,1978,26.1
05,22,1978,0.0
05,23,1978,4.5
05,24,1978,6.1
05,25,1978,6.0
05,26,1978,0.0
05,27,1978,0.0
05,28,1978,0.0
05,29,1978,0.0
05,30,1978,23.9
05,31,1978,30.3
06,01,1978,10.0
06,02,1978,16.4
06,03,1978,0.0
06,04,1978,0.0
06,05,1978,0.0
06,06,1978,38.1
06,07,1978,0.0
06,08,1978,70.1
06,09,1978,25.9
06,10,1978,20.0
06,11,1978,6.5
06,12,1978,1.4
06,13,1978,0.0
06,14,1978,0.0
06,15,1978,3.0
06,16,1978,0.9
06,17,1978,17.7
06,18,1978,0.0
06,19,1978,1.8
06,20,1978,27.3
06,21,1978,5.9
06,22,1978,10.2
06,23,1978,11.2
06,24,1978,6.3
06,25,1978,3.0
06,26,1978,0.0
06,27,1978,13.3
06,28,1978,2.3
06,29,1978,3.6
06,30,1978,0.0
07,01,1978,8.9
07,02,1978,0.0
07,03,1978,0.0
07,04,1978,2.9
07,05,1978,0.0
07,06,1978,0.0
07,07,1978,0.0
07,08,1978,0.0
07,09,1978,0.0
07,10,1978,0.0
07,11,1978,0.0
07,12,1978,0.0
07,13,1978,6.3
07,14,1978,0.3
07,15,1978,0.0
07,16,1978,0.0
07,17,1978,0.0
07,18,1978,26.4
07,19,1978,5.0
07,20,1978,0.0
07,21,1978,5.1
07,22,1978,15.0
07,23,1978,14.4
07,24,1978,0.0
07,25,1978,0.0
07,26,1978,14.0
07,27,1978,6.4
07,28,1978,0.0
07,29,1978,4.1
07,30,1978,24.9
07,31,1978,3.1
08,01,1978,0.0
08,02,1978,0.0
08,03,1978,0.0
08,04,1978,0.0
08,05,1978,0.0
08,06,1978,0.0
08,07,1978,0.9
08,08,1978,7.4
08,09,1978,4.4
08,10,1978,9.4
08,11,1978,0.0
08,12,1978,1.7
08,13,1978,2.6
08,14,1978,0.8
08,15,1978,0.0
08,16,1978,0.0
08,17,1978,0.0
08,18,1978,7.3
08,19,1978,10.4
08,20,1978,1.9
08,21,1978,0.0
08,22,1978,6.9
08,23,1978,1.0
08,24,1978,0.0
08,25,1978,2.5
08,26,1978,38.8
08,27,1978,0.0
08,28,1978,0.0
08,29,1978,0.0
08,30,1978,0.0
08,31,1978,4.5
09,01,1978,2.5
09,02,1978,0.0
09,03,1978,0.0
09,04,1978,37.3
09,05,1978,2.4
09,06,1978,7.2
09,07,1978,0.0
09,08,1978,7.6
09,09,1978,7.0
09,10,1978,0.0
09,11,1978,0.0
09,12,1978,0.0
09,13,1978,0.0
09,14,1978,0.0
09,15,1978,0.0
09,16,1978,0.0
09,17,1978,3.0
09,18,1978,12.8
09,19,1978,0.0
09,20,1978,0.0
09,21,1978,7.3
09,22,1978,0.0
09,23,1978,2.0
09,24,1978,20.7
09,25,1978,2.1
09,26,1978,0.0
09,27,1978,27.3
09,28,1978,17.2
09,29,1978,17.0
09,30,1978,2.7
10,01,1978,2.7
10,02,1978,12.0
10,03,1978,6.0
10,04,1978,10.1
10,05,1978,10.4
10,06,1978,20.7
10,07,1978,2.3
10,08,1978,20.9
10,09,1978,9.5
10,10,1978,0.0
10,11,1978,0.0
10,12,1978,0.0
10,13,1978,0.0
10,14,1978,2.9
10,15,1978,0.0
10,16,1978,0.0
10,17,1978,0.0
10,18,1978,0.0
10,19,1978,0.0
10,20,1978,0.0
10,21,1978,0.0
10,22,1978,0.0
10,23,1978,0.0
10,24,1978,0.0
10,25,1978,0.0
10,26,1978,0.0
10,27,1978,0.0
10,28,1978,0.0
10,29,1978,0.0
10,30,1978,0.0
10,31,1978,0.0
11,01,1978,0.0
11,02,1978,0.0
11,03,1978,0.0
11,04,1978,0.0
11,05,1978,6.2
11,06,1978,0.0
11,07,1978,0.0
11,08,1978,0.0
11,09,1978,1.0
11,10,1978,0.0
11,11,1978,0.0
11,12,1978,0.0
11,13,1978,0.0
11,14,1978,0.0
11,15,1978,6.9
11,16,1978,3.1
11,17,1978,0.0
11,18,1978,0.0
11,19,1978,0.0
11,20,1978,0.0
11,21,1978,0.0
11,22,1978,0.0
11,23,1978,0.0
11,24,1978,14.6
11,25,1978,6.3
11,26,1978,0.0
11,27,1978,0.0
11,28,1978,0.0
11,29,1978,0.0
11,30,1978,0.0
12,01,1978,0.0
12,02,1978,0.0
12,03,1978,0.0
12,04,1978,0.0
12,05,1978,0.0
12,06,1978,0.0
12,07,1978,0.0
12,08,1978,0.0
12,09,1978,7.3
12,10,1978,0.0
12,11,1978,0.0
12,12,1978,4.1
12,13,1978,0.0
12,14,1978,0.0
12,15,1978,0.0
12,16,1978,0.0
12,17,1978,0.0
12,18,1978,0.0
12,19,1978,0.0
12,20,1978,0.0
12,21,1978,0.0
12,22,1978,0.0
12,23,1978,0.0
12,24,1978,0.0
12,25,1978,0.0
12,26,1978,0.0
12,27,1978,0.0
12,28,1978,0.0
12,29,1978,0.0
12,30,1978,0.0
12,31,1978,0.0
01,01,1979,0.0
01,02,1979,0.0
01,03,1979,0.0
01,04,1979,0.0
01,05,1979,0.0
01,06,1979,0.0
01,07,1979,0.0
01,08,1979,0.0
01,09,1979,0.0
01,10,1979,0.0
01,11,1979,0.0
01,12,1979,0.0
01,13,1979,0.0
01,14,1979,0.0
01,15,1979,0.0
01,16,1979,0.0
01,17,1979,0.0
01,18,1979,0.0
01,19,1979,0.0
01,20,1979,0.0
01,21,1979,0.0
01,22,1979,0.0
01,23,1979,0.0
01,24,1979,0.0
01,25,1979,0.0
01,26,1979,0.0
01,27,1979,0.0
01,28,1979,0.0
01,29,1979,0.0
01,30,1979,0.0
01,31,1979,0.0
02,01,1979,0.0
02,02,1979,0.0
02,03,1979,0.0
02,04,1979,0.0
02,05,1979,0.0
02,06,1979,0.0
02,07,1979,1.0
02,08,1979,0.0
02,09,1979,0.0
02,10,1979,0.0
02,11,1979,0.5
02,12,1979,0.0
02,13,1979,0.0
02,14,1979,0.0
02,15,1979,0.0
02,16,1979,0.0
02,17,1979,0.0
02,18,1979,3.4
02,19,1979,0.0
02,20,1979,0.0
02,21,1979,0.0
02,22,1979,0.0
02,23,1979,0.0
02,24,1979,0.0
02,25,1979,0.0
02,26,1979,0.0
02,27,1979,0.0
02,28,1979,0.0
03,01,1979,0.0
03,02,1979,0.0
03,03,1979,0.0
03,04,1979,0.0
03,05,1979,0.0
03,06,1979,0.0
03,07,1979,0.0
03,08,1979,0.0
03,09,1979,0.0
03,10,1979,0.0
03,11,1979,0.0
03,12,1979,0.0
03,13,1979,0.0
03,14,1979,0.0
03,15,1979,0.0
03,16,1979,0.0
03,17,1979,0.0
03,18,1979,0.0
03,19,1979,0.0
03,20,1979,0.0
03,21,1979,0.0
03,22,1979,0.0
03,23,1979,0.0
03,24,1979,0.0
03,25,1979,0.0
03,26,1979,0.0
03,27,1979,0.0
03,28,1979,0.0
03,29,1979,0.0
03,30,1979,0.0
03,31,1979,0.0
04,01,1979,0.0
04,02,1979,0.0
04,03,1979,0.0
04,04,1979,0.0
04,05,1979,3.6
04,06,1979,0.0
04,07,1979,0.0
04,08,1979,0.0
04,09,1979,0.0
04,10,1979,0.0
04,11,1979,0.0
04,12,1979,0.0
04,13,1979,0.0
04,14,1979,0.0
04,15,1979,4.0
04,16,1979,2.5
04,17,1979,4.5
04,18,1979,0.0
04,19,1979,0.0
04,20,1979,0.0
04,21,1979,0.0
04,22,1979,0.0
04,23,1979,0.0
04,24,1979,0.0
04,25,1979,0.0
04,26,1979,0.0
04,27,1979,0.0
04,28,1979,0.0
04,29,1979,0.0
04,30,1979,0.0
05,01,1979,0.0
05,02,1979,0.0
05,03,1979,0.0
05,04,1979,0.0
05,05,1979,0.0
05,06,1979,0.0
05,07,1979,0.0
05,08,1979,0.0
05,09,1979,0.0
05,10,1979,0.0
05,11,1979,0.0
05,12,1979,0.0
05,13,1979,9.0
05,14,1979,0.0
05,15,1979,8.0
05,16,1979,21.5
05,17,1979,0.0
05,18,1979,0.0
05,19,1979,0.0
05,20,1979,16.6
05,21,1979,0.2
05,22,1979,0.0
05,23,1979,14.0
05,24,1979,15.0
05,25,1979,11.0
05,26,1979,23.5
05,27,1979,1.5
05,28,1979,0.0
05,29,1979,0.0
05,30,1979,0.0
05,31,1979,6.0
06,01,1979,0.0
06,02,1979,0.0
06,03,1979,0.0
06,04,1979,6.0
06,05,1979,6.5
06,06,1979,2.8
06,07,1979,0.0
06,08,1979,7.2
06,09,1979,0.0
06,10,1979,0.0
06,11,1979,0.0
06,12,1979,0.0
06,13,1979,0.0
06,14,1979,0.0
06,15,1979,0.0
06,16,1979,0.0
06,17,1979,0.0
06,18,1979,0.0
06,19,1979,3.5
06,20,1979,0.0
06,21,1979,0.0
06,22,1979,0.0
06,23,1979,0.0
06,24,1979,0.0
06,25,1979,0.0
06,26,1979,6.5
06,27,1979,0.0
06,28,1979,3.0
06,29,1979,0.0
06,30,1979,31.0
07,01,1979,0.0
07,02,1979,0.0
07,03,1979,0.0
07,04,1979,2.5
07,05,1979,16.0
07,06,1979,0.0
07,07,1979,0.0
07,08,1979,3.5
07,09,1979,7.5
07,10,1979,20.0
07,11,1979,0.0
07,12,1979,6.0
07,13,1979,1.0
07,14,1979,3.5
07,15,1979,0.0
07,16,1979,0.0
07,17,1979,0.0
07,18,1979,1.0
07,19,1979,14.0
07,20,1979,0.0
07,21,1979,0.0
07,22,1979,0.0
07,23,1979,0.0
07,24,1979,14.5
07,25,1979,10.0
07,26,1979,1.5
07,27,1979,2.5
07,28,1979,14.0
07,29,1979,4.5
07,30,1979,9.0
07,31,1979,1.5
08,01,1979,0.0
08,02,1979,0.0
08,03,1979,12.5
08,04,1979,0.0
08,05,1979,0.0
08,06,1979,0.0
08,07,1979,0.0
08,08,1979,1.5
08,09,1979,1.5
08,10,1979,0.0
08,11,1979,12.5
08,12,1979,12.0
08,13,1979,0.0
08,14,1979,10.5
08,15,1979,16.5
08,16,1979,0.0
08,17,1979,0.0
08,18,1979,0.0
08,19,1979,0.0
08,20,1979,1.5
08,21,1979,0.0
08,22,1979,0.0
08,23,1979,10.7
08,24,1979,6.5
08,25,1979,50.3
08,26,1979,10.2
08,27,1979,0.0
08,28,1979,4.5
08,29,1979,3.5
08,30,1979,3.5
08,31,1979,21.0
09,01,1979,9.3
09,02,1979,4.5
09,03,1979,0.0
09,04,1979,0.0
09,05,1979,11.5
09,06,1979,4.5
09,07,1979,23.1
09,08,1979,6.5
09,09,1979,0.0
09,10,1979,0.0
09,11,1979,0.0
09,12,1979,4.0
09,13,1979,24.5
09,14,1979,13.6
09,15,1979,6.2
09,16,1979,0.0
09,17,1979,1.5
09,18,1979,0.5
09,19,1979,7.5
09,20,1979,0.0
09,21,1979,3.9
09,22,1979,2.0
09,23,1979,0.0
09,24,1979,0.0
09,25,1979,0.0
09,26,1979,0.0
09,27,1979,0.0
09,28,1979,0.0
09,29,1979,0.0
09,30,1979,0.0
10,01,1979,0.0
10,02,1979,0.0
10,03,1979,0.0
10,04,1979,0.0
10,05,1979,0.0
10,06,1979,0.0
10,07,1979,0.0
10,08,1979,0.0
10,09,1979,0.0
10,10,1979,0.0
10,11,1979,0.0
10,12,1979,0.0
10,13,1979,0.0
10,14,1979,0.0
10,15,1979,0.0
10,16,1979,0.0
10,17,1979,0.0
10,18,1979,0.0
10,19,1979,0.0
10,20,1979,0.0
10,21,1979,0.0
10,22,1979,0.0
10,23,1979,0.0
10,24,1979,0.0
10,25,1979,3.0
10,26,1979,3.0
10,27,1979,0.0
10,28,1979,3.0
10,29,1979,0.0
10,30,1979,0.0
10,31,1979,0.0
11,01,1979,0.0
11,02,1979,0.0
11,03,1979,0.0
11,04,1979,0.0
11,05,1979,0.0
11,06,1979,0.0
11,07,1979,0.0
11,08,1979,0.0
11,09,1979,0.0
11,10,1979,0.0
11,11,1979,0.0
11,12,1979,0.0
11,13,1979,0.0
11,14,1979,0.0
11,15,1979,0.0
11,16,1979,0.0
11,17,1979,0.0
11,18,1979,0.0
11,19,1979,0.0
11,20,1979,0.0
11,21,1979,0.0
11,22,1979,0.0
11,23,1979,0.0
11,24,1979,0.0
11,25,1979,0.0
11,26,1979,0.0
11,27,1979,0.0
11,28,1979,0.0
11,29,1979,0.0
11,30,1979,0.0
12,01,1979,0.0
12,02,1979,0.0
12,03,1979,0.0
12,04,1979,0.0
12,05,1979,0.0
12,06,1979,0.0
12,07,1979,0.5
12,08,1979,0.0
12,09,1979,0.0
12,10,1979,0.0
12,11,1979,0.0
12,12,1979,0.0
12,13,1979,0.0
12,14,1979,0.0
12,15,1979,0.0
12,16,1979,0.0
12,17,1979,0.0
12,18,1979,0.0
12,19,1979,0.0
12,20,1979,0.0
12,21,1979,0.0
12,22,1979,0.0
12,23,1979,0.0
12,24,1979,0.0
12,25,1979,0.0
12,26,1979,0.0
12,27,1979,0.0
12,28,1979,0.0
12,29,1979,0.0
12,30,1979,0.0
12,31,1979,0.0
01,01,1980,0.0
01,02,1980,0.0
01,03,1980,0.0
01,04,1980,0.0
01,05,1980,0.0
01,06,1980,0.0
01,07,1980,0.0
01,08,1980,0.0
01,09,1980,0.0
01,10,1980,0.0
01,11,1980,0.0
01,12,1980,0.0
01,13,1980,0.0
01,14,1980,0.0
01,15,1980,0.0
01,16,1980,0.0
01,17,1980,0.0
01,18,1980,0.0
01,19,1980,0.0
01,20,1980,0.0
01,21,1980,0.0
01,22,1980,0.0
01,23,1980,0.0
01,24,1980,1.0
01,25,1980,51.0
01,26,1980,0.2
01,27,1980,0.0
01,28,1980,0.0
01,29,1980,0.0
01,30,1980,0.0
01,31,1980,0.0
02,01,1980,0.0
02,02,1980,0.0
02,03,1980,0.0
02,04,1980,0.0
02,05,1980,0.0
02,06,1980,0.0
02,07,1980,0.0
02,08,1980,0.0
02,09,1980,0.0
02,10,1980,0.0
02,11,1980,0.0
02,12,1980,0.0
02,13,1980,0.0
02,14,1980,0.0
02,15,1980,0.0
02,16,1980,0.0
02,17,1980,0.0
02,18,1980,0.0
02,19,1980,0.0
02,20,1980,0.0
02,21,1980,0.0
02,22,1980,0.0
02,23,1980,0.0
02,24,1980,0.0
02,25,1980,0.0
02,26,1980,0.0
02,27,1980,0.0
02,28,1980,0.0
02,29,1980,0.0
03,01,1980,0.0
03,02,1980,0.0
03,03,1980,0.0
03,04,1980,0.0
03,05,1980,0.0
03,06,1980,0.0
03,07,1980,0.0
03,08,1980,0.0
03,09,1980,0.0
03,10,1980,0.0
03,11,1980,0.0
03,12,1980,0.0
03,13,1980,0.0
03,14,1980,0.0
03,15,1980,0.0
03,16,1980,0.0
03,17,1980,0.0
03,18,1980,0.0
03,19,1980,0.0
03,20,1980,0.0
03,21,1980,0.0
03,22,1980,0.0
03,23,1980,0.0
03,24,1980,0.0
03,25,1980,0.0
03,26,1980,0.0
03,27,1980,0.0
03,28,1980,0.0
03,29,1980,0.0
03,30,1980,0.0
03,31,1980,0.0
04,01,1980,0.0
04,02,1980,0.0
04,03,1980,0.0
04,04,1980,0.0
04,05,1980,0.0
04,06,1980,0.0
04,07,1980,0.0
04,08,1980,1.5
04,09,1980,0.0
04,10,1980,0.0
04,11,1980,5.5
04,12,1980,0.0
04,13,1980,0.0
04,14,1980,0.0
04,15,1980,0.0
04,16,1980,1.0
04,17,1980,0.0
04,18,1980,0.0
04,19,1980,0.0
04,20,1980,0.0
04,21,1980,0.0
04,22,1980,1.5
04,23,1980,0.0
04,24,1980,0.0
04,25,1980,0.0
04,26,1980,0.0
04,27,1980,0.7
04,28,1980,0.0
04,29,1980,0.0
04,30,1980,0.0
05,01,1980,0.0
05,02,1980,0.0
05,03,1980,0.0
05,04,1980,6.4
05,05,1980,0.4
05,06,1980,0.3
05,07,1980,0.0
05,08,1980,0.0
05,09,1980,0.0
05,10,1980,0.0
05,11,1980,0.0
05,12,1980,0.0
05,13,1980,0.0
05,14,1980,0.0
05,15,1980,0.0
05,16,1980,0.0
05,17,1980,15.0
05,18,1980,13.5
05,19,1980,0.0
05,20,1980,0.0
05,21,1980,0.0
05,22,1980,0.0
05,23,1980,1.4
05,24,1980,3.0
05,25,1980,0.0
05,26,1980,0.0
05,27,1980,0.0
05,28,1980,0.0
05,29,1980,0.0
05,30,1980,0.0
05,31,1980,0.0
06,01,1980,0.0
06,02,1980,0.0
06,03,1980,0.0
06,04,1980,0.6
06,05,1980,4.7
06,06,1980,0.0
06,07,1980,0.0
06,08,1980,0.0
06,09,1980,0.0
06,10,1980,0.0
06,11,1980,0.0
06,12,1980,0.0
06,13,1980,0.0
06,14,1980,0.0
06,15,1980,0.0
06,16,1980,0.0
06,17,1980,0.0
06,18,1980,0.0
06,19,1980,0.0
06,20,1980,18.7
06,21,1980,0.8
06,22,1980,12.1
06,23,1980,11.1
06,24,1980,2.0
06,25,1980,0.0
06,26,1980,19.7
06,27,1980,57.0
06,28,1980,12.2
06,29,1980,11.9
06,30,1980,3.4
07,01,1980,0.0
07,02,1980,0.0
07,03,1980,0.0
07,04,1980,19.3
07,05,1980,0.0
07,06,1980,0.0
07,07,1980,1.3
07,08,1980,6.3
07,09,1980,11.9
07,10,1980,1.0
07,11,1980,0.0
07,12,1980,2.6
07,13,1980,19.0
07,14,1980,3.2
07,15,1980,0.0
07,16,1980,0.0
07,17,1980,1.0
07,18,1980,1.0
07,19,1980,32.2
07,20,1980,22.7
07,21,1980,17.5
07,22,1980,0.0
07,23,1980,0.0
07,24,1980,9.7
07,25,1980,5.5
07,26,1980,2.7
07,27,1980,0.5
07,28,1980,7.4
07,29,1980,7.7
07,30,1980,0.0
07,31,1980,0.0
08,01,1980,2.0
08,02,1980,19.2
08,03,1980,5.2
08,04,1980,0.0
08,05,1980,3.8
08,06,1980,0.0
08,07,1980,1.8
08,08,1980,10.2
08,09,1980,0.0
08,10,1980,0.0
08,11,1980,13.8
08,12,1980,8.7
08,13,1980,0.0
08,14,1980,65.0
08,15,1980,4.0
08,16,1980,8.0
08,17,1980,1.0
08,18,1980,23.5
08,19,1980,0.4
08,20,1980,2.6
08,21,1980,0.0
08,22,1980,5.0
08,23,1980,0.0
08,24,1980,18.5
08,25,1980,1.1
08,26,1980,0.0
08,27,1980,21.0
08,28,1980,3.0
08,29,1980,0.8
08,30,1980,64.4
08,31,1980,33.2
09,01,1980,2.1
09,02,1980,0.1
09,03,1980,0.0
09,04,1980,14.5
09,05,1980,6.1
09,06,1980,6.0
09,07,1980,9.7
09,08,1980,5.4
09,09,1980,6.2
09,10,1980,0.0
09,11,1980,9.9
09,12,1980,1.3
09,13,1980,0.0
09,14,1980,0.0
09,15,1980,0.0
09,16,1980,0.0
09,17,1980,0.7
09,18,1980,4.5
09,19,1980,1.5
09,20,1980,0.0
09,21,1980,13.2
09,22,1980,8.5
09,23,1980,0.7
09,24,1980,32.6
09,25,1980,8.7
09,26,1980,27.0
09,27,1980,47.7
09,28,1980,10.0
09,29,1980,2.5
09,30,1980,1.0
10,01,1980,6.9
10,02,1980,8.9
10,03,1980,4.2
10,04,1980,0.0
10,05,1980,0.0
10,06,1980,0.0
10,07,1980,0.0
10,08,1980,0.0
10,09,1980,0.0
10,10,1980,0.0
10,11,1980,0.0
10,12,1980,0.0
10,13,1980,0.0
10,14,1980,0.0
10,15,1980,0.0
10,16,1980,0.0
10,17,1980,0.0
10,18,1980,0.0
10,19,1980,3.0
10,20,1980,0.0
10,21,1980,0.0
10,22,1980,0.0
10,23,1980,0.0
10,24,1980,0.0
10,25,1980,0.0
10,26,1980,0.0
10,27,1980,0.0
10,28,1980,0.0
10,29,1980,20.0
10,30,1980,11.0
10,31,1980,0.0
11,01,1980,0.0
11,02,1980,0.0
11,03,1980,1.0
11,04,1980,0.0
11,05,1980,0.0
11,06,1980,0.0
11,07,1980,0.0
11,08,1980,0.0
11,09,1980,0.0
11,10,1980,0.0
11,11,1980,0.0
11,12,1980,0.0
11,13,1980,0.0
11,14,1980,0.0
11,15,1980,0.0
11,16,1980,0.0
11,17,1980,0.0
11,18,1980,0.0
11,19,1980,0.0
11,20,1980,0.0
11,21,1980,0.0
11,22,1980,0.0
11,23,1980,0.0
11,24,1980,0.0
11,25,1980,0.0
11,26,1980,0.0
11,27,1980,0.0
11,28,1980,0.0
11,29,1980,0.0
11,30,1980,0.0
12,01,1980,0.0
12,02,1980,0.0
12,03,1980,0.0
12,04,1980,0.0
12,05,1980,0.0
12,06,1980,0.0
12,07,1980,0.0
12,08,1980,0.0
12,09,1980,0.0
12,10,1980,0.0
12,11,1980,0.0
12,12,1980,0.0
12,13,1980,0.0
12,14,1980,0.0
12,15,1980,0.0
12,16,1980,0.0
12,17,1980,0.0
12,18,1980,0.0
12,19,1980,0.0
12,20,1980,0.0
12,21,1980,0.0
12,22,1980,0.0
12,23,1980,0.0
12,24,1980,0.0
12,25,1980,0.0
12,26,1980,0.0
12,27,1980,0.0
12,28,1980,0.0
12,29,1980,0.0
12,30,1980,0.0
12,31,1980,0.0
01,01,1981,0.0
01,02,1981,0.0
01,03,1981,0.0
01,04,1981,0.0
01,05,1981,0.0
01,06,1981,0.0
01,07,1981,0.0
01,08,1981,0.0
01,09,1981,0.0
01,10,1981,0.0
01,11,1981,0.0
01,12,1981,0.0
01,13,1981,0.0
01,14,1981,0.0
01,15,1981,0.0
01,16,1981,0.0
01,17,1981,0.0
01,18,1981,4.9
01,19,1981,6.8
01,20,1981,0.0
01,21,1981,0.0
01,22,1981,0.0
01,23,1981,1.1
01,24,1981,0.0
01,25,1981,0.0
01,26,1981,0.0
01,27,1981,0.0
01,28,1981,0.0
01,29,1981,0.0
01,30,1981,0.0
01,31,1981,0.0
02,01,1981,0.0
02,02,1981,0.0
02,03,1981,0.0
02,04,1981,0.0
02,05,1981,0.0
02,06,1981,0.0
02,07,1981,0.0
02,08,1981,0.0
02,09,1981,0.0
02,10,1981,0.0
02,11,1981,0.0
02,12,1981,0.0
02,13,1981,0.0
02,14,1981,0.0
02,15,1981,0.0
02,16,1981,0.0
02,17,1981,0.0
02,18,1981,0.0
02,19,1981,0.0
02,20,1981,0.0
02,21,1981,2.0
02,22,1981,1.3
02,23,1981,0.4
02,24,1981,0.0
02,25,1981,0.0
02,26,1981,0.0
02,27,1981,0.0
02,28,1981,0.0
03,01,1981,0.0
03,02,1981,0.0
03,03,1981,0.0
03,04,1981,0.0
03,05,1981,0.0
03,06,1981,0.0
03,07,1981,0.0
03,08,1981,0.0
03,09,1981,0.0
03,10,1981,5.0
03,11,1981,0.0
03,12,1981,1.0
03,13,1981,0.0
03,14,1981,0.0
03,15,1981,0.0
03,16,1981,0.0
03,17,1981,0.0
03,18,1981,0.0
03,19,1981,0.0
03,20,1981,0.0
03,21,1981,0.0
03,22,1981,0.0
03,23,1981,0.0
03,24,1981,0.0
03,25,1981,0.0
03,26,1981,0.0
03,27,1981,0.0
03,28,1981,0.0
03,29,1981,0.0
03,30,1981,0.0
03,31,1981,0.0
04,01,1981,0.0
04,02,1981,0.0
04,03,1981,0.0
04,04,1981,0.0
04,05,1981,0.0
04,06,1981,0.0
04,07,1981,0.0
04,08,1981,0.0
04,09,1981,0.0
04,10,1981,0.0
04,11,1981,9.0
04,12,1981,0.0
04,13,1981,4.8
04,14,1981,20.0
04,15,1981,7.0
04,16,1981,2.0
04,17,1981,0.0
04,18,1981,0.0
04,19,1981,0.0
04,20,1981,0.0
04,21,1981,6.6
04,22,1981,0.0
04,23,1981,0.0
04,24,1981,0.0
04,25,1981,0.0
04,26,1981,0.0
04,27,1981,0.0
04,28,1981,0.0
04,29,1981,35.0
04,30,1981,0.0
05,01,1981,0.0
05,02,1981,0.0
05,03,1981,0.0
05,04,1981,0.0
05,05,1981,0.0
05,06,1981,0.0
05,07,1981,0.0
05,08,1981,0.0
05,09,1981,0.0
05,10,1981,10.7
05,11,1981,0.0
05,12,1981,0.0
05,13,1981,0.0
05,14,1981,0.0
05,15,1981,0.0
05,16,1981,0.0
05,17,1981,0.0
05,18,1981,0.0
05,19,1981,0.0
05,20,1981,0.0
05,21,1981,0.0
05,22,1981,5.1
05,23,1981,0.0
05,24,1981,0.0
05,25,1981,13.5
05,26,1981,0.0
05,27,1981,0.0
05,28,1981,0.0
05,29,1981,0.5
05,30,1981,41.4
05,31,1981,0.5
06,01,1981,6.2
06,02,1981,6.7
06,03,1981,2.6
06,04,1981,0.0
06,05,1981,5.5
06,06,1981,2.3
06,07,1981,5.0
06,08,1981,28.5
06,09,1981,1.5
06,10,1981,1.6
06,11,1981,2.3
06,12,1981,11.0
06,13,1981,5.4
06,14,1981,5.5
06,15,1981,0.0
06,16,1981,37.0
06,17,1981,6.0
06,18,1981,31.0
06,19,1981,0.0
06,20,1981,10.4
06,21,1981,3.0
06,22,1981,1.9
06,23,1981,15.8
06,24,1981,9.9
06,25,1981,27.7
06,26,1981,4.0
06,27,1981,1.9
06,28,1981,8.3
06,29,1981,12.0
06,30,1981,0.0
07,01,1981,3.1
07,02,1981,3.0
07,03,1981,28.5
07,04,1981,23.0
07,05,1981,0.0
07,06,1981,0.0
07,07,1981,7.9
07,08,1981,4.3
07,09,1981,0.0
07,10,1981,3.3
07,11,1981,2.4
07,12,1981,0.0
07,13,1981,0.0
07,14,1981,13.3
07,15,1981,0.5
07,16,1981,0.0
07,17,1981,0.0
07,18,1981,15.0
07,19,1981,2.4
07,20,1981,14.4
07,21,1981,2.8
07,22,1981,19.5
07,23,1981,2.5
07,24,1981,0.0
07,25,1981,10.9
07,26,1981,5.0
07,27,1981,14.7
07,28,1981,2.3
07,29,1981,0.0
07,30,1981,0.0
07,31,1981,1.0
08,01,1981,0.0
08,02,1981,0.0
08,03,1981,0.0
08,04,1981,0.8
08,05,1981,0.0
08,06,1981,0.0
08,07,1981,0.0
08,08,1981,0.0
08,09,1981,0.0
08,10,1981,13.0
08,11,1981,0.0
08,12,1981,0.0
08,13,1981,7.5
08,14,1981,15.0
08,15,1981,23.7
08,16,1981,0.5
08,17,1981,11.5
08,18,1981,10.2
08,19,1981,0.0
08,20,1981,3.7
08,21,1981,5.7
08,22,1981,15.1
08,23,1981,7.2
08,24,1981,0.0
08,25,1981,0.3
08,26,1981,51.4
08,27,1981,5.2
08,28,1981,3.5
08,29,1981,25.0
08,30,1981,1.2
08,31,1981,0.0
09,01,1981,0.6
09,02,1981,0.0
09,03,1981,0.0
09,04,1981,16.1
09,05,1981,9.0
09,06,1981,34.0
09,07,1981,0.0
09,08,1981,0.0
09,09,1981,0.0
09,10,1981,0.0
09,11,1981,0.0
09,12,1981,0.0
09,13,1981,0.0
09,14,1981,5.5
09,15,1981,0.0
09,16,1981,0.0
09,17,1981,0.8
09,18,1981,0.0
09,19,1981,0.0
09,20,1981,0.0
09,21,1981,0.0
09,22,1981,0.0
09,23,1981,0.0
09,24,1981,0.0
09,25,1981,0.0
09,26,1981,5.6
09,27,1981,0.0
09,28,1981,21.8
09,29,1981,15.4
09,30,1981,15.5
10,01,1981,2.6
10,02,1981,0.0
10,03,1981,0.0
10,04,1981,7.2
10,05,1981,4.0
10,06,1981,0.0
10,07,1981,2.9
10,08,1981,0.0
10,09,1981,6.5
10,10,1981,26.0
10,11,1981,14.1
10,12,1981,18.4
10,13,1981,5.3
10,14,1981,0.0
10,15,1981,0.0
10,16,1981,0.0
10,17,1981,0.0
10,18,1981,0.0
10,19,1981,0.0
10,20,1981,0.0
10,21,1981,0.0
10,22,1981,0.0
10,23,1981,0.0
10,24,1981,0.0
10,25,1981,0.0
10,26,1981,3.0
10,27,1981,0.0
10,28,1981,0.0
10,29,1981,1.0
10,30,1981,19.5
10,31,1981,11.7
11,01,1981,0.0
11,02,1981,0.0
11,03,1981,0.0
11,04,1981,0.0
11,05,1981,0.0
11,06,1981,0.0
11,07,1981,0.0
11,08,1981,0.0
11,09,1981,0.0
11,10,1981,0.0
11,11,1981,0.0
11,12,1981,0.0
11,13,1981,0.0
11,14,1981,0.0
11,15,1981,0.0
11,16,1981,0.0
11,17,1981,0.0
11,18,1981,0.0
11,19,1981,0.0
11,20,1981,0.0
11,21,1981,0.0
11,22,1981,0.0
11,23,1981,0.0
11,24,1981,0.0
11,25,1981,0.0
11,26,1981,0.0
11,27,1981,0.0
11,28,1981,0.0
11,29,1981,0.0
11,30,1981,11.6
12,01,1981,0.0
12,02,1981,0.0
12,03,1981,0.0
12,04,1981,0.0
12,05,1981,0.0
12,06,1981,0.0
12,07,1981,0.0
12,08,1981,0.0
12,09,1981,0.0
12,10,1981,0.0
12,11,1981,0.0
12,12,1981,0.0
12,13,1981,0.0
12,14,1981,0.0
12,15,1981,0.0
12,16,1981,0.0
12,17,1981,0.0
12,18,1981,0.0
12,19,1981,0.0
12,20,1981,0.0
12,21,1981,0.0
12,22,1981,0.0
12,23,1981,0.0
12,24,1981,0.0
12,25,1981,0.0
12,26,1981,0.0
12,27,1981,0.0
12,28,1981,0.0
12,29,1981,0.0
12,30,1981,0.0
12,31,1981,0.0
01,01,1982,0.0
01,02,1982,0.0
01,03,1982,0.0
01,04,1982,0.0
01,05,1982,0.0
01,06,1982,0.0
01,07,1982,0.0
01,08,1982,0.0
01,09,1982,0.0
01,10,1982,0.0
01,11,1982,0.0
01,12,1982,0.0
01,13,1982,0.0
01,14,1982,0.0
01,15,1982,0.0
01,16,1982,0.0
01,17,1982,0.0
01,18,1982,0.0
01,19,1982,0.0
01,20,1982,0.0
01,21,1982,0.0
01,22,1982,0.0
01,23,1982,0.0
01,24,1982,0.0
01,25,1982,0.0
01,26,1982,0.0
01,27,1982,0.0
01,28,1982,0.0
01,29,1982,0.0
01,30,1982,0.0
01,31,1982,0.0
02,01,1982,0.0
02,02,1982,0.0
02,03,1982,0.0
02,04,1982,0.0
02,05,1982,0.0
02,06,1982,0.0
02,07,1982,0.0
02,08,1982,0.0
02,09,1982,0.0
02,10,1982,0.0
02,11,1982,0.0
02,12,1982,0.0
02,13,1982,0.0
02,14,1982,0.0
02,15,1982,0.0
02,16,1982,0.0
02,17,1982,0.0
02,18,1982,0.0
02,19,1982,0.0
02,20,1982,0.0
02,21,1982,0.0
02,22,1982,0.0
02,23,1982,0.0
02,24,1982,0.0
02,25,1982,0.0
02,26,1982,4.0
02,27,1982,7.1
02,28,1982,4.2
03,01,1982,6.2
03,02,1982,3.9
03,03,1982,0.0
03,04,1982,0.0
03,05,1982,0.0
03,06,1982,0.0
03,07,1982,0.0
03,08,1982,0.0
03,09,1982,0.0
03,10,1982,0.0
03,11,1982,0.0
03,12,1982,0.0
03,13,1982,0.0
03,14,1982,0.0
03,15,1982,0.0
03,16,1982,0.0
03,17,1982,0.0
03,18,1982,0.0
03,19,1982,0.0
03,20,1982,0.0
03,21,1982,0.0
03,22,1982,0.0
03,23,1982,0.0
03,24,1982,0.0
03,25,1982,0.0
03,26,1982,0.0
03,27,1982,0.0
03,28,1982,6.0
03,29,1982,0.2
03,30,1982,0.0
03,31,1982,0.0
04,01,1982,0.0
04,02,1982,0.0
04,03,1982,0.0
04,04,1982,0.0
04,05,1982,0.0
04,06,1982,0.0
04,07,1982,0.0
04,08,1982,0.0
04,09,1982,0.0
04,10,1982,0.0
04,11,1982,13.4
04,12,1982,0.0
04,13,1982,0.0
04,14,1982,0.0
04,15,1982,2.7
04,16,1982,0.0
04,17,1982,0.0
04,18,1982,0.0
04,19,1982,0.0
04,20,1982,0.0
04,21,1982,0.0
04,22,1982,0.0
04,23,1982,0.0
04,24,1982,0.0
04,25,1982,0.0
04,26,1982,0.0
04,27,1982,0.0
04,28,1982,0.0
04,29,1982,0.0
04,30,1982,0.0
05,01,1982,0.0
05,02,1982,0.0
05,03,1982,22.9
05,04,1982,0.0
05,05,1982,0.0
05,06,1982,0.0
05,07,1982,0.0
05,08,1982,0.0
05,09,1982,0.0
05,10,1982,0.0
05,11,1982,0.2
05,12,1982,0.2
05,13,1982,0.0
05,14,1982,0.0
05,15,1982,48.5
05,16,1982,12.5
05,17,1982,1.5
05,18,1982,2.2
05,19,1982,3.2
05,20,1982,0.8
05,21,1982,3.0
05,22,1982,2.7
05,23,1982,1.3
05,24,1982,0.0
05,25,1982,2.5
05,26,1982,0.0
05,27,1982,0.0
05,28,1982,1.2
05,29,1982,4.0
05,30,1982,0.0
05,31,1982,0.0
06,01,1982,0.0
06,02,1982,0.0
06,03,1982,0.0
06,04,1982,0.0
06,05,1982,0.0
06,06,1982,1.5
06,07,1982,0.0
06,08,1982,0.0
06,09,1982,2.5
06,10,1982,2.7
06,11,1982,0.0
06,12,1982,0.0
06,13,1982,0.0
06,14,1982,0.0
06,15,1982,0.0
06,16,1982,0.0
06,17,1982,0.0
06,18,1982,0.0
06,19,1982,0.0
06,20,1982,0.0
06,21,1982,0.0
06,22,1982,3.2
06,23,1982,8.3
06,24,1982,0.0
06,25,1982,0.0
06,26,1982,14.0
06,27,1982,8.0
06,28,1982,21.0
06,29,1982,4.0
06,30,1982,11.0
07,01,1982,8.0
07,02,1982,10.0
07,03,1982,0.0
07,04,1982,0.0
07,05,1982,0.0
07,06,1982,5.1
07,07,1982,0.0
07,08,1982,0.0
07,09,1982,1.2
07,10,1982,10.6
07,11,1982,0.0
07,12,1982,0.0
07,13,1982,0.0
07,14,1982,0.0
07,15,1982,0.5
07,16,1982,2.4
07,17,1982,7.3
07,18,1982,8.4
07,19,1982,18.1
07,20,1982,9.1
07,21,1982,0.0
07,22,1982,0.0
07,23,1982,0.0
07,24,1982,0.0
07,25,1982,3.2
07,26,1982,1.7
07,27,1982,0.0
07,28,1982,0.0
07,29,1982,0.0
07,30,1982,0.0
07,31,1982,3.6
08,01,1982,13.6
08,02,1982,2.4
08,03,1982,0.0
08,04,1982,0.0
08,05,1982,0.0
08,06,1982,0.0
08,07,1982,0.0
08,08,1982,0.0
08,09,1982,7.7
08,10,1982,0.0
08,11,1982,0.0
08,12,1982,6.0
08,13,1982,2.1
08,14,1982,0.0
08,15,1982,0.0
08,16,1982,0.0
08,17,1982,10.5
08,18,1982,0.0
08,19,1982,1.2
08,20,1982,9.9
08,21,1982,2.2
08,22,1982,0.0
08,23,1982,0.0
08,24,1982,0.0
08,25,1982,0.0
08,26,1982,0.0
08,27,1982,0.0
08,28,1982,1.3
08,29,1982,0.0
08,30,1982,0.0
08,31,1982,1.2
09,01,1982,0.0
09,02,1982,0.0
09,03,1982,0.0
09,04,1982,0.0
09,05,1982,0.0
09,06,1982,12.0
09,07,1982,16.4
09,08,1982,27.0
09,09,1982,18.5
09,10,1982,1.0
09,11,1982,6.4
09,12,1982,3.2
09,13,1982,2.0
09,14,1982,0.0
09,15,1982,0.4
09,16,1982,0.0
09,17,1982,0.0
09,18,1982,0.0
09,19,1982,0.0
09,20,1982,0.0
09,21,1982,0.0
09,22,1982,2.3
09,23,1982,0.0
09,24,1982,4.0
09,25,1982,15.5
09,26,1982,0.0
09,27,1982,0.0
09,28,1982,0.0
09,29,1982,7.4
09,30,1982,0.0
10,01,1982,0.0
10,02,1982,0.0
10,03,1982,0.0
10,04,1982,0.0
10,05,1982,0.0
10,06,1982,1.2
10,07,1982,8.5
10,08,1982,0.0
10,09,1982,0.0
10,10,1982,1.7
10,11,1982,7.7
10,12,1982,0.0
10,13,1982,0.0
10,14,1982,0.0
10,15,1982,0.0
10,16,1982,0.0
10,17,1982,0.0
10,18,1982,3.0
10,19,1982,0.0
10,20,1982,0.0
10,21,1982,0.0
10,22,1982,0.0
10,23,1982,0.0
10,24,1982,0.0
10,25,1982,0.0
10,26,1982,0.0
10,27,1982,0.0
10,28,1982,0.0
10,29,1982,0.0
10,30,1982,0.0
10,31,1982,0.0
11,01,1982,0.0
11,02,1982,0.0
11,03,1982,1.0
11,04,1982,0.0
11,05,1982,0.0
11,06,1982,0.0
11,07,1982,0.0
11,08,1982,0.0
11,09,1982,0.0
11,10,1982,0.0
11,11,1982,0.0
11,12,1982,0.0
11,13,1982,0.0
11,14,1982,0.0
11,15,1982,0.0
11,16,1982,0.0
11,17,1982,0.0
11,18,1982,0.0
11,19,1982,0.0
11,20,1982,0.0
11,21,1982,0.0
11,22,1982,0.0
11,23,1982,0.0
11,24,1982,0.0
11,25,1982,0.0
11,26,1982,0.0
11,27,1982,0.0
11,28,1982,0.0
11,29,1982,1.6
11,30,1982,0.0
12,01,1982,0.0
12,02,1982,0.0
12,03,1982,0.0
12,04,1982,0.0
12,05,1982,0.0
12,06,1982,0.0
12,07,1982,0.0
12,08,1982,0.0
12,09,1982,0.0
12,10,1982,0.0
12,11,1982,0.0
12,12,1982,0.0
12,13,1982,0.0
12,14,1982,0.0
12,15,1982,0.0
12,16,1982,0.0
12,17,1982,0.0
12,18,1982,0.0
12,19,1982,0.0
12,20,1982,0.0
12,21,1982,0.0
12,22,1982,0.0
12,23,1982,0.0
12,24,1982,0.0
12,25,1982,0.0
12,26,1982,0.0
12,27,1982,0.0
12,28,1982,0.0
12,29,1982,0.0
12,30,1982,0.0
12,31,1982,0.0
01,01,1983,0.0
01,02,1983,0.0
01,03,1983,0.0
01,04,1983,0.0
01,05,1983,0.0
01,06,1983,0.0
01,07,1983,0.0
01,08,1983,0.0
01,09,1983,0.0
01,10,1983,0.0
01,11,1983,0.0
01,12,1983,0.0
01,13,1983,0.0
01,14,1983,0.0
01,15,1983,0.0
01,16,1983,0.0
01,17,1983,0.0
01,18,1983,1.4
01,19,1983,0.0
01,20,1983,0.0
01,21,1983,0.0
01,22,1983,0.0
01,23,1983,0.0
01,24,1983,0.0
01,25,1983,0.0
01,26,1983,0.0
01,27,1983,0.0
01,28,1983,0.0
01,29,1983,0.0
01,30,1983,0.0
01,31,1983,0.0
02,01,1983,0.0
02,02,1983,0.0
02,03,1983,0.0
02,04,1983,0.0
02,05,1983,0.0
02,06,1983,0.0
02,07,1983,0.0
02,08,1983,0.0
02,09,1983,0.0
02,10,1983,0.0
02,11,1983,14.9
02,12,1983,6.5
02,13,1983,0.0
02,14,1983,0.0
02,15,1983,0.0
02,16,1983,0.0
02,17,1983,0.0
02,18,1983,0.0
02,19,1983,0.0
02,20,1983,0.0
02,21,1983,0.0
02,22,1983,0.0
02,23,1983,0.0
02,24,1983,4.9
02,25,1983,36.0
02,26,1983,0.0
02,27,1983,0.0
02,28,1983,0.0
03,01,1983,0.0
03,02,1983,0.0
03,03,1983,0.0
03,04,1983,0.0
03,05,1983,0.0
03,06,1983,0.0
03,07,1983,0.0
03,08,1983,0.0
03,09,1983,0.0
03,10,1983,0.0
03,11,1983,0.0
03,12,1983,16.9
03,13,1983,21.2
03,14,1983,0.0
03,15,1983,0.0
03,16,1983,0.0
03,17,1983,0.0
03,18,1983,0.0
03,19,1983,0.0
03,20,1983,0.0
03,21,1983,0.0
03,22,1983,0.0
03,23,1983,0.0
03,24,1983,0.0
03,25,1983,0.0
03,26,1983,0.0
03,27,1983,0.0
03,28,1983,0.0
03,29,1983,0.0
03,30,1983,0.0
03,31,1983,0.0
04,01,1983,0.0
04,02,1983,0.0
04,03,1983,0.0
04,04,1983,0.0
04,05,1983,0.0
04,06,1983,0.0
04,07,1983,0.0
04,08,1983,0.0
04,09,1983,0.0
04,10,1983,0.0
04,11,1983,0.0
04,12,1983,0.0
04,13,1983,0.0
04,14,1983,0.0
04,15,1983,0.0
04,16,1983,0.0
04,17,1983,0.0
04,18,1983,0.0
04,19,1983,0.0
04,20,1983,0.0
04,21,1983,0.0
04,22,1983,0.0
04,23,1983,0.0
04,24,1983,0.0
04,25,1983,0.0
04,26,1983,0.0
04,27,1983,0.0
04,28,1983,0.0
04,29,1983,0.0
04,30,1983,0.0
05,01,1983,0.0
05,02,1983,0.0
05,03,1983,0.0
05,04,1983,0.0
05,05,1983,0.0
05,06,1983,0.0
05,07,1983,0.0
05,08,1983,0.0
05,09,1983,0.0
05,10,1983,0.0
05,11,1983,0.0
05,12,1983,0.0
05,13,1983,0.0
05,14,1983,0.0
05,15,1983,0.0
05,16,1983,0.0
05,17,1983,0.0
05,18,1983,0.0
05,19,1983,0.0
05,20,1983,0.0
05,21,1983,0.0
05,22,1983,0.0
05,23,1983,0.0
05,24,1983,0.0
05,25,1983,5.5
05,26,1983,0.0
05,27,1983,0.0
05,28,1983,0.0
05,29,1983,0.0
05,30,1983,0.0
05,31,1983,0.0
06,01,1983,0.0
06,02,1983,0.0
06,03,1983,0.0
06,04,1983,0.0
06,05,1983,8.7
06,06,1983,0.5
06,07,1983,3.0
06,08,1983,0.0
06,09,1983,0.0
06,10,1983,0.0
06,11,1983,0.0
06,12,1983,0.0
06,13,1983,4.5
06,14,1983,0.0
06,15,1983,0.0
06,16,1983,0.0
06,17,1983,0.0
06,18,1983,0.0
06,19,1983,0.2
06,20,1983,4.5
06,21,1983,12.3
06,22,1983,1.0
06,23,1983,3.4
06,24,1983,44.5
06,25,1983,0.5
06,26,1983,4.7
06,27,1983,0.6
06,28,1983,0.0
06,29,1983,14.3
06,30,1983,11.7
07,01,1983,8.3
07,02,1983,15.7
07,03,1983,7.2
07,04,1983,6.2
07,05,1983,29.0
07,06,1983,0.0
07,07,1983,0.0
07,08,1983,0.0
07,09,1983,0.0
07,10,1983,8.8
07,11,1983,0.8
07,12,1983,53.5
07,13,1983,5.0
07,14,1983,0.0
07,15,1983,0.0
07,16,1983,0.0
07,17,1983,14.6
07,18,1983,10.9
07,19,1983,1.0
07,20,1983,1.3
07,21,1983,0.0
07,22,1983,0.0
07,23,1983,0.2
07,24,1983,0.0
07,25,1983,0.0
07,26,1983,1.0
07,27,1983,1.5
07,28,1983,1.5
07,29,1983,7.2
07,30,1983,1.5
07,31,1983,0.0
08,01,1983,0.0
08,02,1983,0.0
08,03,1983,1.7
08,04,1983,2.8
08,05,1983,4.4
08,06,1983,12.8
08,07,1983,10.0
08,08,1983,3.0
08,09,1983,2.4
08,10,1983,0.5
08,11,1983,13.3
08,12,1983,7.6
08,13,1983,8.4
08,14,1983,14.0
08,15,1983,5.1
08,16,1983,0.0
08,17,1983,6.1
08,18,1983,1.6
08,19,1983,0.0
08,20,1983,1.4
08,21,1983,0.0
08,22,1983,0.2
08,23,1983,0.0
08,24,1983,0.0
08,25,1983,0.0
08,26,1983,0.0
08,27,1983,0.0
08,28,1983,0.7
08,29,1983,3.6
08,30,1983,0.0
08,31,1983,0.0
09,01,1983,12.7
09,02,1983,5.6
09,03,1983,12.0
09,04,1983,2.1
09,05,1983,0.3
09,06,1983,0.0
09,07,1983,1.7
09,08,1983,21.0
09,09,1983,0.6
09,10,1983,16.4
09,11,1983,4.9
09,12,1983,23.0
09,13,1983,15.0
09,14,1983,11.3
09,15,1983,51.6
09,16,1983,37.9
09,17,1983,2.3
09,18,1983,2.4
09,19,1983,1.2
09,20,1983,1.4
09,21,1983,0.4
09,22,1983,0.0
09,23,1983,0.0
09,24,1983,0.0
09,25,1983,0.0
09,26,1983,0.0
09,27,1983,0.0
09,28,1983,0.0
09,29,1983,0.0
09,30,1983,0.0
10,01,1983,0.0
10,02,1983,0.0
10,03,1983,0.0
10,04,1983,0.0
10,05,1983,0.0
10,06,1983,0.0
10,07,1983,0.0
10,08,1983,0.0
10,09,1983,0.0
10,10,1983,0.0
10,11,1983,0.0
10,12,1983,0.0
10,13,1983,0.0
10,14,1983,7.5
10,15,1983,8.4
10,16,1983,1.0
10,17,1983,8.5
10,18,1983,5.4
10,19,1983,6.8
10,20,1983,4.9
10,21,1983,0.0
10,22,1983,0.0
10,23,1983,0.0
10,24,1983,0.1
10,25,1983,3.5
10,26,1983,0.0
10,27,1983,0.0
10,28,1983,0.0
10,29,1983,0.0
10,30,1983,0.0
10,31,1983,0.0
11,01,1983,0.0
11,02,1983,0.0
11,03,1983,0.0
11,04,1983,0.0
11,05,1983,0.0
11,06,1983,0.0
11,07,1983,0.0
11,08,1983,1.8
11,09,1983,0.0
11,10,1983,0.0
11,11,1983,0.0
11,12,1983,0.0
11,13,1983,0.0
11,14,1983,0.0
11,15,1983,0.0
11,16,1983,0.0
11,17,1983,0.0
11,18,1983,0.0
11,19,1983,0.0
11,20,1983,0.0
11,21,1983,0.0
11,22,1983,0.0
11,23,1983,0.0
11,24,1983,0.0
11,25,1983,0.0
11,26,1983,0.0
11,27,1983,0.0
11,28,1983,0.0
11,29,1983,1.2
11,30,1983,0.0
12,01,1983,0.0
12,02,1983,0.0
12,03,1983,0.0
12,04,1983,0.0
12,05,1983,0.0
12,06,1983,0.0
12,07,1983,0.0
12,08,1983,0.0
12,09,1983,0.0
12,10,1983,0.0
12,11,1983,0.0
12,12,1983,0.0
12,13,1983,0.0
12,14,1983,0.0
12,15,1983,0.0
12,16,1983,0.0
12,17,1983,0.0
12,18,1983,0.0
12,19,1983,0.3
12,20,1983,0.0
12,21,1983,0.0
12,22,1983,0.0
12,23,1983,0.0
12,24,1983,0.0
12,25,1983,0.0
12,26,1983,0.0
12,27,1983,0.0
12,28,1983,0.0
12,29,1983,0.0
12,30,1983,0.0
12,31,1983,0.0
01,01,1984,0.0
01,02,1984,0.0
01,03,1984,0.0
01,04,1984,0.0
01,05,1984,0.0
01,06,1984,0.0
01,07,1984,0.0
01,08,1984,0.0
01,09,1984,0.0
01,10,1984,0.0
01,11,1984,38.0
01,12,1984,0.0
01,13,1984,0.0
01,14,1984,0.0
01,15,1984,0.0
01,16,1984,0.0
01,17,1984,0.0
01,18,1984,0.0
01,19,1984,0.0
01,20,1984,0.0
01,21,1984,0.0
01,22,1984,0.0
01,23,1984,0.0
01,24,1984,0.0
01,25,1984,0.0
01,26,1984,0.0
01,27,1984,0.0
01,28,1984,0.0
01,29,1984,0.0
01,30,1984,0.0
01,31,1984,0.0
02,01,1984,0.0
02,02,1984,0.0
02,03,1984,3.0
02,04,1984,0.0
02,05,1984,0.0
02,06,1984,0.0
02,07,1984,0.0
02,08,1984,0.0
02,09,1984,0.0
02,10,1984,4.0
02,11,1984,0.0
02,12,1984,0.0
02,13,1984,0.0
02,14,1984,0.0
02,15,1984,0.0
02,16,1984,0.0
02,17,1984,0.0
02,18,1984,0.0
02,19,1984,0.0
02,20,1984,0.0
02,21,1984,0.0
02,22,1984,0.0
02,23,1984,0.0
02,24,1984,0.0
02,25,1984,0.0
02,26,1984,0.0
02,27,1984,0.0
02,28,1984,0.0
02,29,1984,0.0
03,01,1984,0.0
03,02,1984,0.0
03,03,1984,0.0
03,04,1984,0.0
03,05,1984,0.0
03,06,1984,0.0
03,07,1984,0.0
03,08,1984,0.0
03,09,1984,0.0
03,10,1984,0.0
03,11,1984,0.0
03,12,1984,0.0
03,13,1984,0.0
03,14,1984,0.0
03,15,1984,0.0
03,16,1984,0.0
03,17,1984,0.0
03,18,1984,0.0
03,19,1984,0.0
03,20,1984,0.0
03,21,1984,0.0
03,22,1984,0.0
03,23,1984,0.0
03,24,1984,0.0
03,25,1984,0.0
03,26,1984,0.0
03,27,1984,0.0
03,28,1984,0.0
03,29,1984,0.0
03,30,1984,0.0
03,31,1984,0.0
04,01,1984,0.0
04,02,1984,0.0
04,03,1984,0.0
04,04,1984,0.0
04,05,1984,0.0
04,06,1984,0.0
04,07,1984,0.0
04,08,1984,0.0
04,09,1984,0.0
04,10,1984,0.0
04,11,1984,0.0
04,12,1984,0.0
04,13,1984,0.0
04,14,1984,0.0
04,15,1984,0.0
04,16,1984,0.0
04,17,1984,0.0
04,18,1984,0.0
04,19,1984,0.0
04,20,1984,0.0
04,21,1984,0.0
04,22,1984,0.0
04,23,1984,0.0
04,24,1984,0.0
04,25,1984,0.0
04,26,1984,0.0
04,27,1984,0.0
04,28,1984,0.0
04,29,1984,0.0
04,30,1984,0.0
05,01,1984,0.0
05,02,1984,0.0
05,03,1984,0.0
05,04,1984,0.0
05,05,1984,0.0
05,06,1984,0.0
05,07,1984,2.2
05,08,1984,0.0
05,09,1984,0.0
05,10,1984,0.0
05,11,1984,11.1
05,12,1984,20.0
05,13,1984,0.0
05,14,1984,12.0
05,15,1984,0.9
05,16,1984,0.0
05,17,1984,0.0
05,18,1984,19.5
05,19,1984,0.0
05,20,1984,0.0
05,21,1984,6.0
05,22,1984,10.0
05,23,1984,0.0
05,24,1984,0.0
05,25,1984,0.0
05,26,1984,54.5
05,27,1984,0.2
05,28,1984,1.5
05,29,1984,1.0
05,30,1984,3.0
05,31,1984,0.0
06,01,1984,0.0
06,02,1984,0.0
06,03,1984,10.3
06,04,1984,31.5
06,05,1984,0.0
06,06,1984,1.5
06,07,1984,3.4
06,08,1984,22.4
06,09,1984,16.7
06,10,1984,3.1
06,11,1984,4.5
06,12,1984,6.7
06,13,1984,0.9
06,14,1984,1.4
06,15,1984,0.0
06,16,1984,9.3
06,17,1984,3.4
06,18,1984,7.2
06,19,1984,1.0
06,20,1984,13.9
06,21,1984,17.4
06,22,1984,5.7
06,23,1984,8.8
06,24,1984,0.0
06,25,1984,0.5
06,26,1984,4.2
06,27,1984,0.0
06,28,1984,0.2
06,29,1984,3.4
06,30,1984,7.3
07,01,1984,2.6
07,02,1984,12.6
07,03,1984,3.9
07,04,1984,14.0
07,05,1984,13.7
07,06,1984,29.5
07,07,1984,0.0
07,08,1984,26.0
07,09,1984,4.6
07,10,1984,8.2
07,11,1984,20.0
07,12,1984,2.2
07,13,1984,0.8
07,14,1984,4.7
07,15,1984,0.0
07,16,1984,0.0
07,17,1984,0.0
07,18,1984,12.2
07,19,1984,5.3
07,20,1984,11.4
07,21,1984,0.2
07,22,1984,0.0
07,23,1984,6.7
07,24,1984,4.5
07,25,1984,0.3
07,26,1984,13.1
07,27,1984,3.5
07,28,1984,11.9
07,29,1984,8.4
07,30,1984,0.9
07,31,1984,1.5
08,01,1984,1.5
08,02,1984,0.0
08,03,1984,0.0
08,04,1984,0.5
08,05,1984,7.8
08,06,1984,3.6
08,07,1984,0.0
08,08,1984,0.1
08,09,1984,34.0
08,10,1984,24.0
08,11,1984,0.0
08,12,1984,0.0
08,13,1984,0.0
08,14,1984,5.7
08,15,1984,36.9
08,16,1984,1.7
08,17,1984,1.5
08,18,1984,8.8
08,19,1984,28.5
08,20,1984,8.6
08,21,1984,2.1
08,22,1984,9.1
08,23,1984,3.4
08,24,1984,0.0
08,25,1984,16.5
08,26,1984,1.2
08,27,1984,6.9
08,28,1984,7.3
08,29,1984,6.3
08,30,1984,0.4
08,31,1984,0.0
09,01,1984,17.3
09,02,1984,16.0
09,03,1984,37.5
09,04,1984,1.4
09,05,1984,6.0
09,06,1984,4.2
09,07,1984,25.3
09,08,1984,13.9
09,09,1984,8.9
09,10,1984,40.5
09,11,1984,0.0
09,12,1984,5.4
09,13,1984,11.9
09,14,1984,6.9
09,15,1984,10.7
09,16,1984,4.5
09,17,1984,0.0
09,18,1984,19.2
09,19,1984,14.6
09,20,1984,1.9
09,21,1984,0.0
09,22,1984,0.2
09,23,1984,10.2
09,24,1984,1.5
09,25,1984,0.0
09,26,1984,0.0
09,27,1984,0.0
09,28,1984,0.0
09,29,1984,0.0
09,30,1984,0.0
10,01,1984,0.0
10,02,1984,0.0
10,03,1984,0.0
10,04,1984,0.0
10,05,1984,7.2
10,06,1984,0.0
10,07,1984,0.0
10,08,1984,0.0
10,09,1984,0.0
10,10,1984,0.0
10,11,1984,0.0
10,12,1984,0.0
10,13,1984,0.0
10,14,1984,0.0
10,15,1984,0.0
10,16,1984,0.0
10,17,1984,0.0
10,18,1984,0.0
10,19,1984,0.0
10,20,1984,5.7
10,21,1984,0.0
10,22,1984,0.0
10,23,1984,0.0
10,24,1984,0.0
10,25,1984,24.2
10,26,1984,0.0
10,27,1984,0.2
10,28,1984,0.0
10,29,1984,0.0
10,30,1984,0.0
10,31,1984,0.0
11,01,1984,0.0
11,02,1984,0.0
11,03,1984,0.0
11,04,1984,0.0
11,05,1984,0.0
11,06,1984,0.0
11,07,1984,0.0
11,08,1984,0.0
11,09,1984,0.0
11,10,1984,0.0
11,11,1984,0.0
11,12,1984,0.0
11,13,1984,0.0
11,14,1984,0.0
11,15,1984,0.0
11,16,1984,0.0
11,17,1984,0.0
11,18,1984,0.0
11,19,1984,0.0
11,20,1984,0.0
11,21,1984,0.0
11,22,1984,0.0
11,23,1984,0.0
11,24,1984,0.0
11,25,1984,0.0
11,26,1984,0.0
11,27,1984,0.0
11,28,1984,0.0
11,29,1984,0.0
11,30,1984,0.0
12,01,1984,0.0
12,02,1984,0.0
12,03,1984,0.0
12,04,1984,0.0
12,05,1984,0.0
12,06,1984,0.0
12,07,1984,0.0
12,08,1984,0.0
12,09,1984,0.0
12,10,1984,0.0
12,11,1984,0.0
12,12,1984,0.0
12,13,1984,0.0
12,14,1984,0.0
12,15,1984,0.0
12,16,1984,0.0
12,17,1984,0.0
12,18,1984,0.0
12,19,1984,0.0
12,20,1984,0.0
12,21,1984,0.0
12,22,1984,0.0
12,23,1984,0.0
12,24,1984,0.0
12,25,1984,0.0
12,26,1984,0.0
12,27,1984,2.3
12,28,1984,0.0
12,29,1984,0.0
12,30,1984,0.0
12,31,1984,0.0
01,01,1985,0.0
01,02,1985,0.0
01,03,1985,0.0
01,04,1985,0.0
01,05,1985,0.0
01,06,1985,0.0
01,07,1985,0.0
01,08,1985,0.0
01,09,1985,0.0
01,10,1985,0.0
01,11,1985,0.0
01,12,1985,0.0
01,13,1985,0.0
01,14,1985,0.0
01,15,1985,0.0
01,16,1985,0.0
01,17,1985,1.2
01,18,1985,0.0
01,19,1985,0.0
01,20,1985,0.0
01,21,1985,0.0
01,22,1985,0.0
01,23,1985,0.0
01,24,1985,0.0
01,25,1985,0.0
01,26,1985,0.0
01,27,1985,0.0
01,28,1985,0.0
01,29,1985,0.0
01,30,1985,0.0
01,31,1985,0.0
02,01,1985,0.0
02,02,1985,0.0
02,03,1985,0.0
02,04,1985,0.0
02,05,1985,0.0
02,06,1985,0.0
02,07,1985,0.0
02,08,1985,0.0
02,09,1985,0.0
02,10,1985,0.0
02,11,1985,0.0
02,12,1985,0.0
02,13,1985,0.0
02,14,1985,1.0
02,15,1985,0.0
02,16,1985,0.0
02,17,1985,0.0
02,18,1985,0.0
02,19,1985,0.0
02,20,1985,0.0
02,21,1985,0.0
02,22,1985,0.0
02,23,1985,0.0
02,24,1985,0.0
02,25,1985,0.0
02,26,1985,0.0
02,27,1985,0.0
02,28,1985,0.0
03,01,1985,0.0
03,02,1985,0.0
03,03,1985,0.0
03,04,1985,0.0
03,05,1985,0.0
03,06,1985,0.0
03,07,1985,0.0
03,08,1985,0.0
03,09,1985,6.0
03,10,1985,0.0
03,11,1985,0.0
03,12,1985,8.2
03,13,1985,0.0
03,14,1985,0.0
03,15,1985,0.0
03,16,1985,0.0
03,17,1985,0.0
03,18,1985,0.0
03,19,1985,0.0
03,20,1985,0.0
03,21,1985,0.0
03,22,1985,0.0
03,23,1985,0.0
03,24,1985,0.0
03,25,1985,0.0
03,26,1985,0.0
03,27,1985,0.0
03,28,1985,0.0
03,29,1985,0.0
03,30,1985,0.0
03,31,1985,0.0
04,01,1985,0.0
04,02,1985,0.0
04,03,1985,0.0
04,04,1985,0.0
04,05,1985,0.0
04,06,1985,0.0
04,07,1985,0.0
04,08,1985,0.0
04,09,1985,0.0
04,10,1985,0.0
04,11,1985,0.0
04,12,1985,3.2
04,13,1985,0.0
04,14,1985,0.1
04,15,1985,25.0
04,16,1985,0.0
04,17,1985,9.0
04,18,1985,0.0
04,19,1985,0.0
04,20,1985,0.0
04,21,1985,0.0
04,22,1985,0.0
04,23,1985,0.0
04,24,1985,0.0
04,25,1985,0.0
04,26,1985,0.0
04,27,1985,0.0
04,28,1985,0.0
04,29,1985,1.8
04,30,1985,0.0
05,01,1985,0.0
05,02,1985,3.0
05,03,1985,7.2
05,04,1985,23.8
05,05,1985,13.6
05,06,1985,0.0
05,07,1985,0.0
05,08,1985,0.0
05,09,1985,0.0
05,10,1985,0.0
05,11,1985,0.0
05,12,1985,0.0
05,13,1985,0.0
05,14,1985,0.0
05,15,1985,0.0
05,16,1985,0.0
05,17,1985,7.6
05,18,1985,8.2
05,19,1985,0.0
05,20,1985,0.0
05,21,1985,0.0
05,22,1985,7.0
05,23,1985,42.0
05,24,1985,0.0
05,25,1985,0.0
05,26,1985,4.6
05,27,1985,0.0
05,28,1985,1.2
05,29,1985,0.0
05,30,1985,0.0
05,31,1985,0.0
06,01,1985,18.0
06,02,1985,5.7
06,03,1985,2.5
06,04,1985,42.5
06,05,1985,1.0
06,06,1985,20.0
06,07,1985,0.0
06,08,1985,0.0
06,09,1985,0.0
06,10,1985,1.0
06,11,1985,8.0
06,12,1985,25.0
06,13,1985,0.0
06,14,1985,14.0
06,15,1985,20.0
06,16,1985,2.5
06,17,1985,3.5
06,18,1985,3.4
06,19,1985,0.0
06,20,1985,3.5
06,21,1985,5.0
06,22,1985,6.3
06,23,1985,4.8
06,24,1985,0.0
06,25,1985,0.0
06,26,1985,0.4
06,27,1985,3.3
06,28,1985,21.7
06,29,1985,13.7
06,30,1985,25.3
07,01,1985,1.8
07,02,1985,3.9
07,03,1985,1.1
07,04,1985,3.9
07,05,1985,45.9
07,06,1985,11.7
07,07,1985,13.0
07,08,1985,10.8
07,09,1985,0.0
07,10,1985,0.0
07,11,1985,0.0
07,12,1985,4.2
07,13,1985,4.0
07,14,1985,12.3
07,15,1985,4.4
07,16,1985,4.3
07,17,1985,14.7
07,18,1985,0.0
07,19,1985,0.0
07,20,1985,13.2
07,21,1985,40.0
07,22,1985,0.0
07,23,1985,29.0
07,24,1985,11.2
07,25,1985,10.9
07,26,1985,0.0
07,27,1985,0.6
07,28,1985,0.0
07,29,1985,0.0
07,30,1985,20.0
07,31,1985,0.0
08,01,1985,6.0
08,02,1985,16.2
08,03,1985,2.1
08,04,1985,40.2
08,05,1985,10.6
08,06,1985,6.1
08,07,1985,3.2
08,08,1985,13.1
08,09,1985,40.1
08,10,1985,7.3
08,11,1985,0.0
08,12,1985,0.0
08,13,1985,0.0
08,14,1985,0.0
08,15,1985,2.5
08,16,1985,0.0
08,17,1985,10.4
08,18,1985,0.0
08,19,1985,0.0
08,20,1985,0.0
08,21,1985,0.0
08,22,1985,0.0
08,23,1985,10.4
08,24,1985,20.0
08,25,1985,1.5
08,26,1985,2.5
08,27,1985,0.0
08,28,1985,0.0
08,29,1985,13.5
08,30,1985,18.5
08,31,1985,0.0
09,01,1985,6.2
09,02,1985,1.4
09,03,1985,0.0
09,04,1985,0.0
09,05,1985,0.0
09,06,1985,0.5
09,07,1985,2.3
09,08,1985,3.5
09,09,1985,2.4
09,10,1985,13.0
09,11,1985,6.7
09,12,1985,0.0
09,13,1985,4.0
09,14,1985,0.0
09,15,1985,0.0
09,16,1985,0.0
09,17,1985,0.0
09,18,1985,0.0
09,19,1985,0.0
09,20,1985,0.0
09,21,1985,0.0
09,22,1985,0.0
09,23,1985,0.0
09,24,1985,10.1
09,25,1985,0.0
09,26,1985,8.3
09,27,1985,0.0
09,28,1985,5.0
09,29,1985,9.5
09,30,1985,11.2
10,01,1985,1.9
10,02,1985,0.0
10,03,1985,0.0
10,04,1985,0.0
10,05,1985,0.0
10,06,1985,17.9
10,07,1985,1.2
10,08,1985,3.0
10,09,1985,0.0
10,10,1985,19.3
10,11,1985,0.0
10,12,1985,0.0
10,13,1985,4.0
10,14,1985,0.0
10,15,1985,0.0
10,16,1985,0.0
10,17,1985,0.0
10,18,1985,0.0
10,19,1985,0.0
10,20,1985,0.0
10,21,1985,3.3
10,22,1985,10.8
10,23,1985,4.4
10,24,1985,0.0
10,25,1985,0.0
10,26,1985,0.0
10,27,1985,0.0
10,28,1985,0.0
10,29,1985,0.0
10,30,1985,0.0
10,31,1985,0.0
11,01,1985,0.0
11,02,1985,0.0
11,03,1985,0.0
11,04,1985,0.0
11,05,1985,0.0
11,06,1985,0.0
11,07,1985,0.0
11,08,1985,0.0
11,09,1985,0.0
11,10,1985,0.0
11,11,1985,0.0
11,12,1985,0.0
11,13,1985,0.0
11,14,1985,0.0
11,15,1985,0.0
11,16,1985,0.0
11,17,1985,0.0
11,18,1985,0.0
11,19,1985,0.0
11,20,1985,0.0
11,21,1985,0.0
11,22,1985,0.0
11,23,1985,0.0
11,24,1985,0.0
11,25,1985,0.0
11,26,1985,0.0
11,27,1985,9.3
11,28,1985,0.0
11,29,1985,0.0
11,30,1985,0.0
12,01,1985,0.0
12,02,1985,0.0
12,03,1985,0.0
12,04,1985,0.0
12,05,1985,0.0
12,06,1985,0.0
12,07,1985,0.0
12,08,1985,0.0
12,09,1985,0.0
12,10,1985,0.0
12,11,1985,0.0
12,12,1985,0.0
12,13,1985,0.0
12,14,1985,0.0
12,15,1985,0.0
12,16,1985,0.0
12,17,1985,0.0
12,18,1985,0.0
12,19,1985,0.0
12,20,1985,0.0
12,21,1985,0.0
12,22,1985,0.0
12,23,1985,0.0
12,24,1985,0.0
12,25,1985,0.0
12,26,1985,0.0
12,27,1985,0.0
12,28,1985,0.0
12,29,1985,0.0
12,30,1985,0.0
12,31,1985,0.0
01,01,1986,0.0
01,02,1986,0.0
01,03,1986,0.0
01,04,1986,0.0
01,05,1986,0.0
01,06,1986,0.0
01,07,1986,0.0
01,08,1986,0.0
01,09,1986,0.0
01,10,1986,0.0
01,11,1986,0.0
01,12,1986,0.0
01,13,1986,0.0
01,14,1986,0.0
01,15,1986,0.0
01,16,1986,0.0
01,17,1986,0.0
01,18,1986,0.0
01,19,1986,0.0
01,20,1986,0.0
01,21,1986,0.0
01,22,1986,0.0
01,23,1986,0.0
01,24,1986,0.0
01,25,1986,0.0
01,26,1986,0.0
01,27,1986,0.0
01,28,1986,0.0
01,29,1986,0.0
01,30,1986,0.0
01,31,1986,0.0
02,01,1986,0.0
02,02,1986,0.0
02,03,1986,0.0
02,04,1986,0.0
02,05,1986,0.0
02,06,1986,0.0
02,07,1986,0.0
02,08,1986,0.0
02,09,1986,0.0
02,10,1986,0.0
02,11,1986,0.0
02,12,1986,0.0
02,13,1986,0.0
02,14,1986,0.0
02,15,1986,0.0
02,16,1986,0.0
02,17,1986,0.0
02,18,1986,0.0
02,19,1986,0.0
02,20,1986,0.0
02,21,1986,0.0
02,22,1986,0.0
02,23,1986,0.0
02,24,1986,0.0
02,25,1986,0.0
02,26,1986,0.0
02,27,1986,0.0
02,28,1986,0.0
03,01,1986,0.0
03,02,1986,0.0
03,03,1986,0.0
03,04,1986,0.0
03,05,1986,4.2
03,06,1986,0.0
03,07,1986,0.0
03,08,1986,0.0
03,09,1986,0.0
03,10,1986,0.0
03,11,1986,0.0
03,12,1986,0.0
03,13,1986,0.0
03,14,1986,0.0
03,15,1986,0.0
03,16,1986,0.0
03,17,1986,0.0
03,18,1986,0.0
03,19,1986,0.0
03,20,1986,0.0
03,21,1986,0.0
03,22,1986,0.0
03,23,1986,0.0
03,24,1986,0.0
03,25,1986,0.0
03,26,1986,0.0
03,27,1986,0.0
03,28,1986,0.0
03,29,1986,0.0
03,30,1986,0.0
03,31,1986,0.0
04,01,1986,0.0
04,02,1986,0.0
04,03,1986,0.0
04,04,1986,0.0
04,05,1986,0.0
04,06,1986,0.0
04,07,1986,0.0
04,08,1986,0.0
04,09,1986,0.0
04,10,1986,7.3
04,11,1986,0.0
04,12,1986,0.0
04,13,1986,0.0
04,14,1986,0.0
04,15,1986,0.0
04,16,1986,0.0
04,17,1986,0.0
04,18,1986,2.3
04,19,1986,0.0
04,20,1986,0.0
04,21,1986,26.9
04,22,1986,25.9
04,23,1986,0.0
04,24,1986,19.3
04,25,1986,0.0
04,26,1986,0.0
04,27,1986,1.5
04,28,1986,0.0
04,29,1986,1.3
04,30,1986,9.7
05,01,1986,8.0
05,02,1986,0.0
05,03,1986,0.0
05,04,1986,0.0
05,05,1986,0.0
05,06,1986,0.5
05,07,1986,0.0
05,08,1986,0.0
05,09,1986,0.0
05,10,1986,0.0
05,11,1986,0.0
05,12,1986,0.0
05,13,1986,6.2
05,14,1986,0.0
05,15,1986,0.0
05,16,1986,0.0
05,17,1986,0.0
05,18,1986,0.0
05,19,1986,0.0
05,20,1986,0.0
05,21,1986,0.0
05,22,1986,0.9
05,23,1986,0.0
05,24,1986,2.5
05,25,1986,1.2
05,26,1986,0.0
05,27,1986,22.2
05,28,1986,0.0
05,29,1986,0.0
05,30,1986,4.3
05,31,1986,0.0
06,01,1986,4.5
06,02,1986,0.0
06,03,1986,0.0
06,04,1986,0.0
06,05,1986,0.0
06,06,1986,6.5
06,07,1986,11.0
06,08,1986,2.0
06,09,1986,3.5
06,10,1986,21.2
06,11,1986,1.0
06,12,1986,4.9
06,13,1986,0.0
06,14,1986,0.0
06,15,1986,5.8
06,16,1986,5.2
06,17,1986,0.0
06,18,1986,4.2
06,19,1986,7.2
06,20,1986,2.3
06,21,1986,5.1
06,22,1986,11.0
06,23,1986,7.9
06,24,1986,28.1
06,25,1986,0.5
06,26,1986,4.9
06,27,1986,12.7
06,28,1986,0.0
06,29,1986,0.0
06,30,1986,25.0
07,01,1986,0.0
07,02,1986,0.0
07,03,1986,0.0
07,04,1986,0.0
07,05,1986,0.0
07,06,1986,0.0
07,07,1986,5.7
07,08,1986,12.3
07,09,1986,5.5
07,10,1986,2.0
07,11,1986,26.3
07,12,1986,28.8
07,13,1986,23.0
07,14,1986,0.0
07,15,1986,0.0
07,16,1986,5.9
07,17,1986,0.0
07,18,1986,0.0
07,19,1986,0.0
07,20,1986,11.5
07,21,1986,13.5
07,22,1986,0.0
07,23,1986,0.6
07,24,1986,0.0
07,25,1986,1.8
07,26,1986,14.0
07,27,1986,24.2
07,28,1986,0.0
07,29,1986,0.0
07,30,1986,0.0
07,31,1986,0.0
08,01,1986,0.0
08,02,1986,0.0
08,03,1986,0.0
08,04,1986,1.9
08,05,1986,0.0
08,06,1986,0.0
08,07,1986,0.0
08,08,1986,34.5
08,09,1986,9.1
08,10,1986,0.0
08,11,1986,11.2
08,12,1986,0.0
08,13,1986,0.0
08,14,1986,8.0
08,15,1986,6.5
08,16,1986,10.5
08,17,1986,0.0
08,18,1986,0.0
08,19,1986,0.0
08,20,1986,0.0
08,21,1986,0.0
08,22,1986,0.0
08,23,1986,24.2
08,24,1986,1.6
08,25,1986,2.1
08,26,1986,28.2
08,27,1986,1.7
08,28,1986,12.0
08,29,1986,0.0
08,30,1986,0.9
08,31,1986,0.0
09,01,1986,0.0
09,02,1986,0.0
09,03,1986,21.5
09,04,1986,3.7
09,05,1986,9.5
09,06,1986,0.0
09,07,1986,13.8
09,08,1986,1.3
09,09,1986,0.0
09,10,1986,0.0
09,11,1986,0.0
09,12,1986,0.0
09,13,1986,0.0
09,14,1986,0.0
09,15,1986,0.0
09,16,1986,0.0
09,17,1986,0.0
09,18,1986,0.0
09,19,1986,2.8
09,20,1986,18.3
09,21,1986,0.0
09,22,1986,0.0
09,23,1986,0.0
09,24,1986,0.0
09,25,1986,1.5
09,26,1986,0.0
09,27,1986,0.0
09,28,1986,2.3
09,29,1986,0.0
09,30,1986,2.7
10,01,1986,0.0
10,02,1986,1.4
10,03,1986,4.5
10,04,1986,0.0
10,05,1986,0.0
10,06,1986,0.7
10,07,1986,3.8
10,08,1986,1.5
10,09,1986,0.0
10,10,1986,6.2
10,11,1986,0.0
10,12,1986,0.0
10,13,1986,0.0
10,14,1986,0.0
10,15,1986,0.0
10,16,1986,0.0
10,17,1986,0.0
10,18,1986,0.0
10,19,1986,0.0
10,20,1986,0.0
10,21,1986,0.0
10,22,1986,0.0
10,23,1986,0.0
10,24,1986,0.0
10,25,1986,0.0
10,26,1986,0.0
10,27,1986,0.0
10,28,1986,2.1
10,29,1986,0.0
10,30,1986,0.0
10,31,1986,0.0
11,01,1986,0.0
11,02,1986,0.0
11,03,1986,0.0
11,04,1986,0.0
11,05,1986,1.5
11,06,1986,0.0
11,07,1986,0.0
11,08,1986,0.0
11,09,1986,0.0
11,10,1986,0.0
11,11,1986,0.0
11,12,1986,0.0
11,13,1986,0.0
11,14,1986,0.0
11,15,1986,0.0
11,16,1986,0.0
11,17,1986,0.0
11,18,1986,0.0
11,19,1986,0.0
11,20,1986,0.0
11,21,1986,0.0
11,22,1986,0.0
11,23,1986,0.0
11,24,1986,0.0
11,25,1986,0.0
11,26,1986,0.0
11,27,1986,2.2
11,28,1986,0.0
11,29,1986,0.0
11,30,1986,0.0
12,01,1986,0.0
12,02,1986,2.5
12,03,1986,0.0
12,04,1986,0.0
12,05,1986,0.0
12,06,1986,0.0
12,07,1986,0.0
12,08,1986,0.0
12,09,1986,0.0
12,10,1986,0.0
12,11,1986,0.0
12,12,1986,0.0
12,13,1986,0.0
12,14,1986,0.0
12,15,1986,0.0
12,16,1986,0.0
12,17,1986,0.0
12,18,1986,0.0
12,19,1986,0.0
12,20,1986,0.0
12,21,1986,0.0
12,22,1986,0.0
12,23,1986,0.0
12,24,1986,0.0
12,25,1986,0.0
12,26,1986,0.0
12,27,1986,0.0
12,28,1986,0.0
12,29,1986,0.0
12,30,1986,2.5
12,31,1986,0.0
01,01,1987,0.0
01,02,1987,0.0
01,03,1987,0.0
01,04,1987,0.0
01,05,1987,0.0
01,06,1987,0.0
01,07,1987,0.0
01,08,1987,0.0
01,09,1987,0.0
01,10,1987,0.0
01,11,1987,0.0
01,12,1987,0.0
01,13,1987,0.0
01,14,1987,0.0
01,15,1987,0.0
01,16,1987,0.0
01,17,1987,0.0
01,18,1987,0.0
01,19,1987,0.0
01,20,1987,0.0
01,21,1987,0.0
01,22,1987,0.0
01,23,1987,0.0
01,24,1987,0.0
01,25,1987,0.0
01,26,1987,0.0
01,27,1987,0.0
01,28,1987,0.0
01,29,1987,0.0
01,30,1987,0.0
01,31,1987,0.0
02,01,1987,0.0
02,02,1987,0.0
02,03,1987,0.0
02,04,1987,0.0
02,05,1987,0.0
02,06,1987,null
02,07,1987,null
02,08,1987,0.0
02,09,1987,0.0
02,10,1987,0.0
02,11,1987,0.0
02,12,1987,0.0
02,13,1987,0.0
02,14,1987,0.0
02,15,1987,0.0
02,16,1987,0.0
02,17,1987,0.0
02,18,1987,0.0
02,19,1987,0.0
02,20,1987,0.0
02,21,1987,0.0
02,22,1987,0.0
02,23,1987,0.0
02,24,1987,0.0
02,25,1987,0.0
02,26,1987,0.0
02,27,1987,0.0
02,28,1987,0.0
03,01,1987,0.0
03,02,1987,0.0
03,03,1987,0.0
03,04,1987,0.0
03,05,1987,0.0
03,06,1987,0.0
03,07,1987,0.0
03,08,1987,0.0
03,09,1987,0.0
03,10,1987,0.0
03,11,1987,0.0
03,12,1987,0.0
03,13,1987,0.0
03,14,1987,0.0
03,15,1987,0.0
03,16,1987,0.0
03,17,1987,0.0
03,18,1987,0.0
03,19,1987,0.0
03,20,1987,0.0
03,21,1987,0.0
03,22,1987,0.0
03,23,1987,0.0
03,24,1987,0.0
03,25,1987,0.0
03,26,1987,0.0
03,27,1987,0.0
03,28,1987,0.0
03,29,1987,0.0
03,30,1987,0.0
03,31,1987,0.0
04,01,1987,0.0
04,02,1987,0.0
04,03,1987,0.0
04,04,1987,0.0
04,05,1987,0.0
04,06,1987,0.0
04,07,1987,0.0
04,08,1987,0.0
04,09,1987,0.0
04,10,1987,0.0
04,11,1987,0.0
04,12,1987,0.0
04,13,1987,0.0
04,14,1987,0.0
04,15,1987,0.0
04,16,1987,0.0
04,17,1987,0.0
04,18,1987,0.0
04,19,1987,0.0
04,20,1987,4.0
04,21,1987,0.0
04,22,1987,0.0
04,23,1987,0.0
04,24,1987,0.0
04,25,1987,0.0
04,26,1987,0.0
04,27,1987,0.0
04,28,1987,0.0
04,29,1987,0.0
04,30,1987,0.0
05,01,1987,0.0
05,02,1987,0.0
05,03,1987,0.0
05,04,1987,0.0
05,05,1987,0.0
05,06,1987,0.0
05,07,1987,0.0
05,08,1987,16.5
05,09,1987,0.0
05,10,1987,1.0
05,11,1987,0.0
05,12,1987,4.2
05,13,1987,0.0
05,14,1987,0.0
05,15,1987,0.0
05,16,1987,0.0
05,17,1987,0.0
05,18,1987,0.0
05,19,1987,0.0
05,20,1987,0.0
05,21,1987,0.0
05,22,1987,0.0
05,23,1987,0.0
05,24,1987,0.0
05,25,1987,1.5
05,26,1987,0.0
05,27,1987,0.0
05,28,1987,0.0
05,29,1987,0.0
05,30,1987,0.0
05,31,1987,0.0
06,01,1987,null
06,02,1987,null
06,03,1987,null
06,04,1987,null
06,05,1987,null
06,06,1987,null
06,07,1987,null
06,08,1987,null
06,09,1987,null
06,10,1987,null
06,11,1987,null
06,12,1987,null
06,13,1987,null
06,14,1987,null
06,15,1987,null
06,16,1987,null
06,17,1987,null
06,18,1987,null
06,19,1987,null
06,20,1987,null
06,21,1987,null
06,22,1987,null
06,23,1987,null
06,24,1987,null
06,25,1987,null
06,26,1987,null
06,27,1987,null
06,28,1987,null
06,29,1987,null
06,30,1987,null
07,01,1987,null
07,02,1987,null
07,03,1987,null
07,04,1987,null
07,05,1987,null
07,06,1987,null
07,07,1987,null
07,08,1987,null
07,09,1987,null
07,10,1987,null
07,11,1987,null
07,12,1987,null
07,13,1987,null
07,14,1987,null
07,15,1987,null
07,16,1987,null
07,17,1987,null
07,18,1987,null
07,19,1987,null
07,20,1987,null
07,21,1987,null
07,22,1987,null
07,23,1987,null
07,24,1987,null
07,25,1987,null
07,26,1987,null
07,27,1987,null
07,28,1987,null
07,29,1987,null
07,30,1987,null
07,31,1987,null
08,01,1987,0.0
08,02,1987,4.4
08,03,1987,22.0
08,04,1987,0.0
08,05,1987,0.0
08,06,1987,7.0
08,07,1987,0.0
08,08,1987,15.0
08,09,1987,1.3
08,10,1987,1.6
08,11,1987,1.0
08,12,1987,0.0
08,13,1987,0.0
08,14,1987,23.0
08,15,1987,0.0
08,16,1987,0.0
08,17,1987,20.0
08,18,1987,3.4
08,19,1987,0.0
08,20,1987,0.0
08,21,1987,0.0
08,22,1987,0.0
08,23,1987,2.0
08,24,1987,0.0
08,25,1987,0.0
08,26,1987,0.0
08,27,1987,3.5
08,28,1987,0.0
08,29,1987,13.5
08,30,1987,28.2
08,31,1987,0.0
09,01,1987,null
09,02,1987,null
09,03,1987,null
09,04,1987,null
09,05,1987,null
09,06,1987,null
09,07,1987,null
09,08,1987,null
09,09,1987,null
09,10,1987,null
09,11,1987,null
09,12,1987,null
09,13,1987,null
09,14,1987,null
09,15,1987,null
09,16,1987,null
09,17,1987,null
09,18,1987,null
09,19,1987,null
09,20,1987,null
09,21,1987,null
09,22,1987,null
09,23,1987,null
09,24,1987,null
09,25,1987,null
09,26,1987,null
09,27,1987,null
09,28,1987,null
09,29,1987,null
09,30,1987,null
10,01,1987,0.0
10,02,1987,0.0
10,03,1987,0.0
10,04,1987,0.0
10,05,1987,0.0
10,06,1987,0.0
10,07,1987,0.0
10,08,1987,0.0
10,09,1987,0.0
10,10,1987,0.0
10,11,1987,0.0
10,12,1987,0.0
10,13,1987,0.0
10,14,1987,0.0
10,15,1987,0.0
10,16,1987,0.0
10,17,1987,0.0
10,18,1987,0.0
10,19,1987,0.0
10,20,1987,0.0
10,21,1987,0.0
10,22,1987,0.0
10,23,1987,0.0
10,24,1987,0.0
10,25,1987,0.0
10,26,1987,0.0
10,27,1987,0.0
10,28,1987,0.0
10,29,1987,0.0
10,30,1987,0.0
10,31,1987,0.0
11,01,1987,0.0
11,02,1987,0.0
11,03,1987,0.0
11,04,1987,0.0
11,05,1987,0.0
11,06,1987,0.0
11,07,1987,0.0
11,08,1987,0.0
11,09,1987,0.0
11,10,1987,0.0
11,11,1987,0.0
11,12,1987,0.0
11,13,1987,0.0
11,14,1987,0.0
11,15,1987,0.0
11,16,1987,0.0
11,17,1987,0.0
11,18,1987,0.0
11,19,1987,0.0
11,20,1987,0.0
11,21,1987,0.0
11,22,1987,0.0
11,23,1987,0.0
11,24,1987,0.0
11,25,1987,0.0
11,26,1987,0.0
11,27,1987,0.0
11,28,1987,0.0
11,29,1987,0.0
11,30,1987,0.0
12,01,1987,0.0
12,02,1987,0.0
12,03,1987,0.0
12,04,1987,0.0
12,05,1987,0.0
12,06,1987,0.0
12,07,1987,0.0
12,08,1987,0.0
12,09,1987,0.0
12,10,1987,0.0
12,11,1987,0.0
12,12,1987,0.0
12,13,1987,0.0
12,14,1987,0.0
12,15,1987,0.0
12,16,1987,0.0
12,17,1987,0.0
12,18,1987,0.0
12,19,1987,0.0
12,20,1987,0.0
12,21,1987,0.0
12,22,1987,0.0
12,23,1987,0.0
12,24,1987,0.0
12,25,1987,0.0
12,26,1987,0.0
12,27,1987,0.0
12,28,1987,0.0
12,29,1987,0.0
12,30,1987,0.0
12,31,1987,0.0
01,01,1988,2.4
01,02,1988,0.0
01,03,1988,0.0
01,04,1988,0.0
01,05,1988,0.0
01,06,1988,0.0
01,07,1988,0.0
01,08,1988,0.0
01,09,1988,0.0
01,10,1988,0.0
01,11,1988,0.0
01,12,1988,0.0
01,13,1988,0.0
01,14,1988,0.0
01,15,1988,0.0
01,16,1988,0.0
01,17,1988,0.0
01,18,1988,0.0
01,19,1988,0.0
01,20,1988,0.0
01,21,1988,0.0
01,22,1988,0.0
01,23,1988,0.0
01,24,1988,0.0
01,25,1988,0.0
01,26,1988,0.0
01,27,1988,0.0
01,28,1988,0.0
01,29,1988,0.0
01,30,1988,0.0
01,31,1988,0.0
02,01,1988,0.0
02,02,1988,0.0
02,03,1988,0.0
02,04,1988,0.0
02,05,1988,0.0
02,06,1988,0.0
02,07,1988,0.0
02,08,1988,0.0
02,09,1988,0.0
02,10,1988,0.0
02,11,1988,0.0
02,12,1988,0.0
02,13,1988,0.0
02,14,1988,0.0
02,15,1988,0.0
02,16,1988,0.0
02,17,1988,0.0
02,18,1988,0.0
02,19,1988,0.0
02,20,1988,0.0
02,21,1988,0.0
02,22,1988,0.0
02,23,1988,0.0
02,24,1988,0.0
02,25,1988,0.0
02,26,1988,0.0
02,27,1988,0.0
02,28,1988,0.0
02,29,1988,0.0
03,01,1988,null
03,02,1988,null
03,03,1988,null
03,04,1988,null
03,05,1988,null
03,06,1988,null
03,07,1988,null
03,08,1988,null
03,09,1988,null
03,10,1988,null
03,11,1988,null
03,12,1988,null
03,13,1988,null
03,14,1988,null
03,15,1988,null
03,16,1988,null
03,17,1988,null
03,18,1988,null
03,19,1988,null
03,20,1988,null
03,21,1988,null
03,22,1988,null
03,23,1988,null
03,24,1988,null
03,25,1988,null
03,26,1988,null
03,27,1988,null
03,28,1988,null
03,29,1988,null
03,30,1988,null
03,31,1988,null
04,01,1988,0.0
04,02,1988,0.0
04,03,1988,0.0
04,04,1988,0.0
04,05,1988,0.0
04,06,1988,0.0
04,07,1988,0.0
04,08,1988,0.0
04,09,1988,0.0
04,10,1988,0.0
04,11,1988,0.0
04,12,1988,0.0
04,13,1988,0.0
04,14,1988,0.0
04,15,1988,0.0
04,16,1988,0.0
04,17,1988,0.0
04,18,1988,0.0
04,19,1988,0.0
04,20,1988,0.0
04,21,1988,0.0
04,22,1988,0.0
04,23,1988,0.0
04,24,1988,0.0
04,25,1988,0.0
04,26,1988,0.0
04,27,1988,0.0
04,28,1988,0.0
04,29,1988,0.0
04,30,1988,0.0
05,01,1988,0.0
05,02,1988,0.0
05,03,1988,0.0
05,04,1988,0.0
05,05,1988,0.0
05,06,1988,0.0
05,07,1988,0.0
05,08,1988,0.0
05,09,1988,0.0
05,10,1988,0.0
05,11,1988,0.0
05,12,1988,0.0
05,13,1988,0.0
05,14,1988,0.0
05,15,1988,0.0
05,16,1988,0.0
05,17,1988,0.0
05,18,1988,0.0
05,19,1988,0.0
05,20,1988,0.0
05,21,1988,0.0
05,22,1988,0.0
05,23,1988,0.0
05,24,1988,0.0
05,25,1988,3.5
05,26,1988,0.0
05,27,1988,3.5
05,28,1988,0.0
05,29,1988,0.0
05,30,1988,0.0
05,31,1988,0.0
06,01,1988,5.5
06,02,1988,0.0
06,03,1988,0.0
06,04,1988,0.0
06,05,1988,0.0
06,06,1988,0.0
06,07,1988,0.0
06,08,1988,18.8
06,09,1988,0.0
06,10,1988,0.0
06,11,1988,0.0
06,12,1988,0.0
06,13,1988,1.2
06,14,1988,0.0
06,15,1988,3.0
06,16,1988,14.4
06,17,1988,4.2
06,18,1988,2.4
06,19,1988,5.1
06,20,1988,0.0
06,21,1988,0.0
06,22,1988,45.5
06,23,1988,12.8
06,24,1988,0.0
06,25,1988,7.0
06,26,1988,8.0
06,27,1988,9.5
06,28,1988,9.0
06,29,1988,0.0
06,30,1988,22.5
07,01,1988,0.0
07,02,1988,30.0
07,03,1988,2.5
07,04,1988,0.0
07,05,1988,9.7
07,06,1988,28.0
07,07,1988,0.0
07,08,1988,0.0
07,09,1988,0.0
07,10,1988,0.0
07,11,1988,0.0
07,12,1988,28.0
07,13,1988,27.0
07,14,1988,2.5
07,15,1988,6.5
07,16,1988,20.0
07,17,1988,3.7
07,18,1988,0.0
07,19,1988,77.0
07,20,1988,23.0
07,21,1988,16.5
07,22,1988,0.0
07,23,1988,0.0
07,24,1988,0.0
07,25,1988,4.3
07,26,1988,21.9
07,27,1988,0.0
07,28,1988,0.0
07,29,1988,0.0
07,30,1988,0.0
07,31,1988,0.0
08,01,1988,2.4
08,02,1988,0.0
08,03,1988,0.0
08,04,1988,0.0
08,05,1988,52.5
08,06,1988,0.0
08,07,1988,5.5
08,08,1988,1.2
08,09,1988,3.0
08,10,1988,1.5
08,11,1988,3.1
08,12,1988,2.8
08,13,1988,12.4
08,14,1988,37.4
08,15,1988,1.6
08,16,1988,4.4
08,17,1988,5.7
08,18,1988,3.3
08,19,1988,0.0
08,20,1988,2.0
08,21,1988,0.5
08,22,1988,0.0
08,23,1988,0.0
08,24,1988,0.0
08,25,1988,0.0
08,26,1988,0.0
08,27,1988,0.0
08,28,1988,0.0
08,29,1988,6.3
08,30,1988,6.9
08,31,1988,0.0
09,01,1988,39.2
09,02,1988,20.0
09,03,1988,14.2
09,04,1988,6.4
09,05,1988,3.3
09,06,1988,20.7
09,07,1988,11.9
09,08,1988,1.8
09,09,1988,0.0
09,10,1988,4.2
09,11,1988,11.7
09,12,1988,0.0
09,13,1988,0.0
09,14,1988,0.0
09,15,1988,0.0
09,16,1988,0.0
09,17,1988,2.3
09,18,1988,8.5
09,19,1988,0.0
09,20,1988,0.0
09,21,1988,5.8
09,22,1988,1.9
09,23,1988,0.0
09,24,1988,4.5
09,25,1988,0.0
09,26,1988,0.0
09,27,1988,0.0
09,28,1988,10.4
09,29,1988,6.8
09,30,1988,0.0
10,01,1988,2.2
10,02,1988,29.4
10,03,1988,5.3
10,04,1988,0.0
10,05,1988,0.0
10,06,1988,0.0
10,07,1988,0.0
10,08,1988,0.0
10,09,1988,6.2
10,10,1988,4.4
10,11,1988,8.8
10,12,1988,0.0
10,13,1988,0.0
10,14,1988,0.0
10,15,1988,0.0
10,16,1988,0.0
10,17,1988,0.0
10,18,1988,0.0
10,19,1988,0.0
10,20,1988,0.0
10,21,1988,0.0
10,22,1988,0.0
10,23,1988,0.0
10,24,1988,0.0
10,25,1988,0.0
10,26,1988,0.0
10,27,1988,0.0
10,28,1988,0.0
10,29,1988,0.0
10,30,1988,0.0
10,31,1988,0.0
11,01,1988,0.0
11,02,1988,0.0
11,03,1988,0.0
11,04,1988,0.0
11,05,1988,0.0
11,06,1988,0.0
11,07,1988,0.0
11,08,1988,0.0
11,09,1988,0.0
11,10,1988,0.0
11,11,1988,0.0
11,12,1988,0.0
11,13,1988,0.0
11,14,1988,0.0
11,15,1988,0.0
11,16,1988,0.0
11,17,1988,0.0
11,18,1988,0.0
11,19,1988,0.0
11,20,1988,0.0
11,21,1988,0.0
11,22,1988,0.0
11,23,1988,0.0
11,24,1988,0.0
11,25,1988,0.0
11,26,1988,0.0
11,27,1988,0.0
11,28,1988,0.0
11,29,1988,0.0
11,30,1988,0.0
12,01,1988,0.0
12,02,1988,0.0
12,03,1988,0.0
12,04,1988,0.0
12,05,1988,0.0
12,06,1988,0.0
12,07,1988,0.0
12,08,1988,0.0
12,09,1988,0.0
12,10,1988,0.0
12,11,1988,0.0
12,12,1988,0.0
12,13,1988,0.0
12,14,1988,0.0
12,15,1988,0.0
12,16,1988,0.0
12,17,1988,0.0
12,18,1988,0.0
12,19,1988,0.0
12,20,1988,0.0
12,21,1988,0.0
12,22,1988,0.0
12,23,1988,0.0
12,24,1988,0.0
12,25,1988,0.0
12,26,1988,0.0
12,27,1988,0.0
12,28,1988,0.0
12,29,1988,0.0
12,30,1988,0.0
12,31,1988,0.0
01,01,1989,0.0
01,02,1989,0.0
01,03,1989,0.0
01,04,1989,0.0
01,05,1989,0.0
01,06,1989,0.0
01,07,1989,0.0
01,08,1989,0.0
01,09,1989,0.0
01,10,1989,0.0
01,11,1989,0.0
01,12,1989,0.0
01,13,1989,0.0
01,14,1989,0.0
01,15,1989,0.0
01,16,1989,0.0
01,17,1989,0.0
01,18,1989,0.0
01,19,1989,0.0
01,20,1989,0.0
01,21,1989,0.0
01,22,1989,0.0
01,23,1989,0.0
01,24,1989,0.0
01,25,1989,0.0
01,26,1989,0.0
01,27,1989,0.0
01,28,1989,0.0
01,29,1989,0.0
01,30,1989,0.0
01,31,1989,0.0
02,01,1989,0.0
02,02,1989,0.0
02,03,1989,0.0
02,04,1989,0.0
02,05,1989,0.0
02,06,1989,0.0
02,07,1989,0.0
02,08,1989,0.0
02,09,1989,0.0
02,10,1989,0.0
02,11,1989,0.0
02,12,1989,0.0
02,13,1989,0.0
02,14,1989,0.0
02,15,1989,0.0
02,16,1989,0.0
02,17,1989,0.0
02,18,1989,0.0
02,19,1989,0.0
02,20,1989,0.0
02,21,1989,0.0
02,22,1989,0.0
02,23,1989,0.0
02,24,1989,0.0
02,25,1989,0.0
02,26,1989,0.0
02,27,1989,0.0
02,28,1989,0.0
03,01,1989,null
03,02,1989,null
03,03,1989,null
03,04,1989,null
03,05,1989,null
03,06,1989,null
03,07,1989,null
03,08,1989,null
03,09,1989,null
03,10,1989,null
03,11,1989,null
03,12,1989,null
03,13,1989,null
03,14,1989,null
03,15,1989,null
03,16,1989,null
03,17,1989,null
03,18,1989,null
03,19,1989,null
03,20,1989,null
03,21,1989,null
03,22,1989,null
03,23,1989,null
03,24,1989,null
03,25,1989,null
03,26,1989,null
03,27,1989,null
03,28,1989,null
03,29,1989,null
03,30,1989,null
03,31,1989,null
04,01,1989,0.0
04,02,1989,0.0
04,03,1989,0.0
04,04,1989,0.0
04,05,1989,0.0
04,06,1989,0.0
04,07,1989,0.0
04,08,1989,0.0
04,09,1989,0.0
04,10,1989,0.0
04,11,1989,0.0
04,12,1989,0.0
04,13,1989,0.0
04,14,1989,0.0
04,15,1989,0.0
04,16,1989,0.0
04,17,1989,0.0
04,18,1989,0.0
04,19,1989,0.0
04,20,1989,0.0
04,21,1989,0.0
04,22,1989,0.0
04,23,1989,0.0
04,24,1989,0.0
04,25,1989,0.0
04,26,1989,0.0
04,27,1989,0.0
04,28,1989,0.0
04,29,1989,0.0
04,30,1989,0.0
05,01,1989,0.0
05,02,1989,0.0
05,03,1989,0.0
05,04,1989,0.0
05,05,1989,0.0
05,06,1989,0.0
05,07,1989,0.0
05,08,1989,0.0
05,09,1989,0.0
05,10,1989,0.0
05,11,1989,0.0
05,12,1989,0.0
05,13,1989,0.0
05,14,1989,0.0
05,15,1989,0.0
05,16,1989,0.0
05,17,1989,0.0
05,18,1989,0.0
05,19,1989,0.0
05,20,1989,0.0
05,21,1989,0.0
05,22,1989,0.0
05,23,1989,0.0
05,24,1989,0.0
05,25,1989,0.0
05,26,1989,0.0
05,27,1989,0.0
05,28,1989,0.0
05,29,1989,0.0
05,30,1989,0.0
05,31,1989,0.0
06,01,1989,4.1
06,02,1989,0.0
06,03,1989,12.0
06,04,1989,15.0
06,05,1989,0.0
06,06,1989,0.0
06,07,1989,0.0
06,08,1989,0.0
06,09,1989,8.0
06,10,1989,20.2
06,11,1989,15.0
06,12,1989,5.9
06,13,1989,5.5
06,14,1989,5.9
06,15,1989,10.7
06,16,1989,5.7
06,17,1989,23.0
06,18,1989,55.8
06,19,1989,0.0
06,20,1989,7.9
06,21,1989,120.0
06,22,1989,21.4
06,23,1989,0.0
06,24,1989,0.0
06,25,1989,21.5
06,26,1989,2.9
06,27,1989,8.0
06,28,1989,16.0
06,29,1989,20.0
06,30,1989,0.0
07,01,1989,10.2
07,02,1989,2.3
07,03,1989,0.0
07,04,1989,0.0
07,05,1989,16.5
07,06,1989,16.5
07,07,1989,0.0
07,08,1989,0.0
07,09,1989,2.0
07,10,1989,5.3
07,11,1989,1.3
07,12,1989,23.3
07,13,1989,0.0
07,14,1989,0.0
07,15,1989,0.0
07,16,1989,0.0
07,17,1989,0.0
07,18,1989,0.0
07,19,1989,0.0
07,20,1989,20.0
07,21,1989,0.0
07,22,1989,0.0
07,23,1989,0.9
07,24,1989,0.0
07,25,1989,27.0
07,26,1989,0.0
07,27,1989,0.0
07,28,1989,0.0
07,29,1989,2.4
07,30,1989,0.0
07,31,1989,0.0
08,01,1989,0.0
08,02,1989,2.1
08,03,1989,6.6
08,04,1989,4.6
08,05,1989,0.0
08,06,1989,4.3
08,07,1989,3.8
08,08,1989,5.8
08,09,1989,1.9
08,10,1989,4.4
08,11,1989,2.3
08,12,1989,8.8
08,13,1989,2.6
08,14,1989,0.7
08,15,1989,7.3
08,16,1989,13.4
08,17,1989,27.5
08,18,1989,0.0
08,19,1989,4.5
08,20,1989,1.0
08,21,1989,0.0
08,22,1989,5.2
08,23,1989,2.0
08,24,1989,0.0
08,25,1989,15.0
08,26,1989,0.0
08,27,1989,10.5
08,28,1989,27.3
08,29,1989,8.5
08,30,1989,5.6
08,31,1989,18.3
09,01,1989,0.0
09,02,1989,0.0
09,03,1989,20.5
09,04,1989,13.2
09,05,1989,2.5
09,06,1989,5.7
09,07,1989,12.2
09,08,1989,1.2
09,09,1989,1.5
09,10,1989,4.8
09,11,1989,30.8
09,12,1989,16.7
09,13,1989,1.4
09,14,1989,0.0
09,15,1989,0.0
09,16,1989,0.0
09,17,1989,9.9
09,18,1989,51.0
09,19,1989,1.0
09,20,1989,0.0
09,21,1989,3.0
09,22,1989,37.0
09,23,1989,2.5
09,24,1989,0.0
09,25,1989,33.0
09,26,1989,33.6
09,27,1989,1.7
09,28,1989,0.0
09,29,1989,4.8
09,30,1989,1.3
10,01,1989,0.0
10,02,1989,5.4
10,03,1989,0.0
10,04,1989,3.4
10,05,1989,6.0
10,06,1989,0.0
10,07,1989,30.5
10,08,1989,0.0
10,09,1989,0.0
10,10,1989,11.1
10,11,1989,5.2
10,12,1989,0.0
10,13,1989,0.0
10,14,1989,2.4
10,15,1989,10.5
10,16,1989,7.2
10,17,1989,15.3
10,18,1989,0.0
10,19,1989,0.0
10,20,1989,0.0
10,21,1989,0.0
10,22,1989,0.0
10,23,1989,0.0
10,24,1989,0.0
10,25,1989,0.0
10,26,1989,0.0
10,27,1989,0.0
10,28,1989,0.0
10,29,1989,0.0
10,30,1989,0.0
10,31,1989,0.0
11,01,1989,0.0
11,02,1989,0.0
11,03,1989,0.0
11,04,1989,0.0
11,05,1989,0.0
11,06,1989,0.0
11,07,1989,0.0
11,08,1989,0.0
11,09,1989,0.0
11,10,1989,11.2
11,11,1989,0.0
11,12,1989,0.0
11,13,1989,0.0
11,14,1989,0.0
11,15,1989,0.0
11,16,1989,0.0
11,17,1989,0.0
11,18,1989,0.0
11,19,1989,0.0
11,20,1989,0.0
11,21,1989,0.0
11,22,1989,0.0
11,23,1989,0.0
11,24,1989,12.3
11,25,1989,0.0
11,26,1989,0.0
11,27,1989,0.0
11,28,1989,0.0
11,29,1989,0.0
11,30,1989,0.0
12,01,1989,0.0
12,02,1989,0.0
12,03,1989,0.0
12,04,1989,0.0
12,05,1989,0.0
12,06,1989,0.0
12,07,1989,0.0
12,08,1989,0.0
12,09,1989,0.0
12,10,1989,0.0
12,11,1989,0.0
12,12,1989,0.0
12,13,1989,0.0
12,14,1989,0.0
12,15,1989,0.0
12,16,1989,0.0
12,17,1989,0.0
12,18,1989,0.0
12,19,1989,0.0
12,20,1989,0.0
12,21,1989,0.0
12,22,1989,0.0
12,23,1989,0.0
12,24,1989,0.0
12,25,1989,0.0
12,26,1989,0.0
12,27,1989,0.0
12,28,1989,0.0
12,29,1989,0.0
12,30,1989,0.0
12,31,1989,0.0
01,01,1990,0.0
01,02,1990,0.0
01,03,1990,0.0
01,04,1990,0.0
01,05,1990,0.0
01,06,1990,0.0
01,07,1990,0.0
01,08,1990,0.0
01,09,1990,0.0
01,10,1990,0.0
01,11,1990,0.0
01,12,1990,11.8
01,13,1990,0.0
01,14,1990,0.0
01,15,1990,0.0
01,16,1990,0.0
01,17,1990,0.0
01,18,1990,0.0
01,19,1990,0.0
01,20,1990,0.0
01,21,1990,0.0
01,22,1990,0.0
01,23,1990,0.0
01,24,1990,0.0
01,25,1990,0.0
01,26,1990,0.0
01,27,1990,0.0
01,28,1990,0.0
01,29,1990,0.0
01,30,1990,0.0
01,31,1990,0.0
02,01,1990,0.0
02,02,1990,0.0
02,03,1990,0.0
02,04,1990,0.0
02,05,1990,0.0
02,06,1990,0.0
02,07,1990,0.0
02,08,1990,0.0
02,09,1990,0.0
02,10,1990,0.0
02,11,1990,0.0
02,12,1990,0.0
02,13,1990,0.0
02,14,1990,0.0
02,15,1990,0.0
02,16,1990,0.0
02,17,1990,0.0
02,18,1990,0.0
02,19,1990,0.0
02,20,1990,0.0
02,21,1990,0.0
02,22,1990,0.0
02,23,1990,0.0
02,24,1990,0.0
02,25,1990,0.0
02,26,1990,0.0
02,27,1990,0.0
02,28,1990,2.5
03,01,1990,1.9
03,02,1990,0.0
03,03,1990,0.0
03,04,1990,0.0
03,05,1990,0.0
03,06,1990,0.0
03,07,1990,0.0
03,08,1990,0.0
03,09,1990,0.0
03,10,1990,0.0
03,11,1990,0.0
03,12,1990,0.0
03,13,1990,0.0
03,14,1990,0.0
03,15,1990,0.0
03,16,1990,0.0
03,17,1990,0.0
03,18,1990,0.0
03,19,1990,0.0
03,20,1990,0.0
03,21,1990,0.0
03,22,1990,0.0
03,23,1990,0.0
03,24,1990,0.0
03,25,1990,0.0
03,26,1990,0.0
03,27,1990,0.0
03,28,1990,0.0
03,29,1990,0.0
03,30,1990,0.0
03,31,1990,0.0
04,01,1990,0.0
04,02,1990,0.0
04,03,1990,0.0
04,04,1990,0.0
04,05,1990,0.0
04,06,1990,0.0
04,07,1990,0.0
04,08,1990,0.0
04,09,1990,0.0
04,10,1990,0.0
04,11,1990,0.0
04,12,1990,0.0
04,13,1990,12.0
04,14,1990,0.0
04,15,1990,16.8
04,16,1990,0.0
04,17,1990,3.4
04,18,1990,0.0
04,19,1990,0.0
04,20,1990,0.0
04,21,1990,0.0
04,22,1990,0.0
04,23,1990,0.0
04,24,1990,5.4
04,25,1990,27.2
04,26,1990,0.0
04,27,1990,0.0
04,28,1990,0.0
04,29,1990,0.0
04,30,1990,0.0
05,01,1990,0.0
05,02,1990,0.0
05,03,1990,0.0
05,04,1990,0.0
05,05,1990,25.0
05,06,1990,9.8
05,07,1990,0.0
05,08,1990,0.0
05,09,1990,0.0
05,10,1990,0.0
05,11,1990,0.0
05,12,1990,0.0
05,13,1990,24.7
05,14,1990,0.0
05,15,1990,0.0
05,16,1990,0.0
05,17,1990,0.0
05,18,1990,0.0
05,19,1990,18.5
05,20,1990,30.2
05,21,1990,0.0
05,22,1990,0.0
05,23,1990,0.0
05,24,1990,13.1
05,25,1990,0.0
05,26,1990,0.0
05,27,1990,0.0
05,28,1990,0.0
05,29,1990,0.0
05,30,1990,0.0
05,31,1990,0.0
06,01,1990,0.0
06,02,1990,0.0
06,03,1990,0.0
06,04,1990,0.0
06,05,1990,15.4
06,06,1990,22.3
06,07,1990,2.0
06,08,1990,0.0
06,09,1990,5.0
06,10,1990,38.0
06,11,1990,1.7
06,12,1990,0.0
06,13,1990,17.7
06,14,1990,15.6
06,15,1990,2.5
06,16,1990,0.0
06,17,1990,0.0
06,18,1990,0.0
06,19,1990,15.9
06,20,1990,35.0
06,21,1990,6.2
06,22,1990,14.2
06,23,1990,28.8
06,24,1990,2.9
06,25,1990,13.7
06,26,1990,14.4
06,27,1990,3.0
06,28,1990,0.0
06,29,1990,0.0
06,30,1990,14.3
07,01,1990,0.0
07,02,1990,10.9
07,03,1990,13.6
07,04,1990,1.1
07,05,1990,7.5
07,06,1990,0.0
07,07,1990,17.4
07,08,1990,17.0
07,09,1990,0.0
07,10,1990,0.0
07,11,1990,7.4
07,12,1990,10.8
07,13,1990,0.0
07,14,1990,4.9
07,15,1990,8.9
07,16,1990,1.3
07,17,1990,0.0
07,18,1990,0.0
07,19,1990,0.0
07,20,1990,0.0
07,21,1990,0.0
07,22,1990,0.0
07,23,1990,17.9
07,24,1990,0.0
07,25,1990,0.0
07,26,1990,0.0
07,27,1990,0.0
07,28,1990,0.0
07,29,1990,0.0
07,30,1990,0.0
07,31,1990,7.0
08,01,1990,0.0
08,02,1990,0.0
08,03,1990,5.4
08,04,1990,0.0
08,05,1990,17.4
08,06,1990,0.0
08,07,1990,13.0
08,08,1990,116.0
08,09,1990,23.8
08,10,1990,1.6
08,11,1990,1.3
08,12,1990,18.0
08,13,1990,1.9
08,14,1990,15.2
08,15,1990,8.9
08,16,1990,15.2
08,17,1990,15.0
08,18,1990,15.3
08,19,1990,0.0
08,20,1990,0.0
08,21,1990,0.0
08,22,1990,0.0
08,23,1990,10.3
08,24,1990,4.0
08,25,1990,5.7
08,26,1990,0.0
08,27,1990,1.0
08,28,1990,7.0
08,29,1990,4.2
08,30,1990,0.0
08,31,1990,0.0
09,01,1990,3.0
09,02,1990,5.0
09,03,1990,6.0
09,04,1990,0.0
09,05,1990,0.0
09,06,1990,17.8
09,07,1990,25.0
09,08,1990,40.0
09,09,1990,0.0
09,10,1990,0.0
09,11,1990,0.0
09,12,1990,0.0
09,13,1990,0.0
09,14,1990,10.0
09,15,1990,20.0
09,16,1990,0.0
09,17,1990,15.4
09,18,1990,26.0
09,19,1990,28.0
09,20,1990,13.2
09,21,1990,0.0
09,22,1990,0.0
09,23,1990,7.0
09,24,1990,2.8
09,25,1990,0.0
09,26,1990,3.0
09,27,1990,0.9
09,28,1990,0.0
09,29,1990,0.0
09,30,1990,0.0
10,01,1990,0.0
10,02,1990,0.0
10,03,1990,0.0
10,04,1990,0.0
10,05,1990,0.0
10,06,1990,0.0
10,07,1990,0.0
10,08,1990,0.0
10,09,1990,0.0
10,10,1990,0.0
10,11,1990,0.0
10,12,1990,0.0
10,13,1990,0.0
10,14,1990,0.0
10,15,1990,17.0
10,16,1990,14.2
10,17,1990,1.3
10,18,1990,0.0
10,19,1990,0.0
10,20,1990,5.4
10,21,1990,10.0
10,22,1990,18.9
10,23,1990,2.5
10,24,1990,24.5
10,25,1990,0.0
10,26,1990,0.0
10,27,1990,0.0
10,28,1990,0.0
10,29,1990,0.0
10,30,1990,0.0
10,31,1990,0.0
11,01,1990,0.0
11,02,1990,0.0
11,03,1990,0.0
11,04,1990,0.0
11,05,1990,0.0
11,06,1990,0.0
11,07,1990,17.4
11,08,1990,0.0
11,09,1990,0.0
11,10,1990,0.0
11,11,1990,0.0
11,12,1990,0.0
11,13,1990,0.0
11,14,1990,0.0
11,15,1990,0.0
11,16,1990,0.0
11,17,1990,0.0
11,18,1990,0.0
11,19,1990,0.0
11,20,1990,0.0
11,21,1990,0.0
11,22,1990,0.0
11,23,1990,0.0
11,24,1990,0.0
11,25,1990,0.0
11,26,1990,0.0
11,27,1990,0.0
11,28,1990,0.0
11,29,1990,0.0
11,30,1990,0.0
12,01,1990,0.0
12,02,1990,0.0
12,03,1990,0.0
12,04,1990,0.0
12,05,1990,0.0
12,06,1990,0.0
12,07,1990,0.0
12,08,1990,0.0
12,09,1990,0.0
12,10,1990,0.0
12,11,1990,0.0
12,12,1990,0.0
12,13,1990,0.0
12,14,1990,0.0
12,15,1990,0.0
12,16,1990,0.0
12,17,1990,0.0
12,18,1990,0.0
12,19,1990,0.0
12,20,1990,0.0
12,21,1990,0.0
12,22,1990,0.0
12,23,1990,0.0
12,24,1990,0.0
12,25,1990,0.0
12,26,1990,0.0
12,27,1990,0.0
12,28,1990,0.0
12,29,1990,0.0
12,30,1990,0.0
12,31,1990,0.0
01,01,1991,2.5
01,02,1991,0.0
01,03,1991,0.0
01,04,1991,0.0
01,05,1991,0.0
01,06,1991,0.0
01,07,1991,0.0
01,08,1991,0.0
01,09,1991,0.0
01,10,1991,0.0
01,11,1991,0.0
01,12,1991,0.0
01,13,1991,0.0
01,14,1991,0.0
01,15,1991,0.0
01,16,1991,0.0
01,17,1991,0.0
01,18,1991,0.0
01,19,1991,0.0
01,20,1991,0.0
01,21,1991,0.0
01,22,1991,0.0
01,23,1991,0.0
01,24,1991,0.0
01,25,1991,0.0
01,26,1991,0.0
01,27,1991,0.0
01,28,1991,0.0
01,29,1991,0.0
01,30,1991,0.0
01,31,1991,0.0
02,01,1991,0.0
02,02,1991,0.0
02,03,1991,0.0
02,04,1991,0.0
02,05,1991,0.0
02,06,1991,0.0
02,07,1991,0.0
02,08,1991,0.0
02,09,1991,0.0
02,10,1991,0.0
02,11,1991,0.0
02,12,1991,0.0
02,13,1991,0.0
02,14,1991,0.0
02,15,1991,0.0
02,16,1991,0.0
02,17,1991,0.0
02,18,1991,0.0
02,19,1991,0.0
02,20,1991,0.0
02,21,1991,0.0
02,22,1991,0.0
02,23,1991,0.0
02,24,1991,0.0
02,25,1991,0.0
02,26,1991,0.0
02,27,1991,0.0
02,28,1991,0.0
03,01,1991,0.0
03,02,1991,0.0
03,03,1991,0.0
03,04,1991,0.0
03,05,1991,0.0
03,06,1991,0.0
03,07,1991,0.0
03,08,1991,0.0
03,09,1991,0.0
03,10,1991,0.0
03,11,1991,0.0
03,12,1991,0.0
03,13,1991,0.0
03,14,1991,0.0
03,15,1991,0.0
03,16,1991,0.0
03,17,1991,0.0
03,18,1991,0.0
03,19,1991,0.0
03,20,1991,0.0
03,21,1991,0.0
03,22,1991,0.0
03,23,1991,0.0
03,24,1991,0.0
03,25,1991,0.0
03,26,1991,0.0
03,27,1991,0.0
03,28,1991,0.0
03,29,1991,0.0
03,30,1991,0.0
03,31,1991,0.0
04,01,1991,0.0
04,02,1991,0.0
04,03,1991,0.0
04,04,1991,0.0
04,05,1991,0.0
04,06,1991,0.0
04,07,1991,0.0
04,08,1991,0.0
04,09,1991,0.0
04,10,1991,0.0
04,11,1991,0.0
04,12,1991,0.0
04,13,1991,0.0
04,14,1991,0.0
04,15,1991,0.0
04,16,1991,0.0
04,17,1991,0.0
04,18,1991,0.0
04,19,1991,0.0
04,20,1991,0.0
04,21,1991,0.0
04,22,1991,0.0
04,23,1991,0.0
04,24,1991,0.0
04,25,1991,0.0
04,26,1991,0.0
04,27,1991,0.0
04,28,1991,0.0
04,29,1991,0.0
04,30,1991,0.0
05,01,1991,0.0
05,02,1991,0.0
05,03,1991,0.0
05,04,1991,0.0
05,05,1991,0.0
05,06,1991,0.0
05,07,1991,6.8
05,08,1991,9.7
05,09,1991,0.0
05,10,1991,0.0
05,11,1991,0.0
05,12,1991,10.7
05,13,1991,26.4
05,14,1991,0.0
05,15,1991,0.0
05,16,1991,0.0
05,17,1991,0.0
05,18,1991,0.0
05,19,1991,0.0
05,20,1991,0.0
05,21,1991,0.0
05,22,1991,0.0
05,23,1991,0.0
05,24,1991,0.0
05,25,1991,0.0
05,26,1991,2.0
05,27,1991,0.0
05,28,1991,7.7
05,29,1991,0.0
05,30,1991,0.0
05,31,1991,0.0
06,01,1991,0.0
06,02,1991,0.0
06,03,1991,0.0
06,04,1991,0.0
06,05,1991,0.0
06,06,1991,0.0
06,07,1991,0.0
06,08,1991,0.0
06,09,1991,15.0
06,10,1991,0.0
06,11,1991,0.0
06,12,1991,0.0
06,13,1991,1.0
06,14,1991,0.0
06,15,1991,11.1
06,16,1991,0.0
06,17,1991,4.1
06,18,1991,60.0
06,19,1991,17.5
06,20,1991,16.0
06,21,1991,5.3
06,22,1991,14.2
06,23,1991,6.0
06,24,1991,0.0
06,25,1991,0.0
06,26,1991,6.5
06,27,1991,0.0
06,28,1991,60.0
06,29,1991,13.0
06,30,1991,0.0
07,01,1991,5.0
07,02,1991,21.2
07,03,1991,1.0
07,04,1991,7.7
07,05,1991,4.0
07,06,1991,17.7
07,07,1991,86.3
07,08,1991,31.2
07,09,1991,9.7
07,10,1991,1.0
07,11,1991,2.0
07,12,1991,0.0
07,13,1991,6.1
07,14,1991,0.0
07,15,1991,0.0
07,16,1991,0.0
07,17,1991,0.0
07,18,1991,0.0
07,19,1991,0.0
07,20,1991,8.3
07,21,1991,6.4
07,22,1991,12.7
07,23,1991,0.0
07,24,1991,10.5
07,25,1991,10.4
07,26,1991,12.5
07,27,1991,0.0
07,28,1991,0.0
07,29,1991,0.0
07,30,1991,0.0
07,31,1991,0.0
08,01,1991,7.0
08,02,1991,2.0
08,03,1991,0.0
08,04,1991,18.8
08,05,1991,16.9
08,06,1991,0.0
08,07,1991,0.0
08,08,1991,0.0
08,09,1991,0.0
08,10,1991,5.5
08,11,1991,0.0
08,12,1991,0.0
08,13,1991,0.0
08,14,1991,0.0
08,15,1991,9.2
08,16,1991,1.2
08,17,1991,0.0
08,18,1991,0.0
08,19,1991,0.0
08,20,1991,24.7
08,21,1991,0.0
08,22,1991,0.0
08,23,1991,0.0
08,24,1991,0.0
08,25,1991,0.0
08,26,1991,0.0
08,27,1991,5.2
08,28,1991,23.8
08,29,1991,0.0
08,30,1991,0.0
08,31,1991,3.5
09,01,1991,null
09,02,1991,null
09,03,1991,null
09,04,1991,null
09,05,1991,null
09,06,1991,null
09,07,1991,null
09,08,1991,null
09,09,1991,null
09,10,1991,null
09,11,1991,null
09,12,1991,null
09,13,1991,null
09,14,1991,null
09,15,1991,null
09,16,1991,null
09,17,1991,null
09,18,1991,null
09,19,1991,null
09,20,1991,null
09,21,1991,null
09,22,1991,null
09,23,1991,null
09,24,1991,null
09,25,1991,null
09,26,1991,null
09,27,1991,null
09,28,1991,null
09,29,1991,null
09,30,1991,null
10,01,1991,null
10,02,1991,null
10,03,1991,null
10,04,1991,null
10,05,1991,null
10,06,1991,null
10,07,1991,null
10,08,1991,null
10,09,1991,null
10,10,1991,null
10,11,1991,null
10,12,1991,null
10,13,1991,null
10,14,1991,null
10,15,1991,null
10,16,1991,null
10,17,1991,null
10,18,1991,null
10,19,1991,null
10,20,1991,null
10,21,1991,null
10,22,1991,null
10,23,1991,null
10,24,1991,null
10,25,1991,null
10,26,1991,null
10,27,1991,null
10,28,1991,null
10,29,1991,null
10,30,1991,null
10,31,1991,null
11,01,1991,0.0
11,02,1991,0.0
11,03,1991,0.0
11,04,1991,0.0
11,05,1991,0.0
11,06,1991,0.0
11,07,1991,0.0
11,08,1991,0.0
11,09,1991,0.0
11,10,1991,0.0
11,11,1991,0.0
11,12,1991,0.0
11,13,1991,0.0
11,14,1991,0.0
11,15,1991,0.0
11,16,1991,0.0
11,17,1991,5.0
11,18,1991,0.0
11,19,1991,0.0
11,20,1991,0.0
11,21,1991,0.0
11,22,1991,0.0
11,23,1991,0.0
11,24,1991,0.0
11,25,1991,0.0
11,26,1991,0.0
11,27,1991,0.0
11,28,1991,0.0
11,29,1991,0.0
11,30,1991,0.0
12,01,1991,0.0
12,02,1991,0.0
12,03,1991,0.0
12,04,1991,0.0
12,05,1991,0.0
12,06,1991,0.0
12,07,1991,0.0
12,08,1991,0.0
12,09,1991,0.0
12,10,1991,0.0
12,11,1991,0.0
12,12,1991,0.0
12,13,1991,0.0
12,14,1991,0.0
12,15,1991,0.0
12,16,1991,0.0
12,17,1991,0.0
12,18,1991,0.0
12,19,1991,0.0
12,20,1991,0.0
12,21,1991,0.0
12,22,1991,0.0
12,23,1991,0.0
12,24,1991,4.8
12,25,1991,8.6
12,26,1991,0.0
12,27,1991,0.0
12,28,1991,0.0
12,29,1991,0.0
12,30,1991,0.0
12,31,1991,0.0
01,01,1992,0.0
01,02,1992,0.0
01,03,1992,0.0
01,04,1992,0.0
01,05,1992,63.2
01,06,1992,0.0
01,07,1992,0.0
01,08,1992,0.0
01,09,1992,0.0
01,10,1992,0.0
01,11,1992,0.0
01,12,1992,0.0
01,13,1992,0.0
01,14,1992,0.0
01,15,1992,0.0
01,16,1992,0.0
01,17,1992,24.0
01,18,1992,0.0
01,19,1992,0.0
01,20,1992,0.0
01,21,1992,0.0
01,22,1992,0.0
01,23,1992,0.0
01,24,1992,0.0
01,25,1992,6.9
01,26,1992,5.0
01,27,1992,0.0
01,28,1992,0.0
01,29,1992,0.0
01,30,1992,20.0
01,31,1992,30.0
02,01,1992,15.0
02,02,1992,0.0
02,03,1992,3.6
02,04,1992,0.0
02,05,1992,0.0
02,06,1992,0.0
02,07,1992,0.0
02,08,1992,0.0
02,09,1992,0.0
02,10,1992,0.0
02,11,1992,0.0
02,12,1992,0.0
02,13,1992,0.0
02,14,1992,0.0
02,15,1992,0.0
02,16,1992,0.0
02,17,1992,0.0
02,18,1992,0.0
02,19,1992,0.0
02,20,1992,0.0
02,21,1992,0.0
02,22,1992,0.0
02,23,1992,0.0
02,24,1992,0.0
02,25,1992,0.0
02,26,1992,0.0
02,27,1992,0.0
02,28,1992,0.0
02,29,1992,0.0
03,01,1992,0.0
03,02,1992,0.0
03,03,1992,0.0
03,04,1992,0.0
03,05,1992,0.0
03,06,1992,0.0
03,07,1992,0.0
03,08,1992,0.0
03,09,1992,0.0
03,10,1992,0.0
03,11,1992,0.0
03,12,1992,0.0
03,13,1992,0.0
03,14,1992,0.0
03,15,1992,0.0
03,16,1992,0.0
03,17,1992,0.0
03,18,1992,0.0
03,19,1992,0.0
03,20,1992,0.0
03,21,1992,0.0
03,22,1992,0.0
03,23,1992,0.0
03,24,1992,0.0
03,25,1992,0.0
03,26,1992,0.0
03,27,1992,0.0
03,28,1992,0.0
03,29,1992,0.0
03,30,1992,0.0
03,31,1992,0.0
04,01,1992,0.0
04,02,1992,0.0
04,03,1992,0.0
04,04,1992,0.0
04,05,1992,0.0
04,06,1992,0.0
04,07,1992,0.0
04,08,1992,0.0
04,09,1992,0.0
04,10,1992,0.0
04,11,1992,0.0
04,12,1992,0.0
04,13,1992,0.0
04,14,1992,0.0
04,15,1992,0.0
04,16,1992,0.0
04,17,1992,0.0
04,18,1992,0.0
04,19,1992,0.0
04,20,1992,0.0
04,21,1992,0.0
04,22,1992,0.0
04,23,1992,0.0
04,24,1992,0.0
04,25,1992,0.0
04,26,1992,0.0
04,27,1992,0.0
04,28,1992,0.0
04,29,1992,0.0
04,30,1992,0.0
05,01,1992,0.0
05,02,1992,0.0
05,03,1992,0.0
05,04,1992,0.0
05,05,1992,0.0
05,06,1992,0.0
05,07,1992,0.0
05,08,1992,0.0
05,09,1992,0.0
05,10,1992,0.0
05,11,1992,0.0
05,12,1992,0.0
05,13,1992,0.0
05,14,1992,0.0
05,15,1992,0.0
05,16,1992,0.0
05,17,1992,0.0
05,18,1992,0.0
05,19,1992,0.0
05,20,1992,0.0
05,21,1992,0.0
05,22,1992,0.0
05,23,1992,0.0
05,24,1992,0.0
05,25,1992,0.0
05,26,1992,0.0
05,27,1992,0.0
05,28,1992,0.0
05,29,1992,0.0
05,30,1992,0.0
05,31,1992,0.0
06,01,1992,null
06,02,1992,null
06,03,1992,null
06,04,1992,null
06,05,1992,null
06,06,1992,null
06,07,1992,null
06,08,1992,null
06,09,1992,null
06,10,1992,null
06,11,1992,null
06,12,1992,null
06,13,1992,null
06,14,1992,null
06,15,1992,null
06,16,1992,null
06,17,1992,null
06,18,1992,null
06,19,1992,null
06,20,1992,null
06,21,1992,null
06,22,1992,null
06,23,1992,null
06,24,1992,null
06,25,1992,null
06,26,1992,null
06,27,1992,null
06,28,1992,null
06,29,1992,null
06,30,1992,null
07,01,1992,null
07,02,1992,null
07,03,1992,null
07,04,1992,null
07,05,1992,null
07,06,1992,null
07,07,1992,null
07,08,1992,null
07,09,1992,null
07,10,1992,null
07,11,1992,null
07,12,1992,null
07,13,1992,null
07,14,1992,null
07,15,1992,null
07,16,1992,null
07,17,1992,null
07,18,1992,null
07,19,1992,null
07,20,1992,null
07,21,1992,null
07,22,1992,null
07,23,1992,null
07,24,1992,null
07,25,1992,null
07,26,1992,null
07,27,1992,null
07,28,1992,null
07,29,1992,null
07,30,1992,null
07,31,1992,null
08,01,1992,0.0
08,02,1992,0.0
08,03,1992,15.0
08,04,1992,20.0
08,05,1992,10.0
08,06,1992,0.0
08,07,1992,0.0
08,08,1992,20.5
08,09,1992,5.2
08,10,1992,15.3
08,11,1992,10.5
08,12,1992,25.5
08,13,1992,9.2
08,14,1992,0.0
08,15,1992,5.5
08,16,1992,0.0
08,17,1992,20.0
08,18,1992,0.0
08,19,1992,20.5
08,20,1992,10.5
08,21,1992,10.0
08,22,1992,1.5
08,23,1992,0.5
08,24,1992,6.5
08,25,1992,10.4
08,26,1992,8.0
08,27,1992,5.4
08,28,1992,0.0
08,29,1992,0.0
08,30,1992,0.0
08,31,1992,0.0
09,01,1992,0.0
09,02,1992,0.0
09,03,1992,0.0
09,04,1992,20.5
09,05,1992,5.5
09,06,1992,2.5
09,07,1992,18.8
09,08,1992,0.0
09,09,1992,0.0
09,10,1992,0.0
09,11,1992,0.0
09,12,1992,0.0
09,13,1992,18.7
09,14,1992,20.0
09,15,1992,0.0
09,16,1992,6.5
09,17,1992,0.0
09,18,1992,0.0
09,19,1992,0.0
09,20,1992,0.0
09,21,1992,0.0
09,22,1992,0.0
09,23,1992,8.5
09,24,1992,22.8
09,25,1992,0.0
09,26,1992,2.5
09,27,1992,15.1
09,28,1992,4.5
09,29,1992,0.0
09,30,1992,9.0
10,01,1992,15.0
10,02,1992,2.5
10,03,1992,8.3
10,04,1992,25.5
10,05,1992,15.5
10,06,1992,0.0
10,07,1992,3.0
10,08,1992,0.0
10,09,1992,0.0
10,10,1992,0.0
10,11,1992,0.0
10,12,1992,0.0
10,13,1992,0.0
10,14,1992,0.0
10,15,1992,0.0
10,16,1992,20.0
10,17,1992,2.5
10,18,1992,0.0
10,19,1992,0.0
10,20,1992,3.0
10,21,1992,0.0
10,22,1992,0.0
10,23,1992,0.0
10,24,1992,0.0
10,25,1992,0.0
10,26,1992,0.0
10,27,1992,0.0
10,28,1992,0.0
10,29,1992,0.0
10,30,1992,0.0
10,31,1992,0.0
11,01,1992,0.0
11,02,1992,20.0
11,03,1992,20.5
11,04,1992,0.0
11,05,1992,15.0
11,06,1992,5.5
11,07,1992,2.0
11,08,1992,0.0
11,09,1992,0.0
11,10,1992,20.0
11,11,1992,0.0
11,12,1992,23.5
11,13,1992,0.0
11,14,1992,0.0
11,15,1992,0.0
11,16,1992,0.0
11,17,1992,0.0
11,18,1992,0.0
11,19,1992,0.0
11,20,1992,0.0
11,21,1992,0.0
11,22,1992,0.0
11,23,1992,0.0
11,24,1992,0.0
11,25,1992,5.7
11,26,1992,0.0
11,27,1992,0.0
11,28,1992,0.0
11,29,1992,0.0
11,30,1992,0.0
12,01,1992,null
12,02,1992,null
12,03,1992,null
12,04,1992,null
12,05,1992,null
12,06,1992,null
12,07,1992,null
12,08,1992,null
12,09,1992,null
12,10,1992,null
12,11,1992,null
12,12,1992,null
12,13,1992,null
12,14,1992,null
12,15,1992,null
12,16,1992,null
12,17,1992,null
12,18,1992,null
12,19,1992,null
12,20,1992,null
12,21,1992,null
12,22,1992,null
12,23,1992,null
12,24,1992,null
12,25,1992,null
12,26,1992,null
12,27,1992,null
12,28,1992,null
12,29,1992,null
12,30,1992,null
12,31,1992,null
01,01,1993,null
01,02,1993,null
01,03,1993,null
01,04,1993,null
01,05,1993,null
01,06,1993,null
01,07,1993,null
01,08,1993,null
01,09,1993,null
01,10,1993,null
01,11,1993,null
01,12,1993,null
01,13,1993,null
01,14,1993,null
01,15,1993,null
01,16,1993,null
01,17,1993,null
01,18,1993,null
01,19,1993,null
01,20,1993,null
01,21,1993,null
01,22,1993,null
01,23,1993,null
01,24,1993,null
01,25,1993,null
01,26,1993,null
01,27,1993,null
01,28,1993,null
01,29,1993,null
01,30,1993,null
01,31,1993,null
02,01,1993,null
02,02,1993,null
02,03,1993,null
02,04,1993,null
02,05,1993,null
02,06,1993,null
02,07,1993,null
02,08,1993,null
02,09,1993,null
02,10,1993,null
02,11,1993,null
02,12,1993,null
02,13,1993,null
02,14,1993,null
02,15,1993,null
02,16,1993,null
02,17,1993,null
02,18,1993,null
02,19,1993,null
02,20,1993,null
02,21,1993,null
02,22,1993,null
02,23,1993,null
02,24,1993,null
02,25,1993,null
02,26,1993,null
02,27,1993,null
02,28,1993,null
03,01,1993,0.0
03,02,1993,0.0
03,03,1993,0.0
03,04,1993,0.0
03,05,1993,0.0
03,06,1993,0.0
03,07,1993,0.0
03,08,1993,0.0
03,09,1993,0.0
03,10,1993,0.0
03,11,1993,0.0
03,12,1993,0.0
03,13,1993,0.0
03,14,1993,0.0
03,15,1993,0.0
03,16,1993,0.0
03,17,1993,0.0
03,18,1993,0.0
03,19,1993,0.0
03,20,1993,0.0
03,21,1993,0.0
03,22,1993,0.0
03,23,1993,0.0
03,24,1993,0.0
03,25,1993,0.0
03,26,1993,0.0
03,27,1993,0.0
03,28,1993,0.0
03,29,1993,0.0
03,30,1993,0.0
03,31,1993,0.0
04,01,1993,0.0
04,02,1993,0.0
04,03,1993,0.0
04,04,1993,0.0
04,05,1993,0.0
04,06,1993,0.0
04,07,1993,0.0
04,08,1993,0.0
04,09,1993,0.0
04,10,1993,0.0
04,11,1993,0.0
04,12,1993,0.0
04,13,1993,0.0
04,14,1993,0.0
04,15,1993,0.0
04,16,1993,0.0
04,17,1993,0.0
04,18,1993,0.0
04,19,1993,0.0
04,20,1993,0.0
04,21,1993,0.0
04,22,1993,0.0
04,23,1993,0.0
04,24,1993,0.0
04,25,1993,0.0
04,26,1993,0.0
04,27,1993,0.0
04,28,1993,3.5
04,29,1993,0.0
04,30,1993,0.0
05,01,1993,null
05,02,1993,null
05,03,1993,null
05,04,1993,null
05,05,1993,null
05,06,1993,null
05,07,1993,null
05,08,1993,null
05,09,1993,null
05,10,1993,null
05,11,1993,null
05,12,1993,null
05,13,1993,null
05,14,1993,null
05,15,1993,null
05,16,1993,null
05,17,1993,null
05,18,1993,null
05,19,1993,null
05,20,1993,null
05,21,1993,null
05,22,1993,null
05,23,1993,null
05,24,1993,null
05,25,1993,null
05,26,1993,null
05,27,1993,null
05,28,1993,null
05,29,1993,null
05,30,1993,null
05,31,1993,null
06,01,1993,null
06,02,1993,null
06,03,1993,null
06,04,1993,null
06,05,1993,null
06,06,1993,null
06,07,1993,null
06,08,1993,null
06,09,1993,null
06,10,1993,null
06,11,1993,null
06,12,1993,null
06,13,1993,null
06,14,1993,null
06,15,1993,null
06,16,1993,null
06,17,1993,null
06,18,1993,null
06,19,1993,null
06,20,1993,null
06,21,1993,null
06,22,1993,null
06,23,1993,null
06,24,1993,null
06,25,1993,null
06,26,1993,null
06,27,1993,null
06,28,1993,null
06,29,1993,null
06,30,1993,null
07,01,1993,7.0
07,02,1993,5.4
07,03,1993,15.5
07,04,1993,18.0
07,05,1993,20.4
07,06,1993,0.0
07,07,1993,5.5
07,08,1993,9.2
07,09,1993,2.0
07,10,1993,6.0
07,11,1993,4.5
07,12,1993,3.5
07,13,1993,3.5
07,14,1993,0.0
07,15,1993,6.5
07,16,1993,5.0
07,17,1993,2.5
07,18,1993,6.2
07,19,1993,0.0
07,20,1993,3.2
07,21,1993,40.0
07,22,1993,0.0
07,23,1993,2.8
07,24,1993,0.0
07,25,1993,0.0
07,26,1993,0.0
07,27,1993,0.0
07,28,1993,0.0
07,29,1993,0.0
07,30,1993,2.4
07,31,1993,0.0
08,01,1993,40.0
08,02,1993,10.5
08,03,1993,0.0
08,04,1993,0.0
08,05,1993,0.0
08,06,1993,0.0
08,07,1993,0.0
08,08,1993,0.0
08,09,1993,0.0
08,10,1993,0.0
08,11,1993,0.0
08,12,1993,0.0
08,13,1993,0.0
08,14,1993,0.0
08,15,1993,0.0
08,16,1993,3.4
08,17,1993,20.0
08,18,1993,25.5
08,19,1993,20.0
08,20,1993,5.8
08,21,1993,8.6
08,22,1993,0.0
08,23,1993,0.0
08,24,1993,6.0
08,25,1993,0.0
08,26,1993,0.0
08,27,1993,0.0
08,28,1993,0.0
08,29,1993,0.0
08,30,1993,16.1
08,31,1993,1.7
09,01,1993,18.7
09,02,1993,14.2
09,03,1993,0.0
09,04,1993,9.5
09,05,1993,0.0
09,06,1993,10.6
09,07,1993,0.0
09,08,1993,0.0
09,09,1993,0.0
09,10,1993,0.0
09,11,1993,15.5
09,12,1993,0.0
09,13,1993,0.0
09,14,1993,0.0
09,15,1993,0.0
09,16,1993,0.0
09,17,1993,0.0
09,18,1993,40.0
09,19,1993,0.0
09,20,1993,10.0
09,21,1993,0.0
09,22,1993,28.4
09,23,1993,8.2
09,24,1993,0.0
09,25,1993,17.4
09,26,1993,6.5
09,27,1993,0.0
09,28,1993,7.3
09,29,1993,0.0
09,30,1993,0.0
10,01,1993,0.0
10,02,1993,10.0
10,03,1993,15.7
10,04,1993,0.0
10,05,1993,0.0
10,06,1993,0.0
10,07,1993,0.0
10,08,1993,2.5
10,09,1993,0.0
10,10,1993,0.0
10,11,1993,0.0
10,12,1993,0.0
10,13,1993,0.0
10,14,1993,0.0
10,15,1993,0.0
10,16,1993,0.0
10,17,1993,0.0
10,18,1993,0.0
10,19,1993,0.0
10,20,1993,0.0
10,21,1993,0.0
10,22,1993,0.0
10,23,1993,2.0
10,24,1993,0.0
10,25,1993,0.0
10,26,1993,30.5
10,27,1993,3.8
10,28,1993,0.0
10,29,1993,0.0
10,30,1993,2.5
10,31,1993,5.1
11,01,1993,3.5
11,02,1993,0.0
11,03,1993,0.0
11,04,1993,0.0
11,05,1993,0.0
11,06,1993,0.0
11,07,1993,0.0
11,08,1993,0.0
11,09,1993,0.0
11,10,1993,0.0
11,11,1993,0.0
11,12,1993,0.0
11,13,1993,0.0
11,14,1993,0.0
11,15,1993,0.0
11,16,1993,0.0
11,17,1993,0.0
11,18,1993,0.0
11,19,1993,0.0
11,20,1993,0.0
11,21,1993,0.0
11,22,1993,0.0
11,23,1993,0.0
11,24,1993,0.0
11,25,1993,0.0
11,26,1993,0.0
11,27,1993,0.0
11,28,1993,0.0
11,29,1993,0.0
11,30,1993,0.0
12,01,1993,0.0
12,02,1993,0.0
12,03,1993,0.0
12,04,1993,0.0
12,05,1993,0.0
12,06,1993,0.0
12,07,1993,0.0
12,08,1993,0.0
12,09,1993,0.0
12,10,1993,0.0
12,11,1993,0.0
12,12,1993,0.0
12,13,1993,0.0
12,14,1993,0.0
12,15,1993,0.0
12,16,1993,0.0
12,17,1993,0.0
12,18,1993,0.0
12,19,1993,0.0
12,20,1993,0.0
12,21,1993,0.0
12,22,1993,0.0
12,23,1993,0.0
12,24,1993,0.0
12,25,1993,0.0
12,26,1993,0.0
12,27,1993,0.0
12,28,1993,0.0
12,29,1993,0.0
12,30,1993,0.0
12,31,1993,0.0
01,01,1994,0.0
01,02,1994,0.0
01,03,1994,0.0
01,04,1994,0.0
01,05,1994,0.0
01,06,1994,0.0
01,07,1994,0.0
01,08,1994,0.0
01,09,1994,0.0
01,10,1994,0.0
01,11,1994,0.0
01,12,1994,0.0
01,13,1994,0.0
01,14,1994,0.0
01,15,1994,0.0
01,16,1994,0.0
01,17,1994,0.0
01,18,1994,0.0
01,19,1994,0.0
01,20,1994,0.0
01,21,1994,0.0
01,22,1994,0.0
01,23,1994,0.0
01,24,1994,0.0
01,25,1994,0.0
01,26,1994,0.0
01,27,1994,0.0
01,28,1994,0.0
01,29,1994,0.0
01,30,1994,0.0
01,31,1994,0.0
02,01,1994,0.0
02,02,1994,0.0
02,03,1994,0.0
02,04,1994,0.0
02,05,1994,0.0
02,06,1994,0.0
02,07,1994,0.0
02,08,1994,0.0
02,09,1994,0.0
02,10,1994,0.0
02,11,1994,0.0
02,12,1994,0.0
02,13,1994,0.0
02,14,1994,0.0
02,15,1994,0.0
02,16,1994,0.0
02,17,1994,0.0
02,18,1994,0.0
02,19,1994,0.0
02,20,1994,0.0
02,21,1994,0.0
02,22,1994,0.0
02,23,1994,0.0
02,24,1994,0.0
02,25,1994,0.0
02,26,1994,0.0
02,27,1994,0.0
02,28,1994,0.0
03,01,1994,0.0
03,02,1994,0.0
03,03,1994,0.0
03,04,1994,0.0
03,05,1994,0.0
03,06,1994,0.0
03,07,1994,0.0
03,08,1994,0.0
03,09,1994,0.0
03,10,1994,0.0
03,11,1994,0.0
03,12,1994,0.0
03,13,1994,0.0
03,14,1994,0.0
03,15,1994,0.0
03,16,1994,0.0
03,17,1994,0.0
03,18,1994,0.0
03,19,1994,0.0
03,20,1994,0.0
03,21,1994,0.0
03,22,1994,0.0
03,23,1994,0.0
03,24,1994,0.0
03,25,1994,0.0
03,26,1994,0.0
03,27,1994,0.0
03,28,1994,0.0
03,29,1994,0.0
03,30,1994,0.0
03,31,1994,0.0
04,01,1994,0.0
04,02,1994,0.0
04,03,1994,0.0
04,04,1994,0.0
04,05,1994,0.0
04,06,1994,0.0
04,07,1994,2.0
04,08,1994,0.0
04,09,1994,0.0
04,10,1994,0.0
04,11,1994,0.0
04,12,1994,0.0
04,13,1994,0.0
04,14,1994,0.0
04,15,1994,3.0
04,16,1994,2.3
04,17,1994,0.0
04,18,1994,10.5
04,19,1994,8.5
04,20,1994,0.0
04,21,1994,0.0
04,22,1994,0.0
04,23,1994,0.0
04,24,1994,0.0
04,25,1994,0.0
04,26,1994,0.0
04,27,1994,0.0
04,28,1994,0.0
04,29,1994,0.0
04,30,1994,0.0
05,01,1994,0.0
05,02,1994,0.0
05,03,1994,0.0
05,04,1994,0.0
05,05,1994,3.8
05,06,1994,0.0
05,07,1994,0.0
05,08,1994,0.0
05,09,1994,0.0
05,10,1994,0.0
05,11,1994,1.0
05,12,1994,0.0
05,13,1994,0.0
05,14,1994,0.0
05,15,1994,1.0
05,16,1994,0.0
05,17,1994,8.5
05,18,1994,40.0
05,19,1994,30.5
05,20,1994,21.1
05,21,1994,0.0
05,22,1994,0.0
05,23,1994,0.0
05,24,1994,0.0
05,25,1994,0.0
05,26,1994,0.0
05,27,1994,0.0
05,28,1994,0.0
05,29,1994,0.0
05,30,1994,0.0
05,31,1994,0.0
06,01,1994,null
06,02,1994,null
06,03,1994,null
06,04,1994,null
06,05,1994,null
06,06,1994,null
06,07,1994,null
06,08,1994,null
06,09,1994,null
06,10,1994,null
06,11,1994,null
06,12,1994,null
06,13,1994,null
06,14,1994,null
06,15,1994,null
06,16,1994,null
06,17,1994,null
06,18,1994,null
06,19,1994,null
06,20,1994,null
06,21,1994,null
06,22,1994,null
06,23,1994,null
06,24,1994,null
06,25,1994,null
06,26,1994,null
06,27,1994,null
06,28,1994,null
06,29,1994,null
06,30,1994,null
07,01,1994,null
07,02,1994,null
07,03,1994,null
07,04,1994,null
07,05,1994,null
07,06,1994,null
07,07,1994,null
07,08,1994,null
07,09,1994,null
07,10,1994,null
07,11,1994,null
07,12,1994,null
07,13,1994,null
07,14,1994,null
07,15,1994,null
07,16,1994,null
07,17,1994,null
07,18,1994,null
07,19,1994,null
07,20,1994,null
07,21,1994,null
07,22,1994,null
07,23,1994,null
07,24,1994,null
07,25,1994,null
07,26,1994,null
07,27,1994,null
07,28,1994,null
07,29,1994,null
07,30,1994,null
07,31,1994,null
08,01,1994,8.0
08,02,1994,10.5
08,03,1994,12.7
08,04,1994,0.0
08,05,1994,0.5
08,06,1994,6.1
08,07,1994,0.0
08,08,1994,14.5
08,09,1994,18.6
08,10,1994,10.0
08,11,1994,15.0
08,12,1994,10.0
08,13,1994,12.0
08,14,1994,20.0
08,15,1994,5.0
08,16,1994,4.0
08,17,1994,10.7
08,18,1994,25.0
08,19,1994,0.0
08,20,1994,3.2
08,21,1994,18.2
08,22,1994,4.5
08,23,1994,2.5
08,24,1994,2.5
08,25,1994,17.5
08,26,1994,0.0
08,27,1994,0.0
08,28,1994,3.2
08,29,1994,38.5
08,30,1994,15.0
08,31,1994,8.5
09,01,1994,10.4
09,02,1994,0.0
09,03,1994,0.0
09,04,1994,0.0
09,05,1994,0.0
09,06,1994,0.0
09,07,1994,2.6
09,08,1994,0.0
09,09,1994,40.0
09,10,1994,30.5
09,11,1994,0.0
09,12,1994,0.0
09,13,1994,0.0
09,14,1994,0.0
09,15,1994,0.0
09,16,1994,45.0
09,17,1994,15.8
09,18,1994,0.0
09,19,1994,0.0
09,20,1994,0.0
09,21,1994,0.0
09,22,1994,0.0
09,23,1994,0.0
09,24,1994,0.0
09,25,1994,0.0
09,26,1994,0.0
09,27,1994,0.0
09,28,1994,0.0
09,29,1994,0.0
09,30,1994,2.0
10,01,1994,0.0
10,02,1994,0.0
10,03,1994,15.3
10,04,1994,10.3
10,05,1994,0.8
10,06,1994,0.0
10,07,1994,0.0
10,08,1994,8.0
10,09,1994,0.0
10,10,1994,1.9
10,11,1994,3.2
10,12,1994,4.7
10,13,1994,16.2
10,14,1994,5.6
10,15,1994,5.4
10,16,1994,0.0
10,17,1994,12.4
10,18,1994,0.0
10,19,1994,0.0
10,20,1994,0.0
10,21,1994,0.0
10,22,1994,18.7
10,23,1994,0.0
10,24,1994,0.0
10,25,1994,0.0
10,26,1994,0.0
10,27,1994,8.5
10,28,1994,3.2
10,29,1994,6.6
10,30,1994,0.0
10,31,1994,0.0
11,01,1994,0.0
11,02,1994,0.0
11,03,1994,0.0
11,04,1994,0.0
11,05,1994,0.0
11,06,1994,0.0
11,07,1994,0.0
11,08,1994,0.0
11,09,1994,0.0
11,10,1994,0.0
11,11,1994,0.0
11,12,1994,0.0
11,13,1994,0.0
11,14,1994,0.0
11,15,1994,0.0
11,16,1994,0.0
11,17,1994,0.0
11,18,1994,0.0
11,19,1994,0.0
11,20,1994,0.0
11,21,1994,0.0
11,22,1994,0.0
11,23,1994,0.0
11,24,1994,0.0
11,25,1994,0.0
11,26,1994,0.0
11,27,1994,0.0
11,28,1994,5.5
11,29,1994,0.0
11,30,1994,0.0
12,01,1994,0.0
12,02,1994,0.0
12,03,1994,0.0
12,04,1994,0.0
12,05,1994,0.0
12,06,1994,0.0
12,07,1994,0.0
12,08,1994,0.0
12,09,1994,0.0
12,10,1994,0.0
12,11,1994,0.0
12,12,1994,0.0
12,13,1994,0.0
12,14,1994,0.0
12,15,1994,0.0
12,16,1994,0.0
12,17,1994,0.0
12,18,1994,0.0
12,19,1994,0.0
12,20,1994,0.0
12,21,1994,0.0
12,22,1994,0.0
12,23,1994,0.0
12,24,1994,0.0
12,25,1994,0.0
12,26,1994,0.0
12,27,1994,0.0
12,28,1994,0.0
12,29,1994,0.0
12,30,1994,0.0
12,31,1994,0.0
01,01,1995,0.0
01,02,1995,0.0
01,03,1995,0.0
01,04,1995,0.0
01,05,1995,0.0
01,06,1995,0.0
01,07,1995,0.0
01,08,1995,0.0
01,09,1995,0.0
01,10,1995,0.0
01,11,1995,0.0
01,12,1995,0.0
01,13,1995,0.0
01,14,1995,0.0
01,15,1995,0.0
01,16,1995,0.0
01,17,1995,0.0
01,18,1995,0.0
01,19,1995,0.0
01,20,1995,0.0
01,21,1995,0.0
01,22,1995,0.0
01,23,1995,0.0
01,24,1995,0.0
01,25,1995,0.0
01,26,1995,0.0
01,27,1995,0.0
01,28,1995,0.0
01,29,1995,0.0
01,30,1995,2.1
01,31,1995,10.5
02,01,1995,0.0
02,02,1995,0.0
02,03,1995,0.0
02,04,1995,0.0
02,05,1995,0.0
02,06,1995,0.0
02,07,1995,0.0
02,08,1995,0.0
02,09,1995,0.0
02,10,1995,0.0
02,11,1995,0.0
02,12,1995,0.0
02,13,1995,0.0
02,14,1995,0.0
02,15,1995,0.0
02,16,1995,0.0
02,17,1995,0.0
02,18,1995,0.0
02,19,1995,0.0
02,20,1995,0.0
02,21,1995,0.0
02,22,1995,0.0
02,23,1995,0.0
02,24,1995,0.0
02,25,1995,0.0
02,26,1995,0.0
02,27,1995,0.0
02,28,1995,0.0
03,01,1995,0.0
03,02,1995,0.0
03,03,1995,0.0
03,04,1995,0.0
03,05,1995,0.0
03,06,1995,0.0
03,07,1995,0.0
03,08,1995,0.0
03,09,1995,0.0
03,10,1995,0.0
03,11,1995,0.0
03,12,1995,0.0
03,13,1995,0.0
03,14,1995,0.0
03,15,1995,0.0
03,16,1995,0.0
03,17,1995,0.0
03,18,1995,0.0
03,19,1995,0.0
03,20,1995,0.0
03,21,1995,0.0
03,22,1995,0.0
03,23,1995,0.0
03,24,1995,0.0
03,25,1995,0.0
03,26,1995,0.0
03,27,1995,0.0
03,28,1995,0.0
03,29,1995,0.0
03,30,1995,0.0
03,31,1995,0.0
04,01,1995,0.0
04,02,1995,0.0
04,03,1995,0.0
04,04,1995,0.0
04,05,1995,0.0
04,06,1995,0.0
04,07,1995,0.0
04,08,1995,0.0
04,09,1995,0.0
04,10,1995,0.0
04,11,1995,0.0
04,12,1995,0.0
04,13,1995,0.0
04,14,1995,0.0
04,15,1995,0.0
04,16,1995,0.0
04,17,1995,0.0
04,18,1995,0.0
04,19,1995,0.0
04,20,1995,0.0
04,21,1995,0.0
04,22,1995,0.0
04,23,1995,0.0
04,24,1995,0.0
04,25,1995,4.2
04,26,1995,2.0
04,27,1995,0.0
04,28,1995,4.0
04,29,1995,0.0
04,30,1995,0.0
05,01,1995,0.0
05,02,1995,0.0
05,03,1995,0.0
05,04,1995,0.0
05,05,1995,2.5
05,06,1995,0.0
05,07,1995,0.0
05,08,1995,0.0
05,09,1995,0.0
05,10,1995,0.0
05,11,1995,12.3
05,12,1995,0.0
05,13,1995,2.5
05,14,1995,0.0
05,15,1995,4.0
05,16,1995,0.0
05,17,1995,0.0
05,18,1995,0.0
05,19,1995,6.0
05,20,1995,0.0
05,21,1995,2.0
05,22,1995,0.0
05,23,1995,9.8
05,24,1995,0.0
05,25,1995,0.0
05,26,1995,5.0
05,27,1995,10.0
05,28,1995,5.0
05,29,1995,40.0
05,30,1995,13.5
05,31,1995,0.0
06,01,1995,0.0
06,02,1995,0.0
06,03,1995,0.0
06,04,1995,0.0
06,05,1995,0.0
06,06,1995,4.0
06,07,1995,0.0
06,08,1995,0.0
06,09,1995,0.0
06,10,1995,0.0
06,11,1995,15.0
06,12,1995,0.0
06,13,1995,20.0
06,14,1995,27.2
06,15,1995,34.2
06,16,1995,0.0
06,17,1995,0.0
06,18,1995,0.0
06,19,1995,0.0
06,20,1995,14.3
06,21,1995,3.2
06,22,1995,0.0
06,23,1995,20.0
06,24,1995,17.8
06,25,1995,13.6
06,26,1995,0.0
06,27,1995,21.0
06,28,1995,0.0
06,29,1995,5.2
06,30,1995,7.0
07,01,1995,15.0
07,02,1995,15.0
07,03,1995,10.0
07,04,1995,0.0
07,05,1995,23.2
07,06,1995,0.0
07,07,1995,0.0
07,08,1995,0.0
07,09,1995,0.0
07,10,1995,3.0
07,11,1995,0.0
07,12,1995,11.9
07,13,1995,5.0
07,14,1995,15.0
07,15,1995,8.0
07,16,1995,35.0
07,17,1995,35.6
07,18,1995,0.0
07,19,1995,2.1
07,20,1995,15.5
07,21,1995,0.0
07,22,1995,0.0
07,23,1995,0.0
07,24,1995,8.0
07,25,1995,10.0
07,26,1995,6.0
07,27,1995,0.0
07,28,1995,0.0
07,29,1995,0.0
07,30,1995,10.0
07,31,1995,8.0
08,01,1995,7.0
08,02,1995,4.0
08,03,1995,20.0
08,04,1995,40.5
08,05,1995,20.5
08,06,1995,15.5
08,07,1995,0.0
08,08,1995,15.8
08,09,1995,6.0
08,10,1995,0.0
08,11,1995,10.3
08,12,1995,7.3
08,13,1995,0.0
08,14,1995,0.0
08,15,1995,15.0
08,16,1995,4.5
08,17,1995,20.0
08,18,1995,40.0
08,19,1995,0.0
08,20,1995,7.0
08,21,1995,7.2
08,22,1995,1.3
08,23,1995,51.7
08,24,1995,20.0
08,25,1995,10.5
08,26,1995,25.0
08,27,1995,30.5
08,28,1995,0.0
08,29,1995,18.0
08,30,1995,0.0
08,31,1995,11.4
09,01,1995,10.0
09,02,1995,60.0
09,03,1995,20.0
09,04,1995,51.2
09,05,1995,40.0
09,06,1995,0.0
09,07,1995,3.5
09,08,1995,0.0
09,09,1995,0.0
09,10,1995,0.0
09,11,1995,4.5
09,12,1995,24.5
09,13,1995,37.3
09,14,1995,7.0
09,15,1995,6.0
09,16,1995,0.0
09,17,1995,0.0
09,18,1995,0.0
09,19,1995,0.0
09,20,1995,1.3
09,21,1995,35.0
09,22,1995,0.0
09,23,1995,0.0
09,24,1995,4.0
09,25,1995,25.0
09,26,1995,5.7
09,27,1995,26.3
09,28,1995,18.3
09,29,1995,0.0
09,30,1995,0.0
10,01,1995,0.0
10,02,1995,0.0
10,03,1995,0.0
10,04,1995,0.0
10,05,1995,20.0
10,06,1995,0.0
10,07,1995,0.0
10,08,1995,0.0
10,09,1995,0.0
10,10,1995,0.0
10,11,1995,0.0
10,12,1995,0.0
10,13,1995,0.0
10,14,1995,0.0
10,15,1995,0.0
10,16,1995,0.0
10,17,1995,0.0
10,18,1995,0.0
10,19,1995,0.0
10,20,1995,0.0
10,21,1995,0.0
10,22,1995,0.0
10,23,1995,0.0
10,24,1995,0.0
10,25,1995,26.6
10,26,1995,18.4
10,27,1995,0.0
10,28,1995,0.0
10,29,1995,0.0
10,30,1995,9.3
10,31,1995,0.0
11,01,1995,0.0
11,02,1995,0.0
11,03,1995,0.0
11,04,1995,0.0
11,05,1995,0.0
11,06,1995,0.0
11,07,1995,0.0
11,08,1995,0.0
11,09,1995,0.0
11,10,1995,0.0
11,11,1995,0.0
11,12,1995,0.0
11,13,1995,0.0
11,14,1995,0.0
11,15,1995,0.0
11,16,1995,0.0
11,17,1995,0.0
11,18,1995,11.0
11,19,1995,0.0
11,20,1995,3.6
11,21,1995,0.0
11,22,1995,0.0
11,23,1995,0.0
11,24,1995,0.0
11,25,1995,0.0
11,26,1995,0.0
11,27,1995,0.0
11,28,1995,0.0
11,29,1995,0.0
11,30,1995,0.0
12,01,1995,0.0
12,02,1995,0.0
12,03,1995,0.0
12,04,1995,0.0
12,05,1995,0.0
12,06,1995,0.0
12,07,1995,0.0
12,08,1995,0.0
12,09,1995,0.0
12,10,1995,0.0
12,11,1995,0.0
12,12,1995,0.0
12,13,1995,0.0
12,14,1995,0.0
12,15,1995,0.0
12,16,1995,0.0
12,17,1995,0.0
12,18,1995,0.0
12,19,1995,0.0
12,20,1995,0.0
12,21,1995,0.0
12,22,1995,45.0
12,23,1995,0.0
12,24,1995,0.0
12,25,1995,0.0
12,26,1995,0.0
12,27,1995,0.0
12,28,1995,0.0
12,29,1995,0.0
12,30,1995,0.0
12,31,1995,0.0
01,01,1996,0.0
01,02,1996,0.0
01,03,1996,0.0
01,04,1996,0.0
01,05,1996,0.0
01,06,1996,0.0
01,07,1996,0.0
01,08,1996,0.0
01,09,1996,0.0
01,10,1996,0.0
01,11,1996,0.0
01,12,1996,0.0
01,13,1996,0.0
01,14,1996,0.0
01,15,1996,0.0
01,16,1996,0.0
01,17,1996,0.0
01,18,1996,0.0
01,19,1996,0.0
01,20,1996,0.0
01,21,1996,0.0
01,22,1996,0.0
01,23,1996,0.0
01,24,1996,0.0
01,25,1996,0.0
01,26,1996,0.0
01,27,1996,0.0
01,28,1996,0.0
01,29,1996,0.0
01,30,1996,0.0
01,31,1996,0.0
02,01,1996,0.0
02,02,1996,0.0
02,03,1996,0.0
02,04,1996,0.0
02,05,1996,0.0
02,06,1996,0.0
02,07,1996,0.0
02,08,1996,0.0
02,09,1996,0.0
02,10,1996,0.0
02,11,1996,0.0
02,12,1996,0.0
02,13,1996,0.0
02,14,1996,0.0
02,15,1996,0.0
02,16,1996,0.0
02,17,1996,0.0
02,18,1996,0.0
02,19,1996,0.0
02,20,1996,0.0
02,21,1996,0.0
02,22,1996,0.0
02,23,1996,0.0
02,24,1996,0.0
02,25,1996,0.0
02,26,1996,0.0
02,27,1996,0.0
02,28,1996,0.0
02,29,1996,0.0
03,01,1996,0.0
03,02,1996,0.0
03,03,1996,0.0
03,04,1996,0.0
03,05,1996,0.0
03,06,1996,0.0
03,07,1996,0.0
03,08,1996,0.0
03,09,1996,0.0
03,10,1996,0.0
03,11,1996,0.0
03,12,1996,0.0
03,13,1996,0.0
03,14,1996,0.0
03,15,1996,0.0
03,16,1996,0.0
03,17,1996,0.0
03,18,1996,0.0
03,19,1996,0.0
03,20,1996,0.0
03,21,1996,0.0
03,22,1996,0.0
03,23,1996,0.0
03,24,1996,0.0
03,25,1996,0.0
03,26,1996,0.0
03,27,1996,0.0
03,28,1996,0.0
03,29,1996,0.0
03,30,1996,0.0
03,31,1996,0.0
04,01,1996,0.0
04,02,1996,0.0
04,03,1996,0.0
04,04,1996,0.0
04,05,1996,0.0
04,06,1996,0.0
04,07,1996,0.0
04,08,1996,0.0
04,09,1996,0.0
04,10,1996,0.0
04,11,1996,0.0
04,12,1996,0.0
04,13,1996,0.0
04,14,1996,0.0
04,15,1996,0.0
04,16,1996,0.0
04,17,1996,0.0
04,18,1996,9.8
04,19,1996,0.0
04,20,1996,0.0
04,21,1996,0.0
04,22,1996,0.0
04,23,1996,26.3
04,24,1996,0.0
04,25,1996,0.0
04,26,1996,0.0
04,27,1996,0.0
04,28,1996,0.0
04,29,1996,0.0
04,30,1996,0.0
05,01,1996,0.0
05,02,1996,0.0
05,03,1996,0.0
05,04,1996,0.0
05,05,1996,0.0
05,06,1996,3.1
05,07,1996,0.0
05,08,1996,5.2
05,09,1996,0.0
05,10,1996,0.0
05,11,1996,0.0
05,12,1996,0.0
05,13,1996,0.0
05,14,1996,5.0
05,15,1996,8.0
05,16,1996,0.0
05,17,1996,0.0
05,18,1996,0.0
05,19,1996,0.0
05,20,1996,0.0
05,21,1996,0.0
05,22,1996,0.0
05,23,1996,0.0
05,24,1996,0.0
05,25,1996,0.0
05,26,1996,0.0
05,27,1996,2.0
05,28,1996,15.2
05,29,1996,0.0
05,30,1996,0.0
05,31,1996,0.0
06,01,1996,0.0
06,02,1996,0.0
06,03,1996,0.0
06,04,1996,0.0
06,05,1996,11.0
06,06,1996,0.0
06,07,1996,45.1
06,08,1996,0.0
06,09,1996,0.0
06,10,1996,0.0
06,11,1996,0.0
06,12,1996,0.0
06,13,1996,1.7
06,14,1996,2.5
06,15,1996,3.0
06,16,1996,25.3
06,17,1996,1.8
06,18,1996,8.6
06,19,1996,14.8
06,20,1996,23.8
06,21,1996,0.0
06,22,1996,0.0
06,23,1996,0.0
06,24,1996,12.0
06,25,1996,2.2
06,26,1996,3.8
06,27,1996,0.0
06,28,1996,4.0
06,29,1996,40.0
06,30,1996,5.0
07,01,1996,5.2
07,02,1996,0.0
07,03,1996,0.0
07,04,1996,0.0
07,05,1996,5.0
07,06,1996,0.0
07,07,1996,0.0
07,08,1996,8.5
07,09,1996,10.6
07,10,1996,20.0
07,11,1996,0.0
07,12,1996,0.0
07,13,1996,0.0
07,14,1996,20.6
07,15,1996,15.4
07,16,1996,25.0
07,17,1996,6.5
07,18,1996,8.0
07,19,1996,0.0
07,20,1996,0.0
07,21,1996,10.0
07,22,1996,5.0
07,23,1996,0.0
07,24,1996,30.0
07,25,1996,2.5
07,26,1996,0.0
07,27,1996,0.0
07,28,1996,0.0
07,29,1996,0.0
07,30,1996,4.0
07,31,1996,14.4
08,01,1996,14.9
08,02,1996,10.5
08,03,1996,5.4
08,04,1996,0.0
08,05,1996,0.0
08,06,1996,0.0
08,07,1996,0.0
08,08,1996,2.5
08,09,1996,14.2
08,10,1996,0.0
08,11,1996,20.0
08,12,1996,29.0
08,13,1996,20.0
08,14,1996,10.0
08,15,1996,10.0
08,16,1996,40.0
08,17,1996,12.2
08,18,1996,15.0
08,19,1996,0.0
08,20,1996,0.0
08,21,1996,0.0
08,22,1996,11.4
08,23,1996,0.0
08,24,1996,1.0
08,25,1996,5.0
08,26,1996,1.0
08,27,1996,8.0
08,28,1996,8.0
08,29,1996,0.0
08,30,1996,0.0
08,31,1996,28.5
09,01,1996,0.0
09,02,1996,0.0
09,03,1996,3.0
09,04,1996,11.4
09,05,1996,10.5
09,06,1996,0.0
09,07,1996,24.5
09,08,1996,0.0
09,09,1996,38.2
09,10,1996,3.2
09,11,1996,0.0
09,12,1996,0.0
09,13,1996,0.0
09,14,1996,2.0
09,15,1996,7.0
09,16,1996,0.0
09,17,1996,11.5
09,18,1996,0.0
09,19,1996,0.0
09,20,1996,24.5
09,21,1996,10.0
09,22,1996,6.0
09,23,1996,6.5
09,24,1996,0.0
09,25,1996,1.0
09,26,1996,2.5
09,27,1996,0.0
09,28,1996,0.0
09,29,1996,0.0
09,30,1996,1.5
10,01,1996,5.0
10,02,1996,1.8
10,03,1996,0.0
10,04,1996,6.4
10,05,1996,15.1
10,06,1996,20.5
10,07,1996,14.5
10,08,1996,41.5
10,09,1996,2.6
10,10,1996,0.0
10,11,1996,0.0
10,12,1996,0.0
10,13,1996,0.0
10,14,1996,0.0
10,15,1996,0.0
10,16,1996,0.0
10,17,1996,0.0
10,18,1996,0.0
10,19,1996,0.0
10,20,1996,0.0
10,21,1996,0.0
10,22,1996,10.0
10,23,1996,4.0
10,24,1996,10.3
10,25,1996,0.0
10,26,1996,0.0
10,27,1996,0.0
10,28,1996,0.0
10,29,1996,0.0
10,30,1996,0.0
10,31,1996,0.0
11,01,1996,0.0
11,02,1996,0.0
11,03,1996,0.0
11,04,1996,0.0
11,05,1996,0.0
11,06,1996,0.0
11,07,1996,0.0
11,08,1996,0.0
11,09,1996,0.0
11,10,1996,0.0
11,11,1996,0.0
11,12,1996,0.0
11,13,1996,0.0
11,14,1996,0.0
11,15,1996,0.0
11,16,1996,0.0
11,17,1996,0.0
11,18,1996,0.0
11,19,1996,0.0
11,20,1996,0.0
11,21,1996,0.0
11,22,1996,0.0
11,23,1996,0.0
11,24,1996,0.0
11,25,1996,0.0
11,26,1996,0.0
11,27,1996,0.0
11,28,1996,0.0
11,29,1996,0.0
11,30,1996,0.0
12,01,1996,0.0
12,02,1996,0.0
12,03,1996,0.0
12,04,1996,0.0
12,05,1996,0.0
12,06,1996,0.0
12,07,1996,0.0
12,08,1996,0.0
12,09,1996,0.0
12,10,1996,0.0
12,11,1996,0.0
12,12,1996,0.0
12,13,1996,0.0
12,14,1996,0.0
12,15,1996,0.0
12,16,1996,0.0
12,17,1996,0.0
12,18,1996,0.0
12,19,1996,0.0
12,20,1996,0.0
12,21,1996,0.0
12,22,1996,0.0
12,23,1996,0.0
12,24,1996,0.0
12,25,1996,0.0
12,26,1996,0.0
12,27,1996,0.0
12,28,1996,0.0
12,29,1996,0.0
12,30,1996,0.0
12,31,1996,0.0
01,01,1997,2.0
01,02,1997,0.0
01,03,1997,0.0
01,04,1997,0.0
01,05,1997,0.0
01,06,1997,0.0
01,07,1997,0.0
01,08,1997,0.0
01,09,1997,0.0
01,10,1997,0.0
01,11,1997,0.0
01,12,1997,0.0
01,13,1997,0.0
01,14,1997,0.0
01,15,1997,0.0
01,16,1997,0.0
01,17,1997,0.0
01,18,1997,0.0
01,19,1997,0.0
01,20,1997,0.0
01,21,1997,0.0
01,22,1997,0.0
01,23,1997,0.0
01,24,1997,0.0
01,25,1997,0.0
01,26,1997,0.0
01,27,1997,0.0
01,28,1997,0.0
01,29,1997,0.0
01,30,1997,0.0
01,31,1997,0.0
02,01,1997,0.0
02,02,1997,0.0
02,03,1997,0.0
02,04,1997,0.0
02,05,1997,0.0
02,06,1997,0.0
02,07,1997,0.0
02,08,1997,0.0
02,09,1997,0.0
02,10,1997,0.0
02,11,1997,0.0
02,12,1997,0.0
02,13,1997,0.0
02,14,1997,0.0
02,15,1997,0.0
02,16,1997,0.0
02,17,1997,0.0
02,18,1997,0.0
02,19,1997,0.0
02,20,1997,0.0
02,21,1997,0.0
02,22,1997,0.0
02,23,1997,0.0
02,24,1997,0.0
02,25,1997,0.0
02,26,1997,0.0
02,27,1997,0.0
02,28,1997,0.0
03,01,1997,0.0
03,02,1997,0.0
03,03,1997,0.0
03,04,1997,0.0
03,05,1997,0.0
03,06,1997,0.0
03,07,1997,0.0
03,08,1997,0.0
03,09,1997,0.0
03,10,1997,0.0
03,11,1997,0.0
03,12,1997,0.0
03,13,1997,0.0
03,14,1997,0.0
03,15,1997,0.0
03,16,1997,0.0
03,17,1997,0.0
03,18,1997,1.0
03,19,1997,5.0
03,20,1997,0.0
03,21,1997,0.0
03,22,1997,0.0
03,23,1997,0.0
03,24,1997,0.0
03,25,1997,0.0
03,26,1997,0.0
03,27,1997,0.0
03,28,1997,0.0
03,29,1997,0.0
03,30,1997,0.0
03,31,1997,0.0
04,01,1997,1.0
04,02,1997,0.0
04,03,1997,0.0
04,04,1997,0.0
04,05,1997,0.0
04,06,1997,0.0
04,07,1997,0.0
04,08,1997,12.0
04,09,1997,1.0
04,10,1997,5.7
04,11,1997,0.0
04,12,1997,0.0
04,13,1997,0.0
04,14,1997,0.0
04,15,1997,1.0
04,16,1997,0.0
04,17,1997,0.0
04,18,1997,0.0
04,19,1997,0.0
04,20,1997,0.0
04,21,1997,0.0
04,22,1997,0.0
04,23,1997,0.0
04,24,1997,0.0
04,25,1997,0.0
04,26,1997,0.0
04,27,1997,0.0
04,28,1997,0.0
04,29,1997,0.0
04,30,1997,0.0
05,01,1997,0.0
05,02,1997,2.0
05,03,1997,0.0
05,04,1997,0.0
05,05,1997,0.0
05,06,1997,0.0
05,07,1997,0.0
05,08,1997,14.5
05,09,1997,0.0
05,10,1997,0.0
05,11,1997,0.0
05,12,1997,0.0
05,13,1997,0.0
05,14,1997,0.0
05,15,1997,0.0
05,16,1997,20.3
05,17,1997,15.5
05,18,1997,0.0
05,19,1997,0.0
05,20,1997,0.0
05,21,1997,0.0
05,22,1997,0.0
05,23,1997,0.0
05,24,1997,0.0
05,25,1997,5.0
05,26,1997,0.0
05,27,1997,3.3
05,28,1997,0.0
05,29,1997,0.0
05,30,1997,12.0
05,31,1997,0.0
06,01,1997,0.0
06,02,1997,0.0
06,03,1997,0.0
06,04,1997,0.0
06,05,1997,0.0
06,06,1997,0.0
06,07,1997,0.0
06,08,1997,0.0
06,09,1997,4.9
06,10,1997,0.0
06,11,1997,2.6
06,12,1997,0.0
06,13,1997,0.0
06,14,1997,0.0
06,15,1997,0.0
06,16,1997,0.0
06,17,1997,0.0
06,18,1997,8.0
06,19,1997,0.0
06,20,1997,0.0
06,21,1997,0.0
06,22,1997,47.9
06,23,1997,21.6
06,24,1997,0.0
06,25,1997,35.0
06,26,1997,0.0
06,27,1997,0.0
06,28,1997,5.5
06,29,1997,5.5
06,30,1997,0.0
07,01,1997,8.7
07,02,1997,3.5
07,03,1997,32.5
07,04,1997,2.2
07,05,1997,0.0
07,06,1997,0.0
07,07,1997,10.3
07,08,1997,0.0
07,09,1997,0.0
07,10,1997,0.0
07,11,1997,0.0
07,12,1997,0.0
07,13,1997,0.0
07,14,1997,1.8
07,15,1997,3.2
07,16,1997,4.7
07,17,1997,18.6
07,18,1997,20.0
07,19,1997,10.0
07,20,1997,2.0
07,21,1997,0.0
07,22,1997,0.0
07,23,1997,12.5
07,24,1997,15.0
07,25,1997,0.0
07,26,1997,0.0
07,27,1997,0.0
07,28,1997,0.0
07,29,1997,0.0
07,30,1997,0.0
07,31,1997,0.0
08,01,1997,0.0
08,02,1997,0.0
08,03,1997,0.0
08,04,1997,0.0
08,05,1997,0.0
08,06,1997,0.0
08,07,1997,0.0
08,08,1997,0.0
08,09,1997,19.0
08,10,1997,0.0
08,11,1997,0.0
08,12,1997,0.0
08,13,1997,20.0
08,14,1997,20.0
08,15,1997,0.0
08,16,1997,28.3
08,17,1997,0.0
08,18,1997,20.0
08,19,1997,6.0
08,20,1997,0.0
08,21,1997,0.0
08,22,1997,0.0
08,23,1997,0.0
08,24,1997,0.0
08,25,1997,8.9
08,26,1997,0.0
08,27,1997,15.6
08,28,1997,6.3
08,29,1997,20.0
08,30,1997,0.0
08,31,1997,20.9
09,01,1997,11.9
09,02,1997,0.0
09,03,1997,3.2
09,04,1997,0.0
09,05,1997,9.0
09,06,1997,0.0
09,07,1997,5.0
09,08,1997,17.0
09,09,1997,3.9
09,10,1997,0.3
09,11,1997,0.0
09,12,1997,0.0
09,13,1997,16.5
09,14,1997,17.0
09,15,1997,2.2
09,16,1997,2.2
09,17,1997,0.0
09,18,1997,3.5
09,19,1997,5.2
09,20,1997,0.0
09,21,1997,10.8
09,22,1997,30.5
09,23,1997,30.8
09,24,1997,40.6
09,25,1997,0.0
09,26,1997,0.0
09,27,1997,3.2
09,28,1997,10.6
09,29,1997,10.2
09,30,1997,1.0
10,01,1997,10.8
10,02,1997,0.0
10,03,1997,0.0
10,04,1997,0.0
10,05,1997,0.0
10,06,1997,0.0
10,07,1997,5.5
10,08,1997,32.5
10,09,1997,4.2
10,10,1997,3.2
10,11,1997,2.0
10,12,1997,45.8
10,13,1997,28.5
10,14,1997,0.0
10,15,1997,0.0
10,16,1997,13.8
10,17,1997,4.0
10,18,1997,0.0
10,19,1997,0.0
10,20,1997,0.0
10,21,1997,0.0
10,22,1997,0.0
10,23,1997,0.0
10,24,1997,0.0
10,25,1997,0.0
10,26,1997,0.0
10,27,1997,0.0
10,28,1997,0.0
10,29,1997,0.0
10,30,1997,0.0
10,31,1997,0.0
11,01,1997,0.0
11,02,1997,0.0
11,03,1997,0.0
11,04,1997,0.0
11,05,1997,0.0
11,06,1997,0.0
11,07,1997,2.0
11,08,1997,0.0
11,09,1997,0.0
11,10,1997,20.0
11,11,1997,0.0
11,12,1997,0.0
11,13,1997,0.0
11,14,1997,0.0
11,15,1997,0.0
11,16,1997,0.0
11,17,1997,0.0
11,18,1997,0.0
11,19,1997,0.0
11,20,1997,0.0
11,21,1997,0.0
11,22,1997,0.0
11,23,1997,0.0
11,24,1997,0.0
11,25,1997,0.0
11,26,1997,0.0
11,27,1997,0.0
11,28,1997,0.0
11,29,1997,0.0
11,30,1997,0.0
12,01,1997,null
12,02,1997,null
12,03,1997,null
12,04,1997,null
12,05,1997,null
12,06,1997,null
12,07,1997,null
12,08,1997,null
12,09,1997,null
12,10,1997,null
12,11,1997,null
12,12,1997,null
12,13,1997,null
12,14,1997,null
12,15,1997,null
12,16,1997,null
12,17,1997,null
12,18,1997,null
12,19,1997,null
12,20,1997,null
12,21,1997,null
12,22,1997,null
12,23,1997,null
12,24,1997,null
12,25,1997,null
12,26,1997,null
12,27,1997,null
12,28,1997,null
12,29,1997,null
12,30,1997,null
12,31,1997,null
01,01,1998,0.0
01,02,1998,0.0
01,03,1998,0.0
01,04,1998,0.0
01,05,1998,0.0
01,06,1998,0.0
01,07,1998,0.0
01,08,1998,0.0
01,09,1998,0.0
01,10,1998,0.0
01,11,1998,0.0
01,12,1998,0.0
01,13,1998,0.0
01,14,1998,0.0
01,15,1998,0.0
01,16,1998,0.0
01,17,1998,0.0
01,18,1998,0.0
01,19,1998,0.0
01,20,1998,0.0
01,21,1998,0.0
01,22,1998,0.0
01,23,1998,0.0
01,24,1998,0.0
01,25,1998,0.0
01,26,1998,0.0
01,27,1998,0.0
01,28,1998,0.0
01,29,1998,0.0
01,30,1998,0.0
01,31,1998,0.0
02,01,1998,0.0
02,02,1998,0.0
02,03,1998,0.0
02,04,1998,0.0
02,05,1998,0.0
02,06,1998,0.0
02,07,1998,0.0
02,08,1998,0.0
02,09,1998,0.0
02,10,1998,0.0
02,11,1998,0.0
02,12,1998,0.0
02,13,1998,0.0
02,14,1998,0.0
02,15,1998,0.0
02,16,1998,0.0
02,17,1998,0.0
02,18,1998,0.0
02,19,1998,0.0
02,20,1998,0.0
02,21,1998,0.0
02,22,1998,0.0
02,23,1998,0.0
02,24,1998,0.0
02,25,1998,0.0
02,26,1998,0.0
02,27,1998,0.0
02,28,1998,0.0
03,01,1998,0.0
03,02,1998,0.0
03,03,1998,0.0
03,04,1998,0.0
03,05,1998,0.0
03,06,1998,0.0
03,07,1998,0.0
03,08,1998,0.0
03,09,1998,0.0
03,10,1998,0.0
03,11,1998,0.0
03,12,1998,0.0
03,13,1998,0.0
03,14,1998,0.0
03,15,1998,0.0
03,16,1998,0.0
03,17,1998,0.0
03,18,1998,0.0
03,19,1998,0.0
03,20,1998,0.0
03,21,1998,0.0
03,22,1998,0.0
03,23,1998,0.0
03,24,1998,0.0
03,25,1998,0.0
03,26,1998,0.0
03,27,1998,0.0
03,28,1998,0.0
03,29,1998,0.0
03,30,1998,0.0
03,31,1998,0.0
04,01,1998,0.0
04,02,1998,0.0
04,03,1998,0.0
04,04,1998,0.0
04,05,1998,0.0
04,06,1998,0.0
04,07,1998,0.0
04,08,1998,0.0
04,09,1998,0.0
04,10,1998,0.0
04,11,1998,0.0
04,12,1998,0.0
04,13,1998,0.0
04,14,1998,0.0
04,15,1998,0.0
04,16,1998,0.0
04,17,1998,0.0
04,18,1998,0.0
04,19,1998,0.0
04,20,1998,0.0
04,21,1998,0.0
04,22,1998,0.0
04,23,1998,5.3
04,24,1998,0.0
04,25,1998,0.0
04,26,1998,0.0
04,27,1998,0.0
04,28,1998,0.0
04,29,1998,0.0
04,30,1998,0.0
05,01,1998,0.0
05,02,1998,0.0
05,03,1998,0.0
05,04,1998,0.0
05,05,1998,0.0
05,06,1998,0.0
05,07,1998,0.0
05,08,1998,0.0
05,09,1998,0.0
05,10,1998,0.0
05,11,1998,0.0
05,12,1998,0.0
05,13,1998,0.0
05,14,1998,0.0
05,15,1998,0.0
05,16,1998,null
05,17,1998,0.0
05,18,1998,0.0
05,19,1998,0.0
05,20,1998,0.0
05,21,1998,0.0
05,22,1998,0.0
05,23,1998,0.0
05,24,1998,0.0
05,25,1998,0.0
05,26,1998,0.0
05,27,1998,1.2
05,28,1998,0.0
05,29,1998,null
05,30,1998,null
05,31,1998,null
06,01,1998,null
06,02,1998,null
06,03,1998,null
06,04,1998,null
06,05,1998,null
06,06,1998,null
06,07,1998,null
06,08,1998,null
06,09,1998,null
06,10,1998,null
06,11,1998,null
06,12,1998,null
06,13,1998,null
06,14,1998,null
06,15,1998,null
06,16,1998,null
06,17,1998,null
06,18,1998,null
06,19,1998,null
06,20,1998,null
06,21,1998,null
06,22,1998,null
06,23,1998,null
06,24,1998,null
06,25,1998,null
06,26,1998,null
06,27,1998,null
06,28,1998,null
06,29,1998,null
06,30,1998,null
07,01,1998,null
07,02,1998,null
07,03,1998,null
07,04,1998,null
07,05,1998,null
07,06,1998,null
07,07,1998,null
07,08,1998,null
07,09,1998,null
07,10,1998,null
07,11,1998,null
07,12,1998,null
07,13,1998,null
07,14,1998,null
07,15,1998,null
07,16,1998,null
07,17,1998,null
07,18,1998,null
07,19,1998,null
07,20,1998,null
07,21,1998,null
07,22,1998,null
07,23,1998,null
07,24,1998,null
07,25,1998,null
07,26,1998,null
07,27,1998,null
07,28,1998,null
07,29,1998,null
07,30,1998,null
07,31,1998,null
08,01,1998,null
08,02,1998,null
08,03,1998,null
08,04,1998,null
08,05,1998,null
08,06,1998,null
08,07,1998,null
08,08,1998,null
08,09,1998,null
08,10,1998,null
08,11,1998,null
08,12,1998,null
08,13,1998,null
08,14,1998,null
08,15,1998,null
08,16,1998,null
08,17,1998,null
08,18,1998,null
08,19,1998,null
08,20,1998,null
08,21,1998,null
08,22,1998,null
08,23,1998,null
08,24,1998,null
08,25,1998,null
08,26,1998,null
08,27,1998,null
08,28,1998,null
08,29,1998,null
08,30,1998,null
08,31,1998,null
09,01,1998,null
09,02,1998,null
09,03,1998,null
09,04,1998,null
09,05,1998,null
09,06,1998,null
09,07,1998,null
09,08,1998,null
09,09,1998,null
09,10,1998,null
09,11,1998,null
09,12,1998,null
09,13,1998,null
09,14,1998,null
09,15,1998,null
09,16,1998,null
09,17,1998,null
09,18,1998,null
09,19,1998,null
09,20,1998,null
09,21,1998,null
09,22,1998,null
09,23,1998,null
09,24,1998,null
09,25,1998,null
09,26,1998,null
09,27,1998,null
09,28,1998,null
09,29,1998,null
09,30,1998,null
10,01,1998,null
10,02,1998,null
10,03,1998,null
10,04,1998,null
10,05,1998,null
10,06,1998,null
10,07,1998,null
10,08,1998,null
10,09,1998,null
10,10,1998,null
10,11,1998,null
10,12,1998,null
10,13,1998,null
10,14,1998,null
10,15,1998,null
10,16,1998,null
10,17,1998,null
10,18,1998,null
10,19,1998,null
10,20,1998,null
10,21,1998,null
10,22,1998,null
10,23,1998,null
10,24,1998,null
10,25,1998,null
10,26,1998,null
10,27,1998,null
10,28,1998,null
10,29,1998,null
10,30,1998,null
10,31,1998,null
11,01,1998,null
11,02,1998,null
11,03,1998,null
11,04,1998,null
11,05,1998,null
11,06,1998,null
11,07,1998,null
11,08,1998,null
11,09,1998,null
11,10,1998,null
11,11,1998,null
11,12,1998,null
11,13,1998,null
11,14,1998,null
11,15,1998,null
11,16,1998,null
11,17,1998,null
11,18,1998,null
11,19,1998,null
11,20,1998,null
11,21,1998,null
11,22,1998,null
11,23,1998,null
11,24,1998,null
11,25,1998,null
11,26,1998,null
11,27,1998,null
11,28,1998,null
11,29,1998,null
11,30,1998,null
12,01,1998,0.0
12,02,1998,0.0
12,03,1998,0.0
12,04,1998,0.0
12,05,1998,0.0
12,06,1998,0.0
12,07,1998,0.0
12,08,1998,0.0
12,09,1998,0.0
12,10,1998,0.0
12,11,1998,0.0
12,12,1998,0.0
12,13,1998,0.0
12,14,1998,0.0
12,15,1998,0.0
12,16,1998,0.0
12,17,1998,0.0
12,18,1998,0.0
12,19,1998,0.0
12,20,1998,0.0
12,21,1998,0.0
12,22,1998,0.0
12,23,1998,0.0
12,24,1998,0.0
12,25,1998,0.0
12,26,1998,0.0
12,27,1998,0.0
12,28,1998,0.0
12,29,1998,0.0
12,30,1998,0.0
12,31,1998,0.0
01,01,1999,0.0
01,02,1999,0.0
01,03,1999,0.0
01,04,1999,0.0
01,05,1999,0.0
01,06,1999,0.0
01,07,1999,0.0
01,08,1999,0.0
01,09,1999,0.0
01,10,1999,0.0
01,11,1999,0.0
01,12,1999,0.0
01,13,1999,0.0
01,14,1999,0.0
01,15,1999,0.0
01,16,1999,0.0
01,17,1999,0.0
01,18,1999,0.0
01,19,1999,0.0
01,20,1999,0.0
01,21,1999,0.0
01,22,1999,0.0
01,23,1999,0.0
01,24,1999,0.0
01,25,1999,0.0
01,26,1999,0.0
01,27,1999,0.0
01,28,1999,0.0
01,29,1999,0.0
01,30,1999,0.0
01,31,1999,0.0
02,01,1999,0.0
02,02,1999,0.0
02,03,1999,0.0
02,04,1999,0.0
02,05,1999,0.0
02,06,1999,0.0
02,07,1999,0.0
02,08,1999,0.0
02,09,1999,0.0
02,10,1999,0.0
02,11,1999,0.0
02,12,1999,0.0
02,13,1999,0.0
02,14,1999,0.0
02,15,1999,0.0
02,16,1999,0.0
02,17,1999,0.0
02,18,1999,0.0
02,19,1999,0.0
02,20,1999,0.0
02,21,1999,0.0
02,22,1999,0.0
02,23,1999,0.0
02,24,1999,0.0
02,25,1999,0.0
02,26,1999,0.0
02,27,1999,0.0
02,28,1999,0.0
03,01,1999,0.0
03,02,1999,0.0
03,03,1999,0.0
03,04,1999,0.0
03,05,1999,0.0
03,06,1999,0.0
03,07,1999,0.0
03,08,1999,0.0
03,09,1999,0.0
03,10,1999,0.0
03,11,1999,0.0
03,12,1999,0.0
03,13,1999,0.0
03,14,1999,0.0
03,15,1999,0.0
03,16,1999,0.0
03,17,1999,0.0
03,18,1999,0.0
03,19,1999,0.0
03,20,1999,0.0
03,21,1999,0.0
03,22,1999,0.0
03,23,1999,0.0
03,24,1999,0.0
03,25,1999,0.0
03,26,1999,5.5
03,27,1999,4.6
03,28,1999,0.0
03,29,1999,0.0
03,30,1999,0.0
03,31,1999,0.0
04,01,1999,0.0
04,02,1999,0.0
04,03,1999,0.0
04,04,1999,0.0
04,05,1999,0.0
04,06,1999,0.0
04,07,1999,0.0
04,08,1999,0.0
04,09,1999,0.0
04,10,1999,0.0
04,11,1999,0.0
04,12,1999,0.0
04,13,1999,0.0
04,14,1999,0.0
04,15,1999,0.0
04,16,1999,0.0
04,17,1999,0.0
04,18,1999,0.0
04,19,1999,0.0
04,20,1999,0.0
04,21,1999,0.0
04,22,1999,0.0
04,23,1999,0.0
04,24,1999,0.0
04,25,1999,0.0
04,26,1999,0.0
04,27,1999,0.0
04,28,1999,0.0
04,29,1999,0.0
04,30,1999,0.0
05,01,1999,0.0
05,02,1999,0.0
05,03,1999,0.0
05,04,1999,0.0
05,05,1999,0.0
05,06,1999,0.0
05,07,1999,0.0
05,08,1999,0.0
05,09,1999,0.0
05,10,1999,0.0
05,11,1999,0.0
05,12,1999,0.0
05,13,1999,20.1
05,14,1999,0.0
05,15,1999,0.0
05,16,1999,0.0
05,17,1999,0.0
05,18,1999,0.0
05,19,1999,0.0
05,20,1999,0.0
05,21,1999,0.0
05,22,1999,0.0
05,23,1999,0.0
05,24,1999,0.0
05,25,1999,0.0
05,26,1999,0.0
05,27,1999,0.0
05,28,1999,4.3
05,29,1999,0.0
05,30,1999,0.0
05,31,1999,null
06,01,1999,0.0
06,02,1999,0.0
06,03,1999,0.0
06,04,1999,0.0
06,05,1999,0.0
06,06,1999,0.0
06,07,1999,0.0
06,08,1999,0.0
06,09,1999,0.0
06,10,1999,4.2
06,11,1999,2.1
06,12,1999,4.5
06,13,1999,0.0
06,14,1999,7.2
06,15,1999,0.0
06,16,1999,14.1
06,17,1999,2.4
06,18,1999,12.2
06,19,1999,15.3
06,20,1999,0.0
06,21,1999,7.5
06,22,1999,10.2
06,23,1999,14.9
06,24,1999,0.0
06,25,1999,0.0
06,26,1999,7.2
06,27,1999,5.5
06,28,1999,10.2
06,29,1999,8.4
06,30,1999,0.0
07,01,1999,0.0
07,02,1999,19.5
07,03,1999,10.1
07,04,1999,5.2
07,05,1999,8.4
07,06,1999,7.0
07,07,1999,0.0
07,08,1999,7.0
07,09,1999,9.8
07,10,1999,7.9
07,11,1999,20.1
07,12,1999,19.5
07,13,1999,15.2
07,14,1999,15.0
07,15,1999,10.5
07,16,1999,9.1
07,17,1999,8.1
07,18,1999,7.4
07,19,1999,5.2
07,20,1999,10.4
07,21,1999,10.2
07,22,1999,14.2
07,23,1999,9.1
07,24,1999,10.8
07,25,1999,11.2
07,26,1999,10.5
07,27,1999,0.0
07,28,1999,0.0
07,29,1999,0.0
07,30,1999,0.0
07,31,1999,20.5
08,01,1999,10.1
08,02,1999,0.0
08,03,1999,0.0
08,04,1999,2.4
08,05,1999,6.3
08,06,1999,10.4
08,07,1999,15.2
08,08,1999,12.7
08,09,1999,16.8
08,10,1999,20.6
08,11,1999,20.5
08,12,1999,15.1
08,13,1999,10.9
08,14,1999,9.2
08,15,1999,8.3
08,16,1999,7.2
08,17,1999,5.4
08,18,1999,10.6
08,19,1999,11.8
08,20,1999,9.7
08,21,1999,8.4
08,22,1999,11.5
08,23,1999,7.5
08,24,1999,5.4
08,25,1999,4.3
08,26,1999,5.2
08,27,1999,10.2
08,28,1999,12.8
08,29,1999,11.6
08,30,1999,8.8
08,31,1999,null
09,01,1999,5.0
09,02,1999,2.0
09,03,1999,11.0
09,04,1999,2.9
09,05,1999,15.0
09,06,1999,9.2
09,07,1999,12.8
09,08,1999,6.3
09,09,1999,15.0
09,10,1999,0.0
09,11,1999,0.0
09,12,1999,0.0
09,13,1999,1.5
09,14,1999,2.0
09,15,1999,5.0
09,16,1999,8.0
09,17,1999,0.0
09,18,1999,0.0
09,19,1999,0.0
09,20,1999,0.0
09,21,1999,3.5
09,22,1999,12.0
09,23,1999,2.0
09,24,1999,19.0
09,25,1999,2.0
09,26,1999,2.8
09,27,1999,1.1
09,28,1999,2.0
09,29,1999,1.0
09,30,1999,1.2
10,01,1999,34.5
10,02,1999,20.0
10,03,1999,10.0
10,04,1999,25.0
10,05,1999,21.5
10,06,1999,28.0
10,07,1999,10.0
10,08,1999,4.2
10,09,1999,8.0
10,10,1999,10.5
10,11,1999,11.5
10,12,1999,5.6
10,13,1999,1.0
10,14,1999,0.0
10,15,1999,0.0
10,16,1999,0.0
10,17,1999,0.0
10,18,1999,6.5
10,19,1999,0.0
10,20,1999,16.5
10,21,1999,0.0
10,22,1999,0.0
10,23,1999,0.0
10,24,1999,0.0
10,25,1999,0.0
10,26,1999,0.0
10,27,1999,0.0
10,28,1999,0.0
10,29,1999,0.0
10,30,1999,0.0
10,31,1999,0.0
11,01,1999,10.0
11,02,1999,0.0
11,03,1999,0.0
11,04,1999,0.0
11,05,1999,0.0
11,06,1999,0.0
11,07,1999,0.0
11,08,1999,0.0
11,09,1999,0.0
11,10,1999,0.0
11,11,1999,0.0
11,12,1999,0.0
11,13,1999,0.0
11,14,1999,0.0
11,15,1999,0.0
11,16,1999,0.0
11,17,1999,0.0
11,18,1999,0.0
11,19,1999,0.0
11,20,1999,0.0
11,21,1999,0.0
11,22,1999,0.0
11,23,1999,0.0
11,24,1999,0.0
11,25,1999,0.0
11,26,1999,0.0
11,27,1999,0.0
11,28,1999,0.0
11,29,1999,0.0
11,30,1999,0.0
12,01,1999,0.0
12,02,1999,0.0
12,03,1999,0.0
12,04,1999,0.0
12,05,1999,0.0
12,06,1999,0.0
12,07,1999,0.0
12,08,1999,0.0
12,09,1999,0.0
12,10,1999,0.0
12,11,1999,0.0
12,12,1999,0.0
12,13,1999,0.0
12,14,1999,0.0
12,15,1999,0.0
12,16,1999,0.0
12,17,1999,0.0
12,18,1999,0.0
12,19,1999,0.0
12,20,1999,0.0
12,21,1999,0.0
12,22,1999,0.0
12,23,1999,0.0
12,24,1999,0.0
12,25,1999,0.0
12,26,1999,0.0
12,27,1999,0.0
12,28,1999,0.0
12,29,1999,0.0
12,30,1999,0.0
12,31,1999,0.0
01,01,2000,null
01,02,2000,null
01,03,2000,null
01,04,2000,null
01,05,2000,null
01,06,2000,null
01,07,2000,null
01,08,2000,null
01,09,2000,null
01,10,2000,null
01,11,2000,null
01,12,2000,null
01,13,2000,null
01,14,2000,null
01,15,2000,null
01,16,2000,null
01,17,2000,null
01,18,2000,null
01,19,2000,null
01,20,2000,null
01,21,2000,null
01,22,2000,null
01,23,2000,null
01,24,2000,null
01,25,2000,null
01,26,2000,null
01,27,2000,null
01,28,2000,null
01,29,2000,null
01,30,2000,null
01,31,2000,null
02,01,2000,null
02,02,2000,null
02,03,2000,null
02,04,2000,null
02,05,2000,null
02,06,2000,null
02,07,2000,null
02,08,2000,null
02,09,2000,null
02,10,2000,null
02,11,2000,null
02,12,2000,null
02,13,2000,null
02,14,2000,null
02,15,2000,null
02,16,2000,null
02,17,2000,null
02,18,2000,null
02,19,2000,null
02,20,2000,null
02,21,2000,null
02,22,2000,null
02,23,2000,null
02,24,2000,null
02,25,2000,null
02,26,2000,null
02,27,2000,null
02,28,2000,null
02,29,2000,null
03,01,2000,null
03,02,2000,null
03,03,2000,null
03,04,2000,null
03,05,2000,null
03,06,2000,null
03,07,2000,null
03,08,2000,null
03,09,2000,null
03,10,2000,null
03,11,2000,null
03,12,2000,null
03,13,2000,null
03,14,2000,null
03,15,2000,null
03,16,2000,null
03,17,2000,null
03,18,2000,null
03,19,2000,null
03,20,2000,null
03,21,2000,null
03,22,2000,null
03,23,2000,null
03,24,2000,null
03,25,2000,null
03,26,2000,null
03,27,2000,null
03,28,2000,null
03,29,2000,null
03,30,2000,null
03,31,2000,null
04,01,2000,null
04,02,2000,null
04,03,2000,null
04,04,2000,null
04,05,2000,null
04,06,2000,null
04,07,2000,null
04,08,2000,null
04,09,2000,null
04,10,2000,null
04,11,2000,null
04,12,2000,null
04,13,2000,null
04,14,2000,null
04,15,2000,null
04,16,2000,null
04,17,2000,null
04,18,2000,null
04,19,2000,null
04,20,2000,null
04,21,2000,null
04,22,2000,null
04,23,2000,null
04,24,2000,null
04,25,2000,null
04,26,2000,null
04,27,2000,null
04,28,2000,null
04,29,2000,null
04,30,2000,null
05,01,2000,null
05,02,2000,null
05,03,2000,null
05,04,2000,null
05,05,2000,null
05,06,2000,null
05,07,2000,null
05,08,2000,null
05,09,2000,null
05,10,2000,null
05,11,2000,null
05,12,2000,null
05,13,2000,null
05,14,2000,null
05,15,2000,null
05,16,2000,null
05,17,2000,null
05,18,2000,null
05,19,2000,null
05,20,2000,null
05,21,2000,null
05,22,2000,null
05,23,2000,null
05,24,2000,null
05,25,2000,null
05,26,2000,null
05,27,2000,null
05,28,2000,null
05,29,2000,null
05,30,2000,null
05,31,2000,null
06,01,2000,null
06,02,2000,null
06,03,2000,null
06,04,2000,null
06,05,2000,null
06,06,2000,null
06,07,2000,null
06,08,2000,null
06,09,2000,null
06,10,2000,null
06,11,2000,null
06,12,2000,null
06,13,2000,null
06,14,2000,null
06,15,2000,null
06,16,2000,null
06,17,2000,null
06,18,2000,null
06,19,2000,null
06,20,2000,null
06,21,2000,null
06,22,2000,null
06,23,2000,null
06,24,2000,null
06,25,2000,null
06,26,2000,null
06,27,2000,null
06,28,2000,null
06,29,2000,null
06,30,2000,null
07,01,2000,null
07,02,2000,null
07,03,2000,null
07,04,2000,null
07,05,2000,null
07,06,2000,null
07,07,2000,null
07,08,2000,null
07,09,2000,null
07,10,2000,null
07,11,2000,null
07,12,2000,null
07,13,2000,null
07,14,2000,null
07,15,2000,null
07,16,2000,null
07,17,2000,null
07,18,2000,null
07,19,2000,null
07,20,2000,null
07,21,2000,null
07,22,2000,null
07,23,2000,null
07,24,2000,null
07,25,2000,null
07,26,2000,null
07,27,2000,null
07,28,2000,null
07,29,2000,null
07,30,2000,null
07,31,2000,null
08,01,2000,null
08,02,2000,null
08,03,2000,null
08,04,2000,null
08,05,2000,null
08,06,2000,null
08,07,2000,null
08,08,2000,null
08,09,2000,null
08,10,2000,null
08,11,2000,null
08,12,2000,null
08,13,2000,null
08,14,2000,null
08,15,2000,null
08,16,2000,null
08,17,2000,null
08,18,2000,null
08,19,2000,null
08,20,2000,null
08,21,2000,null
08,22,2000,null
08,23,2000,null
08,24,2000,null
08,25,2000,null
08,26,2000,null
08,27,2000,null
08,28,2000,null
08,29,2000,null
08,30,2000,null
08,31,2000,null
09,01,2000,null
09,02,2000,null
09,03,2000,null
09,04,2000,null
09,05,2000,null
09,06,2000,null
09,07,2000,null
09,08,2000,null
09,09,2000,null
09,10,2000,null
09,11,2000,null
09,12,2000,null
09,13,2000,null
09,14,2000,null
09,15,2000,null
09,16,2000,null
09,17,2000,null
09,18,2000,null
09,19,2000,null
09,20,2000,null
09,21,2000,null
09,22,2000,null
09,23,2000,null
09,24,2000,null
09,25,2000,null
09,26,2000,null
09,27,2000,null
09,28,2000,null
09,29,2000,null
09,30,2000,null
10,01,2000,null
10,02,2000,null
10,03,2000,null
10,04,2000,null
10,05,2000,null
10,06,2000,null
10,07,2000,null
10,08,2000,null
10,09,2000,null
10,10,2000,null
10,11,2000,null
10,12,2000,null
10,13,2000,null
10,14,2000,null
10,15,2000,null
10,16,2000,null
10,17,2000,null
10,18,2000,null
10,19,2000,null
10,20,2000,null
10,21,2000,null
10,22,2000,null
10,23,2000,null
10,24,2000,null
10,25,2000,null
10,26,2000,null
10,27,2000,null
10,28,2000,null
10,29,2000,null
10,30,2000,null
10,31,2000,null
11,01,2000,null
11,02,2000,null
11,03,2000,null
11,04,2000,null
11,05,2000,null
11,06,2000,null
11,07,2000,null
11,08,2000,null
11,09,2000,null
11,10,2000,null
11,11,2000,null
11,12,2000,null
11,13,2000,null
11,14,2000,null
11,15,2000,null
11,16,2000,null
11,17,2000,null
11,18,2000,null
11,19,2000,null
11,20,2000,null
11,21,2000,null
11,22,2000,null
11,23,2000,null
11,24,2000,null
11,25,2000,null
11,26,2000,null
11,27,2000,null
11,28,2000,null
11,29,2000,null
11,30,2000,null
12,01,2000,null
12,02,2000,null
12,03,2000,null
12,04,2000,null
12,05,2000,null
12,06,2000,null
12,07,2000,null
12,08,2000,null
12,09,2000,null
12,10,2000,null
12,11,2000,null
12,12,2000,null
12,13,2000,null
12,14,2000,null
12,15,2000,null
12,16,2000,null
12,17,2000,null
12,18,2000,null
12,19,2000,null
12,20,2000,null
12,21,2000,null
12,22,2000,null
12,23,2000,null
12,24,2000,null
12,25,2000,null
12,26,2000,null
12,27,2000,null
12,28,2000,null
12,29,2000,null
12,30,2000,null
12,31,2000,null
01,01,2001,null
01,02,2001,null
01,03,2001,null
01,04,2001,null
01,05,2001,null
01,06,2001,null
01,07,2001,null
01,08,2001,null
01,09,2001,null
01,10,2001,null
01,11,2001,null
01,12,2001,null
01,13,2001,null
01,14,2001,null
01,15,2001,null
01,16,2001,null
01,17,2001,null
01,18,2001,null
01,19,2001,null
01,20,2001,null
01,21,2001,null
01,22,2001,null
01,23,2001,null
01,24,2001,null
01,25,2001,null
01,26,2001,null
01,27,2001,null
01,28,2001,null
01,29,2001,null
01,30,2001,null
01,31,2001,null
02,01,2001,null
02,02,2001,null
02,03,2001,null
02,04,2001,null
02,05,2001,null
02,06,2001,null
02,07,2001,null
02,08,2001,null
02,09,2001,null
02,10,2001,null
02,11,2001,null
02,12,2001,null
02,13,2001,null
02,14,2001,null
02,15,2001,null
02,16,2001,null
02,17,2001,null
02,18,2001,null
02,19,2001,null
02,20,2001,null
02,21,2001,null
02,22,2001,null
02,23,2001,null
02,24,2001,null
02,25,2001,null
02,26,2001,null
02,27,2001,null
02,28,2001,null
03,01,2001,null
03,02,2001,null
03,03,2001,null
03,04,2001,null
03,05,2001,null
03,06,2001,null
03,07,2001,null
03,08,2001,null
03,09,2001,null
03,10,2001,null
03,11,2001,null
03,12,2001,null
03,13,2001,null
03,14,2001,null
03,15,2001,null
03,16,2001,null
03,17,2001,null
03,18,2001,null
03,19,2001,null
03,20,2001,null
03,21,2001,null
03,22,2001,null
03,23,2001,null
03,24,2001,null
03,25,2001,null
03,26,2001,null
03,27,2001,null
03,28,2001,null
03,29,2001,null
03,30,2001,null
03,31,2001,null
04,01,2001,null
04,02,2001,null
04,03,2001,null
04,04,2001,null
04,05,2001,null
04,06,2001,null
04,07,2001,null
04,08,2001,null
04,09,2001,null
04,10,2001,null
04,11,2001,null
04,12,2001,null
04,13,2001,null
04,14,2001,null
04,15,2001,null
04,16,2001,null
04,17,2001,null
04,18,2001,null
04,19,2001,null
04,20,2001,null
04,21,2001,null
04,22,2001,null
04,23,2001,null
04,24,2001,null
04,25,2001,null
04,26,2001,null
04,27,2001,null
04,28,2001,null
04,29,2001,null
04,30,2001,null
05,01,2001,null
05,02,2001,null
05,03,2001,null
05,04,2001,null
05,05,2001,null
05,06,2001,null
05,07,2001,null
05,08,2001,null
05,09,2001,null
05,10,2001,null
05,11,2001,null
05,12,2001,null
05,13,2001,null
05,14,2001,null
05,15,2001,null
05,16,2001,null
05,17,2001,null
05,18,2001,null
05,19,2001,null
05,20,2001,null
05,21,2001,null
05,22,2001,null
05,23,2001,null
05,24,2001,null
05,25,2001,null
05,26,2001,null
05,27,2001,null
05,28,2001,null
05,29,2001,null
05,30,2001,null
05,31,2001,null
06,01,2001,null
06,02,2001,null
06,03,2001,null
06,04,2001,null
06,05,2001,null
06,06,2001,null
06,07,2001,null
06,08,2001,null
06,09,2001,null
06,10,2001,null
06,11,2001,null
06,12,2001,null
06,13,2001,null
06,14,2001,null
06,15,2001,null
06,16,2001,null
06,17,2001,null
06,18,2001,null
06,19,2001,null
06,20,2001,null
06,21,2001,null
06,22,2001,null
06,23,2001,null
06,24,2001,null
06,25,2001,null
06,26,2001,null
06,27,2001,null
06,28,2001,null
06,29,2001,null
06,30,2001,null
07,01,2001,null
07,02,2001,null
07,03,2001,null
07,04,2001,null
07,05,2001,null
07,06,2001,null
07,07,2001,null
07,08,2001,null
07,09,2001,null
07,10,2001,null
07,11,2001,null
07,12,2001,null
07,13,2001,null
07,14,2001,null
07,15,2001,null
07,16,2001,null
07,17,2001,null
07,18,2001,null
07,19,2001,null
07,20,2001,null
07,21,2001,null
07,22,2001,null
07,23,2001,null
07,24,2001,null
07,25,2001,null
07,26,2001,null
07,27,2001,null
07,28,2001,null
07,29,2001,null
07,30,2001,null
07,31,2001,null
08,01,2001,null
08,02,2001,null
08,03,2001,null
08,04,2001,null
08,05,2001,null
08,06,2001,null
08,07,2001,null
08,08,2001,null
08,09,2001,null
08,10,2001,null
08,11,2001,null
08,12,2001,null
08,13,2001,null
08,14,2001,null
08,15,2001,null
08,16,2001,null
08,17,2001,null
08,18,2001,null
08,19,2001,null
08,20,2001,null
08,21,2001,null
08,22,2001,null
08,23,2001,null
08,24,2001,null
08,25,2001,null
08,26,2001,null
08,27,2001,null
08,28,2001,null
08,29,2001,null
08,30,2001,null
08,31,2001,null
09,01,2001,0.0
09,02,2001,0.0
09,03,2001,0.0
09,04,2001,0.0
09,05,2001,0.0
09,06,2001,0.0
09,07,2001,0.0
09,08,2001,0.0
09,09,2001,0.0
09,10,2001,0.0
09,11,2001,0.0
09,12,2001,0.0
09,13,2001,0.0
09,14,2001,0.0
09,15,2001,0.0
09,16,2001,0.0
09,17,2001,0.0
09,18,2001,0.0
09,19,2001,0.0
09,20,2001,0.0
09,21,2001,0.0
09,22,2001,0.0
09,23,2001,0.0
09,24,2001,0.0
09,25,2001,0.0
09,26,2001,0.0
09,27,2001,0.0
09,28,2001,0.0
09,29,2001,0.0
09,30,2001,0.0
10,01,2001,0.0
10,02,2001,0.0
10,03,2001,0.0
10,04,2001,0.0
10,05,2001,0.0
10,06,2001,0.0
10,07,2001,0.0
10,08,2001,0.0
10,09,2001,0.0
10,10,2001,0.0
10,11,2001,0.0
10,12,2001,0.0
10,13,2001,0.0
10,14,2001,0.0
10,15,2001,0.0
10,16,2001,0.0
10,17,2001,0.0
10,18,2001,0.0
10,19,2001,0.0
10,20,2001,0.0
10,21,2001,0.0
10,22,2001,0.0
10,23,2001,0.0
10,24,2001,0.0
10,25,2001,0.0
10,26,2001,0.0
10,27,2001,0.0
10,28,2001,0.0
10,29,2001,0.0
10,30,2001,0.0
10,31,2001,0.0
11,01,2001,0.0
11,02,2001,0.0
11,03,2001,0.0
11,04,2001,0.0
11,05,2001,0.0
11,06,2001,0.0
11,07,2001,0.0
11,08,2001,0.0
11,09,2001,0.0
11,10,2001,0.0
11,11,2001,0.0
11,12,2001,0.0
11,13,2001,0.0
11,14,2001,0.0
11,15,2001,0.0
11,16,2001,0.0
11,17,2001,0.0
11,18,2001,0.0
11,19,2001,0.0
11,20,2001,0.0
11,21,2001,0.0
11,22,2001,0.0
11,23,2001,0.0
11,24,2001,0.0
11,25,2001,0.0
11,26,2001,0.0
11,27,2001,0.0
11,28,2001,0.0
11,29,2001,0.0
11,30,2001,0.0
12,01,2001,0.0
12,02,2001,0.0
12,03,2001,0.0
12,04,2001,0.0
12,05,2001,0.0
12,06,2001,0.0
12,07,2001,0.0
12,08,2001,0.0
12,09,2001,0.0
12,10,2001,0.0
12,11,2001,0.0
12,12,2001,0.0
12,13,2001,0.0
12,14,2001,0.0
12,15,2001,0.0
12,16,2001,0.0
12,17,2001,0.0
12,18,2001,0.0
12,19,2001,0.0
12,20,2001,0.0
12,21,2001,0.0
12,22,2001,0.0
12,23,2001,0.0
12,24,2001,0.0
12,25,2001,0.0
12,26,2001,0.0
12,27,2001,0.0
12,28,2001,0.0
12,29,2001,0.0
12,30,2001,0.0
12,31,2001,0.0
01,01,2002,0.0
01,02,2002,0.0
01,03,2002,0.0
01,04,2002,0.0
01,05,2002,0.0
01,06,2002,0.0
01,07,2002,0.0
01,08,2002,0.0
01,09,2002,0.0
01,10,2002,0.0
01,11,2002,0.0
01,12,2002,0.0
01,13,2002,0.0
01,14,2002,0.0
01,15,2002,0.0
01,16,2002,0.0
01,17,2002,0.0
01,18,2002,0.0
01,19,2002,0.0
01,20,2002,0.0
01,21,2002,0.0
01,22,2002,0.0
01,23,2002,0.0
01,24,2002,0.0
01,25,2002,0.0
01,26,2002,0.0
01,27,2002,0.0
01,28,2002,0.0
01,29,2002,0.0
01,30,2002,0.0
01,31,2002,0.0
02,01,2002,0.0
02,02,2002,0.0
02,03,2002,0.0
02,04,2002,0.0
02,05,2002,0.0
02,06,2002,0.0
02,07,2002,0.0
02,08,2002,0.0
02,09,2002,0.0
02,10,2002,0.0
02,11,2002,0.0
02,12,2002,0.0
02,13,2002,0.0
02,14,2002,0.0
02,15,2002,0.0
02,16,2002,0.0
02,17,2002,0.0
02,18,2002,0.0
02,19,2002,0.0
02,20,2002,0.0
02,21,2002,0.0
02,22,2002,0.0
02,23,2002,0.0
02,24,2002,0.0
02,25,2002,0.0
02,26,2002,0.0
02,27,2002,0.0
02,28,2002,0.0
03,01,2002,0.0
03,02,2002,0.0
03,03,2002,0.0
03,04,2002,0.0
03,05,2002,0.0
03,06,2002,0.0
03,07,2002,0.0
03,08,2002,0.0
03,09,2002,0.0
03,10,2002,0.0
03,11,2002,0.0
03,12,2002,0.0
03,13,2002,0.0
03,14,2002,0.0
03,15,2002,0.0
03,16,2002,0.0
03,17,2002,0.0
03,18,2002,0.0
03,19,2002,0.0
03,20,2002,0.0
03,21,2002,0.0
03,22,2002,0.0
03,23,2002,0.0
03,24,2002,0.0
03,25,2002,0.0
03,26,2002,0.0
03,27,2002,0.0
03,28,2002,0.0
03,29,2002,0.0
03,30,2002,0.0
03,31,2002,0.0
04,01,2002,0.0
04,02,2002,0.0
04,03,2002,0.0
04,04,2002,0.0
04,05,2002,0.0
04,06,2002,0.0
04,07,2002,0.0
04,08,2002,0.0
04,09,2002,0.0
04,10,2002,0.0
04,11,2002,0.0
04,12,2002,0.0
04,13,2002,0.0
04,14,2002,0.0
04,15,2002,0.0
04,16,2002,0.0
04,17,2002,0.0
04,18,2002,0.0
04,19,2002,0.0
04,20,2002,0.0
04,21,2002,0.0
04,22,2002,0.0
04,23,2002,0.0
04,24,2002,0.0
04,25,2002,0.0
04,26,2002,0.0
04,27,2002,0.0
04,28,2002,0.0
04,29,2002,0.0
04,30,2002,0.0
05,01,2002,0.0
05,02,2002,0.0
05,03,2002,0.0
05,04,2002,0.0
05,05,2002,0.0
05,06,2002,0.0
05,07,2002,0.0
05,08,2002,0.0
05,09,2002,0.0
05,10,2002,0.0
05,11,2002,0.0
05,12,2002,0.0
05,13,2002,0.0
05,14,2002,0.0
05,15,2002,0.0
05,16,2002,0.0
05,17,2002,0.0
05,18,2002,0.0
05,19,2002,0.0
05,20,2002,0.0
05,21,2002,0.0
05,22,2002,0.0
05,23,2002,0.0
05,24,2002,0.0
05,25,2002,0.0
05,26,2002,0.0
05,27,2002,0.0
05,28,2002,10.0
05,29,2002,5.0
05,30,2002,0.0
05,31,2002,0.0
06,01,2002,0.0
06,02,2002,0.0
06,03,2002,0.0
06,04,2002,0.0
06,05,2002,0.0
06,06,2002,20.0
06,07,2002,10.0
06,08,2002,0.0
06,09,2002,0.0
06,10,2002,0.0
06,11,2002,0.0
06,12,2002,20.0
06,13,2002,0.0
06,14,2002,0.0
06,15,2002,2.5
06,16,2002,5.3
06,17,2002,0.0
06,18,2002,0.0
06,19,2002,10.0
06,20,2002,12.0
06,21,2002,0.0
06,22,2002,0.0
06,23,2002,0.0
06,24,2002,30.0
06,25,2002,0.0
06,26,2002,2.0
06,27,2002,0.0
06,28,2002,0.0
06,29,2002,10.0
06,30,2002,5.0
07,01,2002,0.0
07,02,2002,26.5
07,03,2002,35.6
07,04,2002,10.2
07,05,2002,6.5
07,06,2002,8.6
07,07,2002,15.2
07,08,2002,20.0
07,09,2002,30.4
07,10,2002,40.0
07,11,2002,8.3
07,12,2002,12.6
07,13,2002,40.7
07,14,2002,30.5
07,15,2002,0.0
07,16,2002,10.8
07,17,2002,0.0
07,18,2002,0.0
07,19,2002,20.5
07,20,2002,10.0
07,21,2002,0.0
07,22,2002,22.7
07,23,2002,2.2
07,24,2002,0.0
07,25,2002,null
07,26,2002,null
07,27,2002,null
07,28,2002,null
07,29,2002,null
07,30,2002,null
07,31,2002,null
08,01,2002,null
08,02,2002,null
08,03,2002,null
08,04,2002,null
08,05,2002,null
08,06,2002,null
08,07,2002,null
08,08,2002,null
08,09,2002,null
08,10,2002,null
08,11,2002,null
08,12,2002,null
08,13,2002,null
08,14,2002,null
08,15,2002,null
08,16,2002,null
08,17,2002,null
08,18,2002,null
08,19,2002,null
08,20,2002,null
08,21,2002,null
08,22,2002,null
08,23,2002,null
08,24,2002,null
08,25,2002,null
08,26,2002,null
08,27,2002,null
08,28,2002,null
08,29,2002,null
08,30,2002,null
08,31,2002,null
09,01,2002,0.0
09,02,2002,0.0
09,03,2002,6.2
09,04,2002,9.8
09,05,2002,0.0
09,06,2002,2.1
09,07,2002,1.2
09,08,2002,0.0
09,09,2002,0.0
09,10,2002,2.0
09,11,2002,9.0
09,12,2002,0.0
09,13,2002,0.0
09,14,2002,0.0
09,15,2002,0.0
09,16,2002,10.0
09,17,2002,22.0
09,18,2002,0.0
09,19,2002,8.5
09,20,2002,10.0
09,21,2002,25.0
09,22,2002,15.0
09,23,2002,1.5
09,24,2002,0.0
09,25,2002,0.0
09,26,2002,6.5
09,27,2002,15.5
09,28,2002,40.0
09,29,2002,2.5
09,30,2002,5.0
10,01,2002,20.0
10,02,2002,10.0
10,03,2002,11.9
10,04,2002,0.0
10,05,2002,0.0
10,06,2002,0.0
10,07,2002,0.0
10,08,2002,0.0
10,09,2002,0.0
10,10,2002,0.0
10,11,2002,0.0
10,12,2002,0.0
10,13,2002,0.0
10,14,2002,0.0
10,15,2002,0.0
10,16,2002,0.0
10,17,2002,3.0
10,18,2002,40.0
10,19,2002,0.0
10,20,2002,0.0
10,21,2002,0.0
10,22,2002,33.0
10,23,2002,0.0
10,24,2002,0.0
10,25,2002,0.0
10,26,2002,0.0
10,27,2002,0.0
10,28,2002,0.0
10,29,2002,0.0
10,30,2002,0.0
10,31,2002,0.0
11,01,2002,0.0
11,02,2002,40.5
11,03,2002,0.0
11,04,2002,0.0
11,05,2002,9.0
11,06,2002,0.0
11,07,2002,0.0
11,08,2002,0.0
11,09,2002,0.0
11,10,2002,0.0
11,11,2002,0.0
11,12,2002,1.0
11,13,2002,0.0
11,14,2002,0.0
11,15,2002,0.0
11,16,2002,0.0
11,17,2002,0.0
11,18,2002,0.0
11,19,2002,0.0
11,20,2002,0.0
11,21,2002,0.0
11,22,2002,0.0
11,23,2002,0.0
11,24,2002,0.0
11,25,2002,0.0
11,26,2002,0.0
11,27,2002,0.0
11,28,2002,0.0
11,29,2002,0.0
11,30,2002,0.0
12,01,2002,0.0
12,02,2002,0.0
12,03,2002,0.0
12,04,2002,0.0
12,05,2002,0.0
12,06,2002,0.0
12,07,2002,0.0
12,08,2002,0.0
12,09,2002,0.0
12,10,2002,0.0
12,11,2002,0.0
12,12,2002,0.0
12,13,2002,0.0
12,14,2002,0.0
12,15,2002,0.0
12,16,2002,0.0
12,17,2002,0.0
12,18,2002,0.0
12,19,2002,0.0
12,20,2002,0.0
12,21,2002,0.0
12,22,2002,0.0
12,23,2002,0.0
12,24,2002,0.0
12,25,2002,0.0
12,26,2002,0.0
12,27,2002,0.0
12,28,2002,0.0
12,29,2002,0.0
12,30,2002,0.0
12,31,2002,0.0
01,01,2003,0.0
01,02,2003,0.0
01,03,2003,0.0
01,04,2003,0.0
01,05,2003,0.0
01,06,2003,0.0
01,07,2003,0.0
01,08,2003,0.0
01,09,2003,0.0
01,10,2003,0.0
01,11,2003,0.0
01,12,2003,0.0
01,13,2003,0.0
01,14,2003,0.0
01,15,2003,0.0
01,16,2003,0.0
01,17,2003,0.0
01,18,2003,0.0
01,19,2003,0.0
01,20,2003,0.0
01,21,2003,0.0
01,22,2003,0.0
01,23,2003,0.0
01,24,2003,0.0
01,25,2003,0.0
01,26,2003,0.0
01,27,2003,0.0
01,28,2003,0.0
01,29,2003,0.0
01,30,2003,0.0
01,31,2003,0.0
02,01,2003,0.0
02,02,2003,0.0
02,03,2003,0.0
02,04,2003,0.0
02,05,2003,0.0
02,06,2003,0.0
02,07,2003,0.0
02,08,2003,0.0
02,09,2003,0.0
02,10,2003,0.0
02,11,2003,0.0
02,12,2003,0.0
02,13,2003,0.0
02,14,2003,0.0
02,15,2003,0.0
02,16,2003,0.0
02,17,2003,0.0
02,18,2003,0.0
02,19,2003,0.0
02,20,2003,0.0
02,21,2003,0.0
02,22,2003,0.0
02,23,2003,0.0
02,24,2003,0.0
02,25,2003,0.0
02,26,2003,0.0
02,27,2003,0.0
02,28,2003,0.0
03,01,2003,0.0
03,02,2003,0.0
03,03,2003,0.0
03,04,2003,0.0
03,05,2003,0.0
03,06,2003,0.0
03,07,2003,0.0
03,08,2003,0.0
03,09,2003,0.0
03,10,2003,0.0
03,11,2003,0.0
03,12,2003,0.0
03,13,2003,0.0
03,14,2003,0.0
03,15,2003,0.0
03,16,2003,0.0
03,17,2003,0.0
03,18,2003,0.0
03,19,2003,0.0
03,20,2003,0.0
03,21,2003,0.0
03,22,2003,0.0
03,23,2003,0.0
03,24,2003,0.0
03,25,2003,0.0
03,26,2003,0.0
03,27,2003,0.0
03,28,2003,0.0
03,29,2003,0.0
03,30,2003,0.0
03,31,2003,0.0
04,01,2003,0.0
04,02,2003,0.0
04,03,2003,0.0
04,04,2003,0.0
04,05,2003,0.0
04,06,2003,0.0
04,07,2003,0.0
04,08,2003,0.0
04,09,2003,0.0
04,10,2003,0.0
04,11,2003,0.0
04,12,2003,0.0
04,13,2003,0.0
04,14,2003,0.0
04,15,2003,0.0
04,16,2003,0.0
04,17,2003,0.0
04,18,2003,0.0
04,19,2003,0.0
04,20,2003,0.0
04,21,2003,0.0
04,22,2003,0.0
04,23,2003,0.0
04,24,2003,0.0
04,25,2003,0.0
04,26,2003,0.0
04,27,2003,0.0
04,28,2003,0.0
04,29,2003,0.0
04,30,2003,0.0
05,01,2003,null
05,02,2003,null
05,03,2003,null
05,04,2003,null
05,05,2003,null
05,06,2003,null
05,07,2003,null
05,08,2003,null
05,09,2003,null
05,10,2003,null
05,11,2003,null
05,12,2003,null
05,13,2003,null
05,14,2003,null
05,15,2003,null
05,16,2003,null
05,17,2003,null
05,18,2003,null
05,19,2003,null
05,20,2003,null
05,21,2003,null
05,22,2003,null
05,23,2003,null
05,24,2003,null
05,25,2003,null
05,26,2003,null
05,27,2003,null
05,28,2003,null
05,29,2003,null
05,30,2003,null
05,31,2003,null
06,01,2003,0.0
06,02,2003,0.0
06,03,2003,2.0
06,04,2003,8.0
06,05,2003,35.0
06,06,2003,20.0
06,07,2003,5.0
06,08,2003,0.0
06,09,2003,11.5
06,10,2003,9.6
06,11,2003,0.0
06,12,2003,0.0
06,13,2003,0.0
06,14,2003,0.0
06,15,2003,10.0
06,16,2003,50.6
06,17,2003,14.0
06,18,2003,21.0
06,19,2003,5.0
06,20,2003,5.4
06,21,2003,1.0
06,22,2003,0.0
06,23,2003,0.0
06,24,2003,3.0
06,25,2003,2.0
06,26,2003,4.5
06,27,2003,5.0
06,28,2003,5.0
06,29,2003,0.0
06,30,2003,0.0
07,01,2003,2.2
07,02,2003,5.0
07,03,2003,2.0
07,04,2003,8.0
07,05,2003,10.2
07,06,2003,5.0
07,07,2003,5.2
07,08,2003,5.3
07,09,2003,2.5
07,10,2003,6.9
07,11,2003,0.0
07,12,2003,0.0
07,13,2003,0.0
07,14,2003,0.0
07,15,2003,0.0
07,16,2003,20.0
07,17,2003,0.0
07,18,2003,0.0
07,19,2003,0.0
07,20,2003,0.0
07,21,2003,0.0
07,22,2003,5.0
07,23,2003,2.5
07,24,2003,0.0
07,25,2003,15.8
07,26,2003,10.0
07,27,2003,20.1
07,28,2003,2.5
07,29,2003,0.0
07,30,2003,0.0
07,31,2003,0.0
08,01,2003,0.0
08,02,2003,5.0
08,03,2003,0.0
08,04,2003,15.4
08,05,2003,0.0
08,06,2003,0.0
08,07,2003,20.0
08,08,2003,0.0
08,09,2003,0.0
08,10,2003,21.5
08,11,2003,0.0
08,12,2003,15.5
08,13,2003,10.3
08,14,2003,0.0
08,15,2003,0.0
08,16,2003,30.0
08,17,2003,6.3
08,18,2003,2.1
08,19,2003,23.4
08,20,2003,0.0
08,21,2003,5.0
08,22,2003,0.0
08,23,2003,0.0
08,24,2003,0.0
08,25,2003,10.4
08,26,2003,0.0
08,27,2003,16.5
08,28,2003,0.0
08,29,2003,0.0
08,30,2003,0.0
08,31,2003,0.0
09,01,2003,0.0
09,02,2003,15.2
09,03,2003,16.0
09,04,2003,14.0
09,05,2003,0.0
09,06,2003,0.0
09,07,2003,0.0
09,08,2003,12.0
09,09,2003,15.0
09,10,2003,6.5
09,11,2003,8.6
09,12,2003,2.5
09,13,2003,10.0
09,14,2003,25.0
09,15,2003,0.0
09,16,2003,0.0
09,17,2003,10.6
09,18,2003,2.5
09,19,2003,0.0
09,20,2003,40.0
09,21,2003,1.0
09,22,2003,5.0
09,23,2003,8.6
09,24,2003,0.0
09,25,2003,0.0
09,26,2003,2.5
09,27,2003,10.5
09,28,2003,25.6
09,29,2003,0.0
09,30,2003,0.0
10,01,2003,0.0
10,02,2003,2.9
10,03,2003,10.5
10,04,2003,30.0
10,05,2003,40.2
10,06,2003,20.3
10,07,2003,15.6
10,08,2003,0.0
10,09,2003,0.0
10,10,2003,0.0
10,11,2003,0.0
10,12,2003,0.0
10,13,2003,40.5
10,14,2003,30.5
10,15,2003,20.8
10,16,2003,10.5
10,17,2003,0.0
10,18,2003,0.0
10,19,2003,0.0
10,20,2003,0.0
10,21,2003,0.0
10,22,2003,0.0
10,23,2003,0.0
10,24,2003,0.0
10,25,2003,0.0
10,26,2003,0.0
10,27,2003,10.0
10,28,2003,0.0
10,29,2003,0.0
10,30,2003,0.0
10,31,2003,0.0
11,01,2003,0.0
11,02,2003,0.0
11,03,2003,0.0
11,04,2003,0.0
11,05,2003,0.0
11,06,2003,0.0
11,07,2003,0.0
11,08,2003,0.0
11,09,2003,0.0
11,10,2003,0.0
11,11,2003,0.0
11,12,2003,0.0
11,13,2003,0.0
11,14,2003,0.0
11,15,2003,0.0
11,16,2003,0.0
11,17,2003,0.0
11,18,2003,0.0
11,19,2003,0.0
11,20,2003,0.0
11,21,2003,0.0
11,22,2003,0.0
11,23,2003,0.0
11,24,2003,0.0
11,25,2003,0.0
11,26,2003,0.0
11,27,2003,0.0
11,28,2003,0.0
11,29,2003,0.0
11,30,2003,0.0
12,01,2003,0.0
12,02,2003,0.0
12,03,2003,0.0
12,04,2003,0.0
12,05,2003,0.0
12,06,2003,0.0
12,07,2003,0.0
12,08,2003,0.0
12,09,2003,0.0
12,10,2003,0.0
12,11,2003,0.0
12,12,2003,0.0
12,13,2003,0.0
12,14,2003,0.0
12,15,2003,0.0
12,16,2003,0.0
12,17,2003,0.0
12,18,2003,0.0
12,19,2003,0.0
12,20,2003,0.0
12,21,2003,0.0
12,22,2003,0.0
12,23,2003,0.0
12,24,2003,0.0
12,25,2003,0.0
12,26,2003,0.0
12,27,2003,0.0
12,28,2003,0.0
12,29,2003,0.0
12,30,2003,0.0
12,31,2003,0.0
01,01,2004,0.0
01,02,2004,0.0
01,03,2004,0.0
01,04,2004,0.0
01,05,2004,0.0
01,06,2004,0.0
01,07,2004,0.0
01,08,2004,0.0
01,09,2004,0.0
01,10,2004,0.0
01,11,2004,0.0
01,12,2004,0.0
01,13,2004,0.0
01,14,2004,0.0
01,15,2004,2.3
01,16,2004,26.1
01,17,2004,0.0
01,18,2004,0.0
01,19,2004,0.0
01,20,2004,0.0
01,21,2004,0.0
01,22,2004,0.0
01,23,2004,0.0
01,24,2004,0.0
01,25,2004,0.0
01,26,2004,0.0
01,27,2004,0.0
01,28,2004,0.0
01,29,2004,0.0
01,30,2004,15.5
01,31,2004,0.0
02,01,2004,0.0
02,02,2004,0.0
02,03,2004,0.0
02,04,2004,0.0
02,05,2004,0.0
02,06,2004,0.0
02,07,2004,0.0
02,08,2004,0.0
02,09,2004,0.0
02,10,2004,0.0
02,11,2004,0.0
02,12,2004,0.0
02,13,2004,0.0
02,14,2004,0.0
02,15,2004,0.0
02,16,2004,0.0
02,17,2004,0.0
02,18,2004,0.0
02,19,2004,0.0
02,20,2004,0.0
02,21,2004,0.0
02,22,2004,0.0
02,23,2004,0.0
02,24,2004,0.0
02,25,2004,0.0
02,26,2004,0.0
02,27,2004,0.0
02,28,2004,0.0
02,29,2004,0.0
03,01,2004,0.0
03,02,2004,0.0
03,03,2004,0.0
03,04,2004,0.0
03,05,2004,0.0
03,06,2004,0.0
03,07,2004,0.0
03,08,2004,0.0
03,09,2004,0.0
03,10,2004,0.0
03,11,2004,0.0
03,12,2004,0.0
03,13,2004,0.0
03,14,2004,0.0
03,15,2004,0.0
03,16,2004,0.0
03,17,2004,0.0
03,18,2004,0.0
03,19,2004,0.0
03,20,2004,0.0
03,21,2004,0.0
03,22,2004,0.0
03,23,2004,0.0
03,24,2004,0.0
03,25,2004,0.0
03,26,2004,0.0
03,27,2004,0.0
03,28,2004,0.0
03,29,2004,0.0
03,30,2004,2.2
03,31,2004,0.0
04,01,2004,0.0
04,02,2004,0.0
04,03,2004,0.0
04,04,2004,0.0
04,05,2004,0.0
04,06,2004,0.0
04,07,2004,0.0
04,08,2004,0.0
04,09,2004,0.0
04,10,2004,0.0
04,11,2004,0.0
04,12,2004,0.0
04,13,2004,0.0
04,14,2004,0.0
04,15,2004,0.0
04,16,2004,0.0
04,17,2004,0.0
04,18,2004,0.0
04,19,2004,0.0
04,20,2004,0.0
04,21,2004,0.0
04,22,2004,0.0
04,23,2004,0.0
04,24,2004,0.0
04,25,2004,0.0
04,26,2004,0.0
04,27,2004,0.0
04,28,2004,0.0
04,29,2004,2.5
04,30,2004,0.0
05,01,2004,0.0
05,02,2004,1.0
05,03,2004,0.0
05,04,2004,0.0
05,05,2004,0.0
05,06,2004,0.0
05,07,2004,0.0
05,08,2004,0.0
05,09,2004,0.0
05,10,2004,0.0
05,11,2004,0.0
05,12,2004,0.0
05,13,2004,0.0
05,14,2004,0.0
05,15,2004,0.0
05,16,2004,0.0
05,17,2004,0.0
05,18,2004,0.0
05,19,2004,0.0
05,20,2004,0.0
05,21,2004,3.7
05,22,2004,0.0
05,23,2004,0.0
05,24,2004,0.0
05,25,2004,0.0
05,26,2004,0.0
05,27,2004,0.0
05,28,2004,0.0
05,29,2004,0.0
05,30,2004,10.0
05,31,2004,0.0
06,01,2004,0.0
06,02,2004,0.0
06,03,2004,15.0
06,04,2004,0.0
06,05,2004,7.9
06,06,2004,0.0
06,07,2004,0.0
06,08,2004,0.0
06,09,2004,4.0
06,10,2004,12.8
06,11,2004,3.5
06,12,2004,0.0
06,13,2004,0.0
06,14,2004,12.0
06,15,2004,0.0
06,16,2004,5.0
06,17,2004,3.5
06,18,2004,0.0
06,19,2004,2.0
06,20,2004,0.0
06,21,2004,2.5
06,22,2004,10.4
06,23,2004,20.0
06,24,2004,10.0
06,25,2004,0.0
06,26,2004,2.5
06,27,2004,5.0
06,28,2004,35.0
06,29,2004,6.4
06,30,2004,2.0
07,01,2004,1.6
07,02,2004,0.0
07,03,2004,1.4
07,04,2004,7.0
07,05,2004,30.0
07,06,2004,18.3
07,07,2004,2.5
07,08,2004,0.0
07,09,2004,10.0
07,10,2004,5.0
07,11,2004,0.0
07,12,2004,3.5
07,13,2004,0.0
07,14,2004,8.2
07,15,2004,5.5
07,16,2004,4.0
07,17,2004,10.0
07,18,2004,8.0
07,19,2004,15.0
07,20,2004,16.0
07,21,2004,6.0
07,22,2004,0.0
07,23,2004,0.0
07,24,2004,0.0
07,25,2004,10.0
07,26,2004,25.0
07,27,2004,0.0
07,28,2004,0.0
07,29,2004,0.0
07,30,2004,0.0
07,31,2004,0.0
08,01,2004,0.0
08,02,2004,0.0
08,03,2004,0.0
08,04,2004,5.0
08,05,2004,0.0
08,06,2004,0.0
08,07,2004,3.5
08,08,2004,0.0
08,09,2004,0.0
08,10,2004,0.0
08,11,2004,1.6
08,12,2004,0.0
08,13,2004,1.5
08,14,2004,0.0
08,15,2004,0.0
08,16,2004,0.0
08,17,2004,0.0
08,18,2004,2.5
08,19,2004,0.0
08,20,2004,16.0
08,21,2004,12.0
08,22,2004,4.8
08,23,2004,2.7
08,24,2004,0.0
08,25,2004,13.5
08,26,2004,8.0
08,27,2004,2.9
08,28,2004,14.0
08,29,2004,22.0
08,30,2004,24.0
08,31,2004,0.0
09,01,2004,6.3
09,02,2004,2.2
09,03,2004,0.0
09,04,2004,12.0
09,05,2004,1.0
09,06,2004,1.9
09,07,2004,4.9
09,08,2004,2.0
09,09,2004,0.0
09,10,2004,0.0
09,11,2004,0.0
09,12,2004,12.0
09,13,2004,19.5
09,14,2004,0.0
09,15,2004,15.0
09,16,2004,8.0
09,17,2004,2.0
09,18,2004,9.0
09,19,2004,2.0
09,20,2004,6.8
09,21,2004,0.0
09,22,2004,0.0
09,23,2004,3.6
09,24,2004,3.4
09,25,2004,0.0
09,26,2004,15.0
09,27,2004,14.4
09,28,2004,20.0
09,29,2004,25.0
09,30,2004,0.0
10,01,2004,5.0
10,02,2004,0.0
10,03,2004,0.0
10,04,2004,0.0
10,05,2004,23.8
10,06,2004,20.0
10,07,2004,0.0
10,08,2004,16.0
10,09,2004,18.0
10,10,2004,0.0
10,11,2004,2.5
10,12,2004,40.0
10,13,2004,7.0
10,14,2004,0.0
10,15,2004,2.1
10,16,2004,16.0
10,17,2004,15.0
10,18,2004,10.8
10,19,2004,0.0
10,20,2004,0.0
10,21,2004,0.0
10,22,2004,0.0
10,23,2004,0.0
10,24,2004,2.0
10,25,2004,3.5
10,26,2004,0.0
10,27,2004,0.0
10,28,2004,0.0
10,29,2004,0.0
10,30,2004,0.0
10,31,2004,0.0
11,01,2004,0.0
11,02,2004,0.0
11,03,2004,0.0
11,04,2004,0.0
11,05,2004,0.0
11,06,2004,0.0
11,07,2004,0.0
11,08,2004,0.0
11,09,2004,0.0
11,10,2004,0.0
11,11,2004,0.0
11,12,2004,0.0
11,13,2004,0.0
11,14,2004,0.0
11,15,2004,0.0
11,16,2004,0.0
11,17,2004,0.0
11,18,2004,0.0
11,19,2004,0.0
11,20,2004,0.0
11,21,2004,0.0
11,22,2004,0.0
11,23,2004,0.0
11,24,2004,0.0
11,25,2004,0.0
11,26,2004,0.0
11,27,2004,0.0
11,28,2004,0.0
11,29,2004,0.0
11,30,2004,0.0
12,01,2004,0.0
12,02,2004,0.0
12,03,2004,0.0
12,04,2004,0.0
12,05,2004,0.0
12,06,2004,0.0
12,07,2004,0.0
12,08,2004,0.0
12,09,2004,0.0
12,10,2004,0.0
12,11,2004,0.0
12,12,2004,0.0
12,13,2004,0.0
12,14,2004,0.0
12,15,2004,0.0
12,16,2004,0.0
12,17,2004,0.0
12,18,2004,0.0
12,19,2004,0.0
12,20,2004,0.0
12,21,2004,0.0
12,22,2004,0.0
12,23,2004,0.0
12,24,2004,0.0
12,25,2004,0.0
12,26,2004,0.0
12,27,2004,0.0
12,28,2004,0.0
12,29,2004,0.0
12,30,2004,0.0
12,31,2004,0.0
01,01,2005,0.0
01,02,2005,0.0
01,03,2005,0.0
01,04,2005,0.0
01,05,2005,0.0
01,06,2005,0.0
01,07,2005,0.0
01,08,2005,0.0
01,09,2005,0.0
01,10,2005,0.0
01,11,2005,0.0
01,12,2005,0.0
01,13,2005,0.0
01,14,2005,0.0
01,15,2005,0.0
01,16,2005,0.0
01,17,2005,0.0
01,18,2005,0.0
01,19,2005,0.0
01,20,2005,0.0
01,21,2005,0.0
01,22,2005,0.0
01,23,2005,0.0
01,24,2005,0.0
01,25,2005,0.0
01,26,2005,0.0
01,27,2005,0.0
01,28,2005,0.0
01,29,2005,0.0
01,30,2005,0.0
01,31,2005,0.0
02,01,2005,0.0
02,02,2005,0.0
02,03,2005,0.0
02,04,2005,0.0
02,05,2005,0.0
02,06,2005,0.0
02,07,2005,0.0
02,08,2005,0.0
02,09,2005,0.0
02,10,2005,0.0
02,11,2005,0.0
02,12,2005,0.0
02,13,2005,0.0
02,14,2005,0.0
02,15,2005,0.0
02,16,2005,0.0
02,17,2005,0.0
02,18,2005,0.0
02,19,2005,0.0
02,20,2005,0.0
02,21,2005,0.0
02,22,2005,0.0
02,23,2005,0.0
02,24,2005,0.0
02,25,2005,0.0
02,26,2005,0.0
02,27,2005,0.0
02,28,2005,0.0
03,01,2005,0.0
03,02,2005,0.0
03,03,2005,0.0
03,04,2005,0.0
03,05,2005,0.0
03,06,2005,0.0
03,07,2005,0.0
03,08,2005,0.0
03,09,2005,0.0
03,10,2005,0.0
03,11,2005,0.0
03,12,2005,0.0
03,13,2005,0.0
03,14,2005,4.0
03,15,2005,0.0
03,16,2005,0.0
03,17,2005,0.0
03,18,2005,0.0
03,19,2005,0.0
03,20,2005,0.0
03,21,2005,0.0
03,22,2005,0.0
03,23,2005,0.0
03,24,2005,0.0
03,25,2005,0.0
03,26,2005,0.0
03,27,2005,0.0
03,28,2005,0.0
03,29,2005,0.0
03,30,2005,0.0
03,31,2005,0.0
04,01,2005,0.0
04,02,2005,0.0
04,03,2005,0.0
04,04,2005,0.0
04,05,2005,0.0
04,06,2005,0.0
04,07,2005,0.0
04,08,2005,0.0
04,09,2005,0.0
04,10,2005,0.0
04,11,2005,0.0
04,12,2005,0.0
04,13,2005,0.0
04,14,2005,2.0
04,15,2005,3.0
04,16,2005,0.0
04,17,2005,0.0
04,18,2005,0.0
04,19,2005,0.0
04,20,2005,0.0
04,21,2005,0.0
04,22,2005,0.0
04,23,2005,18.0
04,24,2005,0.0
04,25,2005,0.0
04,26,2005,0.0
04,27,2005,0.0
04,28,2005,0.0
04,29,2005,0.0
04,30,2005,0.0
05,01,2005,0.0
05,02,2005,0.0
05,03,2005,0.0
05,04,2005,0.0
05,05,2005,13.2
05,06,2005,0.0
05,07,2005,0.0
05,08,2005,0.0
05,09,2005,0.0
05,10,2005,0.0
05,11,2005,2.4
05,12,2005,0.0
05,13,2005,11.0
05,14,2005,0.0
05,15,2005,7.8
05,16,2005,0.0
05,17,2005,0.0
05,18,2005,0.0
05,19,2005,0.0
05,20,2005,0.0
05,21,2005,10.0
05,22,2005,2.0
05,23,2005,0.0
05,24,2005,0.0
05,25,2005,0.0
05,26,2005,0.0
05,27,2005,0.0
05,28,2005,0.0
05,29,2005,0.0
05,30,2005,0.0
05,31,2005,0.0
06,01,2005,0.6
06,02,2005,0.0
06,03,2005,0.0
06,04,2005,0.0
06,05,2005,0.0
06,06,2005,0.0
06,07,2005,0.0
06,08,2005,0.0
06,09,2005,3.8
06,10,2005,4.0
06,11,2005,9.9
06,12,2005,0.0
06,13,2005,0.0
06,14,2005,0.0
06,15,2005,0.0
06,16,2005,0.0
06,17,2005,0.0
06,18,2005,0.0
06,19,2005,0.0
06,20,2005,0.0
06,21,2005,9.4
06,22,2005,0.0
06,23,2005,0.0
06,24,2005,0.0
06,25,2005,0.0
06,26,2005,0.0
06,27,2005,0.0
06,28,2005,0.0
06,29,2005,0.0
06,30,2005,0.0
07,01,2005,0.0
07,02,2005,2.0
07,03,2005,7.5
07,04,2005,5.0
07,05,2005,0.0
07,06,2005,0.0
07,07,2005,5.5
07,08,2005,8.3
07,09,2005,15.0
07,10,2005,0.0
07,11,2005,0.0
07,12,2005,2.5
07,13,2005,0.0
07,14,2005,0.0
07,15,2005,0.0
07,16,2005,0.0
07,17,2005,0.0
07,18,2005,0.0
07,19,2005,5.0
07,20,2005,2.0
07,21,2005,0.0
07,22,2005,0.0
07,23,2005,4.5
07,24,2005,8.5
07,25,2005,0.0
07,26,2005,10.0
07,27,2005,12.0
07,28,2005,2.5
07,29,2005,20.0
07,30,2005,15.0
07,31,2005,8.0
08,01,2005,3.0
08,02,2005,0.0
08,03,2005,8.0
08,04,2005,0.0
08,05,2005,0.0
08,06,2005,0.0
08,07,2005,0.0
08,08,2005,0.0
08,09,2005,2.0
08,10,2005,2.0
08,11,2005,3.6
08,12,2005,5.2
08,13,2005,14.8
08,14,2005,2.0
08,15,2005,3.7
08,16,2005,0.0
08,17,2005,0.0
08,18,2005,0.0
08,19,2005,0.0
08,20,2005,4.0
08,21,2005,20.0
08,22,2005,5.0
08,23,2005,2.0
08,24,2005,10.3
08,25,2005,20.5
08,26,2005,5.0
08,27,2005,0.0
08,28,2005,0.0
08,29,2005,0.0
08,30,2005,38.0
08,31,2005,6.1
09,01,2005,21.7
09,02,2005,2.3
09,03,2005,5.4
09,04,2005,2.6
09,05,2005,1.0
09,06,2005,0.0
09,07,2005,0.0
09,08,2005,4.0
09,09,2005,1.0
09,10,2005,0.0
09,11,2005,0.0
09,12,2005,20.0
09,13,2005,2.5
09,14,2005,8.3
09,15,2005,0.0
09,16,2005,0.0
09,17,2005,0.0
09,18,2005,0.0
09,19,2005,0.0
09,20,2005,0.0
09,21,2005,0.0
09,22,2005,0.0
09,23,2005,0.0
09,24,2005,10.0
09,25,2005,10.5
09,26,2005,2.4
09,27,2005,0.0
09,28,2005,0.0
09,29,2005,3.5
09,30,2005,0.0
10,01,2005,0.0
10,02,2005,0.0
10,03,2005,14.7
10,04,2005,0.0
10,05,2005,21.0
10,06,2005,4.5
10,07,2005,0.0
10,08,2005,0.0
10,09,2005,0.0
10,10,2005,0.0
10,11,2005,0.0
10,12,2005,0.0
10,13,2005,0.0
10,14,2005,0.0
10,15,2005,0.0
10,16,2005,0.0
10,17,2005,0.0
10,18,2005,0.0
10,19,2005,0.0
10,20,2005,0.0
10,21,2005,0.0
10,22,2005,0.0
10,23,2005,0.0
10,24,2005,0.0
10,25,2005,0.0
10,26,2005,0.0
10,27,2005,0.0
10,28,2005,0.0
10,29,2005,0.0
10,30,2005,0.0
10,31,2005,0.0
11,01,2005,0.0
11,02,2005,0.0
11,03,2005,0.0
11,04,2005,0.0
11,05,2005,0.0
11,06,2005,0.0
11,07,2005,0.0
11,08,2005,0.0
11,09,2005,0.0
11,10,2005,0.0
11,11,2005,0.0
11,12,2005,0.0
11,13,2005,0.0
11,14,2005,0.0
11,15,2005,0.0
11,16,2005,0.0
11,17,2005,0.0
11,18,2005,0.0
11,19,2005,0.0
11,20,2005,0.0
11,21,2005,0.0
11,22,2005,0.0
11,23,2005,0.0
11,24,2005,0.0
11,25,2005,0.0
11,26,2005,0.0
11,27,2005,0.0
11,28,2005,0.0
11,29,2005,0.0
11,30,2005,0.0
12,01,2005,0.0
12,02,2005,0.0
12,03,2005,0.0
12,04,2005,0.0
12,05,2005,0.0
12,06,2005,0.0
12,07,2005,0.0
12,08,2005,0.0
12,09,2005,0.0
12,10,2005,0.0
12,11,2005,0.0
12,12,2005,0.0
12,13,2005,0.0
12,14,2005,0.0
12,15,2005,0.0
12,16,2005,0.0
12,17,2005,0.0
12,18,2005,0.0
12,19,2005,0.0
12,20,2005,0.0
12,21,2005,0.0
12,22,2005,0.0
12,23,2005,0.0
12,24,2005,0.0
12,25,2005,0.0
12,26,2005,0.0
12,27,2005,0.0
12,28,2005,0.0
12,29,2005,0.0
12,30,2005,0.0
12,31,2005,0.0
01,01,2006,0.0
01,02,2006,0.0
01,03,2006,0.0
01,04,2006,0.0
01,05,2006,0.0
01,06,2006,0.0
01,07,2006,0.0
01,08,2006,0.0
01,09,2006,0.0
01,10,2006,0.0
01,11,2006,0.0
01,12,2006,0.0
01,13,2006,0.0
01,14,2006,0.0
01,15,2006,0.0
01,16,2006,0.0
01,17,2006,0.0
01,18,2006,0.0
01,19,2006,0.0
01,20,2006,0.0
01,21,2006,0.0
01,22,2006,0.0
01,23,2006,0.0
01,24,2006,0.0
01,25,2006,0.0
01,26,2006,0.0
01,27,2006,0.0
01,28,2006,0.0
01,29,2006,0.0
01,30,2006,0.0
01,31,2006,0.0
02,01,2006,0.0
02,02,2006,0.0
02,03,2006,0.0
02,04,2006,0.0
02,05,2006,0.0
02,06,2006,0.0
02,07,2006,0.0
02,08,2006,0.0
02,09,2006,0.0
02,10,2006,0.0
02,11,2006,0.0
02,12,2006,0.0
02,13,2006,0.0
02,14,2006,0.0
02,15,2006,0.0
02,16,2006,0.0
02,17,2006,0.0
02,18,2006,0.0
02,19,2006,0.0
02,20,2006,0.0
02,21,2006,0.0
02,22,2006,0.0
02,23,2006,0.0
02,24,2006,0.0
02,25,2006,0.0
02,26,2006,0.0
02,27,2006,0.0
02,28,2006,0.0
03,01,2006,0.0
03,02,2006,0.0
03,03,2006,0.0
03,04,2006,1.0
03,05,2006,0.0
03,06,2006,0.0
03,07,2006,0.0
03,08,2006,0.0
03,09,2006,0.0
03,10,2006,0.0
03,11,2006,0.0
03,12,2006,0.0
03,13,2006,0.0
03,14,2006,0.0
03,15,2006,0.0
03,16,2006,0.0
03,17,2006,0.0
03,18,2006,0.0
03,19,2006,0.0
03,20,2006,0.0
03,21,2006,0.0
03,22,2006,0.0
03,23,2006,0.0
03,24,2006,3.2
03,25,2006,4.5
03,26,2006,0.0
03,27,2006,0.0
03,28,2006,0.0
03,29,2006,0.0
03,30,2006,0.0
03,31,2006,0.0
04,01,2006,0.0
04,02,2006,0.0
04,03,2006,0.0
04,04,2006,6.2
04,05,2006,0.0
04,06,2006,0.0
04,07,2006,0.0
04,08,2006,0.0
04,09,2006,0.0
04,10,2006,0.0
04,11,2006,0.0
04,12,2006,0.0
04,13,2006,0.0
04,14,2006,0.0
04,15,2006,2.0
04,16,2006,0.0
04,17,2006,0.0
04,18,2006,0.0
04,19,2006,0.0
04,20,2006,0.0
04,21,2006,0.0
04,22,2006,0.0
04,23,2006,0.0
04,24,2006,0.0
04,25,2006,0.0
04,26,2006,0.0
04,27,2006,0.0
04,28,2006,0.0
04,29,2006,0.0
04,30,2006,4.0
05,01,2006,0.0
05,02,2006,0.0
05,03,2006,0.0
05,04,2006,0.0
05,05,2006,0.0
05,06,2006,16.4
05,07,2006,0.0
05,08,2006,0.0
05,09,2006,0.0
05,10,2006,0.0
05,11,2006,0.0
05,12,2006,0.0
05,13,2006,0.0
05,14,2006,0.0
05,15,2006,0.0
05,16,2006,0.0
05,17,2006,0.0
05,18,2006,10.0
05,19,2006,5.0
05,20,2006,0.0
05,21,2006,0.0
05,22,2006,0.0
05,23,2006,0.0
05,24,2006,0.0
05,25,2006,0.0
05,26,2006,0.0
05,27,2006,0.0
05,28,2006,0.0
05,29,2006,0.0
05,30,2006,18.2
05,31,2006,9.5
06,01,2006,10.0
06,02,2006,0.0
06,03,2006,8.5
06,04,2006,1.0
06,05,2006,23.0
06,06,2006,0.0
06,07,2006,0.0
06,08,2006,0.0
06,09,2006,0.0
06,10,2006,0.0
06,11,2006,0.0
06,12,2006,10.2
06,13,2006,6.9
06,14,2006,0.0
06,15,2006,8.0
06,16,2006,5.0
06,17,2006,0.0
06,18,2006,9.0
06,19,2006,0.0
06,20,2006,2.1
06,21,2006,4.0
06,22,2006,18.0
06,23,2006,0.0
06,24,2006,0.0
06,25,2006,0.0
06,26,2006,0.0
06,27,2006,0.0
06,28,2006,0.0
06,29,2006,0.0
06,30,2006,0.0
07,01,2006,0.0
07,02,2006,0.0
07,03,2006,3.2
07,04,2006,2.0
07,05,2006,0.0
07,06,2006,0.0
07,07,2006,0.5
07,08,2006,0.0
07,09,2006,12.4
07,10,2006,33.6
07,11,2006,3.9
07,12,2006,0.0
07,13,2006,2.7
07,14,2006,0.0
07,15,2006,0.0
07,16,2006,0.0
07,17,2006,0.0
07,18,2006,0.0
07,19,2006,0.0
07,20,2006,0.0
07,21,2006,34.7
07,22,2006,60.0
07,23,2006,9.0
07,24,2006,0.0
07,25,2006,1.5
07,26,2006,0.0
07,27,2006,0.0
07,28,2006,6.9
07,29,2006,1.5
07,30,2006,0.0
07,31,2006,5.2
08,01,2006,9.5
08,02,2006,22.2
08,03,2006,0.0
08,04,2006,0.0
08,05,2006,0.0
08,06,2006,0.0
08,07,2006,0.0
08,08,2006,2.0
08,09,2006,5.0
08,10,2006,25.0
08,11,2006,20.6
08,12,2006,10.0
08,13,2006,0.0
08,14,2006,15.2
08,15,2006,10.0
08,16,2006,0.0
08,17,2006,0.0
08,18,2006,2.5
08,19,2006,10.0
08,20,2006,12.2
08,21,2006,20.0
08,22,2006,16.2
08,23,2006,0.0
08,24,2006,2.5
08,25,2006,10.0
08,26,2006,40.0
08,27,2006,0.0
08,28,2006,0.0
08,29,2006,0.6
08,30,2006,22.5
08,31,2006,5.6
09,01,2006,3.0
09,02,2006,6.2
09,03,2006,5.5
09,04,2006,7.1
09,05,2006,15.4
09,06,2006,17.4
09,07,2006,1.5
09,08,2006,4.1
09,09,2006,1.0
09,10,2006,2.0
09,11,2006,0.0
09,12,2006,0.0
09,13,2006,0.0
09,14,2006,0.0
09,15,2006,0.0
09,16,2006,0.0
09,17,2006,14.0
09,18,2006,10.6
09,19,2006,0.0
09,20,2006,6.5
09,21,2006,10.5
09,22,2006,15.0
09,23,2006,2.5
09,24,2006,0.0
09,25,2006,0.0
09,26,2006,2.0
09,27,2006,0.0
09,28,2006,2.9
09,29,2006,0.0
09,30,2006,0.0
10,01,2006,0.0
10,02,2006,0.0
10,03,2006,0.0
10,04,2006,0.0
10,05,2006,0.0
10,06,2006,0.0
10,07,2006,0.0
10,08,2006,0.0
10,09,2006,0.0
10,10,2006,0.0
10,11,2006,0.0
10,12,2006,0.0
10,13,2006,0.0
10,14,2006,15.3
10,15,2006,7.5
10,16,2006,0.0
10,17,2006,0.0
10,18,2006,0.0
10,19,2006,0.0
10,20,2006,2.4
10,21,2006,0.0
10,22,2006,5.0
10,23,2006,0.0
10,24,2006,2.5
10,25,2006,6.2
10,26,2006,0.0
10,27,2006,51.0
10,28,2006,0.0
10,29,2006,0.0
10,30,2006,0.0
10,31,2006,0.0
11,01,2006,0.0
11,02,2006,0.0
11,03,2006,0.0
11,04,2006,0.0
11,05,2006,0.0
11,06,2006,0.0
11,07,2006,4.7
11,08,2006,0.0
11,09,2006,2.5
11,10,2006,0.0
11,11,2006,10.5
11,12,2006,0.0
11,13,2006,3.5
11,14,2006,0.0
11,15,2006,0.0
11,16,2006,7.2
11,17,2006,0.0
11,18,2006,15.0
11,19,2006,30.0
11,20,2006,0.0
11,21,2006,0.0
11,22,2006,0.0
11,23,2006,0.0
11,24,2006,0.0
11,25,2006,0.0
11,26,2006,0.0
11,27,2006,0.0
11,28,2006,0.0
11,29,2006,0.0
11,30,2006,0.0
12,01,2006,0.0
12,02,2006,0.0
12,03,2006,0.0
12,04,2006,0.0
12,05,2006,0.0
12,06,2006,0.0
12,07,2006,0.0
12,08,2006,0.0
12,09,2006,0.0
12,10,2006,0.0
12,11,2006,0.0
12,12,2006,0.0
12,13,2006,0.0
12,14,2006,0.0
12,15,2006,0.0
12,16,2006,0.0
12,17,2006,0.0
12,18,2006,0.0
12,19,2006,0.0
12,20,2006,0.0
12,21,2006,0.0
12,22,2006,0.0
12,23,2006,0.0
12,24,2006,0.0
12,25,2006,0.0
12,26,2006,0.0
12,27,2006,0.0
12,28,2006,0.0
12,29,2006,0.0
12,30,2006,0.0
12,31,2006,0.0
01,01,2007,0.0
01,02,2007,0.0
01,03,2007,0.0
01,04,2007,0.0
01,05,2007,0.0
01,06,2007,0.0
01,07,2007,0.0
01,08,2007,0.0
01,09,2007,0.0
01,10,2007,0.0
01,11,2007,0.0
01,12,2007,0.0
01,13,2007,0.0
01,14,2007,0.0
01,15,2007,0.0
01,16,2007,0.0
01,17,2007,0.0
01,18,2007,0.0
01,19,2007,0.0
01,20,2007,0.0
01,21,2007,0.0
01,22,2007,0.0
01,23,2007,0.0
01,24,2007,0.0
01,25,2007,0.0
01,26,2007,0.0
01,27,2007,0.0
01,28,2007,0.0
01,29,2007,0.0
01,30,2007,0.0
01,31,2007,0.0
02,01,2007,0.0
02,02,2007,0.0
02,03,2007,0.0
02,04,2007,2.6
02,05,2007,0.0
02,06,2007,0.0
02,07,2007,0.0
02,08,2007,0.0
02,09,2007,0.0
02,10,2007,0.0
02,11,2007,0.0
02,12,2007,0.0
02,13,2007,0.0
02,14,2007,0.0
02,15,2007,0.0
02,16,2007,0.0
02,17,2007,0.0
02,18,2007,0.0
02,19,2007,0.0
02,20,2007,0.0
02,21,2007,0.0
02,22,2007,0.0
02,23,2007,0.0
02,24,2007,0.0
02,25,2007,0.0
02,26,2007,0.0
02,27,2007,0.0
02,28,2007,0.0
03,01,2007,0.0
03,02,2007,0.0
03,03,2007,0.0
03,04,2007,0.0
03,05,2007,0.0
03,06,2007,0.0
03,07,2007,0.0
03,08,2007,0.0
03,09,2007,0.0
03,10,2007,2.2
03,11,2007,0.0
03,12,2007,0.0
03,13,2007,0.0
03,14,2007,0.0
03,15,2007,0.0
03,16,2007,0.0
03,17,2007,0.0
03,18,2007,0.0
03,19,2007,0.0
03,20,2007,0.0
03,21,2007,0.0
03,22,2007,0.0
03,23,2007,0.0
03,24,2007,0.0
03,25,2007,0.0
03,26,2007,0.0
03,27,2007,0.0
03,28,2007,0.0
03,29,2007,0.0
03,30,2007,0.0
03,31,2007,0.5
04,01,2007,0.0
04,02,2007,3.5
04,03,2007,0.0
04,04,2007,0.0
04,05,2007,0.0
04,06,2007,0.0
04,07,2007,0.0
04,08,2007,6.2
04,09,2007,0.0
04,10,2007,0.0
04,11,2007,0.0
04,12,2007,0.0
04,13,2007,0.0
04,14,2007,0.0
04,15,2007,0.0
04,16,2007,0.0
04,17,2007,0.0
04,18,2007,0.0
04,19,2007,0.0
04,20,2007,0.0
04,21,2007,0.0
04,22,2007,22.0
04,23,2007,3.5
04,24,2007,6.0
04,25,2007,20.0
04,26,2007,15.0
04,27,2007,0.0
04,28,2007,0.0
04,29,2007,6.0
04,30,2007,0.0
05,01,2007,0.0
05,02,2007,0.0
05,03,2007,0.0
05,04,2007,0.0
05,05,2007,0.0
05,06,2007,0.0
05,07,2007,0.0
05,08,2007,0.0
05,09,2007,0.0
05,10,2007,0.0
05,11,2007,0.0
05,12,2007,8.3
05,13,2007,26.9
05,14,2007,0.0
05,15,2007,0.0
05,16,2007,0.0
05,17,2007,0.0
05,18,2007,0.0
05,19,2007,0.0
05,20,2007,0.0
05,21,2007,0.0
05,22,2007,2.2
05,23,2007,28.0
05,24,2007,2.2
05,25,2007,2.8
05,26,2007,3.2
05,27,2007,10.0
05,28,2007,0.5
05,29,2007,0.0
05,30,2007,0.0
05,31,2007,0.0
06,01,2007,0.0
06,02,2007,0.0
06,03,2007,0.0
06,04,2007,0.0
06,05,2007,12.0
06,06,2007,0.0
06,07,2007,0.0
06,08,2007,16.2
06,09,2007,2.5
06,10,2007,0.0
06,11,2007,0.0
06,12,2007,0.0
06,13,2007,43.8
06,14,2007,0.0
06,15,2007,1.0
06,16,2007,0.0
06,17,2007,2.7
06,18,2007,1.6
06,19,2007,0.0
06,20,2007,2.2
06,21,2007,15.3
06,22,2007,0.0
06,23,2007,0.0
06,24,2007,43.3
06,25,2007,11.0
06,26,2007,0.0
06,27,2007,0.0
06,28,2007,0.0
06,29,2007,0.0
06,30,2007,0.0
07,01,2007,0.0
07,02,2007,31.0
07,03,2007,5.0
07,04,2007,10.0
07,05,2007,9.2
07,06,2007,8.4
07,07,2007,10.5
07,08,2007,15.0
07,09,2007,5.9
07,10,2007,0.0
07,11,2007,0.0
07,12,2007,0.0
07,13,2007,3.4
07,14,2007,2.5
07,15,2007,0.0
07,16,2007,25.0
07,17,2007,15.5
07,18,2007,0.0
07,19,2007,0.0
07,20,2007,10.0
07,21,2007,2.5
07,22,2007,3.5
07,23,2007,8.2
07,24,2007,0.0
07,25,2007,14.0
07,26,2007,5.0
07,27,2007,11.0
07,28,2007,21.6
07,29,2007,18.2
07,30,2007,12.5
07,31,2007,12.5
08,01,2007,2.5
08,02,2007,5.6
08,03,2007,8.4
08,04,2007,16.4
08,05,2007,29.6
08,06,2007,20.0
08,07,2007,0.0
08,08,2007,0.0
08,09,2007,0.0
08,10,2007,0.0
08,11,2007,0.0
08,12,2007,0.0
08,13,2007,1.0
08,14,2007,0.0
08,15,2007,4.0
08,16,2007,3.0
08,17,2007,10.0
08,18,2007,18.0
08,19,2007,2.0
08,20,2007,2.6
08,21,2007,30.0
08,22,2007,6.5
08,23,2007,12.0
08,24,2007,8.0
08,25,2007,22.0
08,26,2007,10.3
08,27,2007,5.0
08,28,2007,10.0
08,29,2007,0.0
08,30,2007,0.0
08,31,2007,4.8
09,01,2007,6.2
09,02,2007,3.5
09,03,2007,3.0
09,04,2007,7.0
09,05,2007,10.0
09,06,2007,0.0
09,07,2007,23.0
09,08,2007,20.0
09,09,2007,10.7
09,10,2007,2.5
09,11,2007,12.2
09,12,2007,5.6
09,13,2007,9.2
09,14,2007,0.0
09,15,2007,0.0
09,16,2007,0.0
09,17,2007,0.0
09,18,2007,0.0
09,19,2007,5.0
09,20,2007,4.5
09,21,2007,6.0
09,22,2007,10.0
09,23,2007,20.0
09,24,2007,0.0
09,25,2007,0.5
09,26,2007,0.0
09,27,2007,6.9
09,28,2007,0.0
09,29,2007,0.0
09,30,2007,0.0
10,01,2007,0.0
10,02,2007,0.0
10,03,2007,0.0
10,04,2007,0.0
10,05,2007,0.0
10,06,2007,15.0
10,07,2007,27.0
10,08,2007,25.0
10,09,2007,1.0
10,10,2007,1.9
10,11,2007,0.0
10,12,2007,0.0
10,13,2007,0.0
10,14,2007,0.0
10,15,2007,4.7
10,16,2007,0.0
10,17,2007,2.1
10,18,2007,2.5
10,19,2007,0.0
10,20,2007,0.0
10,21,2007,0.0
10,22,2007,8.2
10,23,2007,2.0
10,24,2007,0.0
10,25,2007,0.0
10,26,2007,0.0
10,27,2007,0.0
10,28,2007,0.0
10,29,2007,0.0
10,30,2007,0.0
10,31,2007,0.0
11,01,2007,0.0
11,02,2007,0.0
11,03,2007,0.0
11,04,2007,0.0
11,05,2007,0.0
11,06,2007,0.0
11,07,2007,0.0
11,08,2007,0.0
11,09,2007,0.0
11,10,2007,0.0
11,11,2007,0.0
11,12,2007,0.0
11,13,2007,0.0
11,14,2007,3.3
11,15,2007,0.0
11,16,2007,0.0
11,17,2007,0.0
11,18,2007,0.0
11,19,2007,0.0
11,20,2007,0.0
11,21,2007,0.0
11,22,2007,0.0
11,23,2007,0.0
11,24,2007,0.0
11,25,2007,0.0
11,26,2007,0.0
11,27,2007,0.0
11,28,2007,0.0
11,29,2007,0.0
11,30,2007,0.0
12,01,2007,0.0
12,02,2007,0.0
12,03,2007,0.0
12,04,2007,0.0
12,05,2007,0.0
12,06,2007,0.0
12,07,2007,0.0
12,08,2007,0.0
12,09,2007,0.0
12,10,2007,0.0
12,11,2007,0.0
12,12,2007,0.0
12,13,2007,0.0
12,14,2007,0.0
12,15,2007,0.0
12,16,2007,0.0
12,17,2007,0.0
12,18,2007,0.0
12,19,2007,0.0
12,20,2007,0.0
12,21,2007,0.0
12,22,2007,0.0
12,23,2007,0.0
12,24,2007,0.0
12,25,2007,0.0
12,26,2007,0.0
12,27,2007,0.0
12,28,2007,0.0
12,29,2007,0.0
12,30,2007,0.0
12,31,2007,0.0
01,01,2008,0.0
01,02,2008,0.0
01,03,2008,0.0
01,04,2008,0.0
01,05,2008,0.0
01,06,2008,0.0
01,07,2008,0.0
01,08,2008,0.0
01,09,2008,0.0
01,10,2008,0.0
01,11,2008,0.0
01,12,2008,0.0
01,13,2008,0.0
01,14,2008,0.0
01,15,2008,0.0
01,16,2008,0.0
01,17,2008,0.0
01,18,2008,0.0
01,19,2008,0.0
01,20,2008,0.0
01,21,2008,0.0
01,22,2008,0.0
01,23,2008,0.0
01,24,2008,0.0
01,25,2008,0.0
01,26,2008,0.0
01,27,2008,0.0
01,28,2008,0.0
01,29,2008,0.0
01,30,2008,0.0
01,31,2008,0.0
02,01,2008,0.0
02,02,2008,0.0
02,03,2008,0.0
02,04,2008,0.0
02,05,2008,0.0
02,06,2008,0.0
02,07,2008,0.0
02,08,2008,0.0
02,09,2008,0.0
02,10,2008,0.0
02,11,2008,0.0
02,12,2008,0.0
02,13,2008,0.0
02,14,2008,0.0
02,15,2008,0.0
02,16,2008,0.0
02,17,2008,0.0
02,18,2008,0.0
02,19,2008,0.0
02,20,2008,0.0
02,21,2008,0.0
02,22,2008,0.0
02,23,2008,0.0
02,24,2008,0.0
02,25,2008,0.0
02,26,2008,0.0
02,27,2008,0.0
02,28,2008,0.0
02,29,2008,0.0
03,01,2008,0.0
03,02,2008,0.0
03,03,2008,0.0
03,04,2008,0.0
03,05,2008,0.0
03,06,2008,0.0
03,07,2008,0.0
03,08,2008,0.0
03,09,2008,0.0
03,10,2008,0.0
03,11,2008,0.0
03,12,2008,0.0
03,13,2008,0.0
03,14,2008,0.0
03,15,2008,0.0
03,16,2008,0.0
03,17,2008,0.0
03,18,2008,0.0
03,19,2008,0.0
03,20,2008,0.0
03,21,2008,0.0
03,22,2008,0.0
03,23,2008,0.0
03,24,2008,0.0
03,25,2008,0.0
03,26,2008,0.0
03,27,2008,0.0
03,28,2008,0.0
03,29,2008,0.0
03,30,2008,0.0
03,31,2008,0.0
04,01,2008,0.0
04,02,2008,0.0
04,03,2008,0.0
04,04,2008,0.0
04,05,2008,0.0
04,06,2008,0.0
04,07,2008,0.0
04,08,2008,0.0
04,09,2008,0.0
04,10,2008,0.0
04,11,2008,0.0
04,12,2008,0.0
04,13,2008,0.0
04,14,2008,0.0
04,15,2008,0.0
04,16,2008,0.0
04,17,2008,0.0
04,18,2008,4.2
04,19,2008,0.0
04,20,2008,0.0
04,21,2008,0.0
04,22,2008,0.0
04,23,2008,0.0
04,24,2008,0.0
04,25,2008,1.0
04,26,2008,0.0
04,27,2008,0.0
04,28,2008,16.2
04,29,2008,0.0
04,30,2008,0.0
05,01,2008,0.0
05,02,2008,0.0
05,03,2008,0.0
05,04,2008,0.0
05,05,2008,0.0
05,06,2008,0.0
05,07,2008,0.0
05,08,2008,0.0
05,09,2008,0.0
05,10,2008,0.0
05,11,2008,0.0
05,12,2008,0.0
05,13,2008,3.4
05,14,2008,0.0
05,15,2008,0.0
05,16,2008,0.0
05,17,2008,0.0
05,18,2008,13.7
05,19,2008,0.0
05,20,2008,0.0
05,21,2008,0.0
05,22,2008,0.0
05,23,2008,0.0
05,24,2008,0.0
05,25,2008,2.0
05,26,2008,11.5
05,27,2008,0.0
05,28,2008,0.0
05,29,2008,0.0
05,30,2008,0.0
05,31,2008,0.0
06,01,2008,0.0
06,02,2008,0.0
06,03,2008,2.0
06,04,2008,7.0
06,05,2008,10.0
06,06,2008,14.5
06,07,2008,40.5
06,08,2008,23.0
06,09,2008,0.0
06,10,2008,0.0
06,11,2008,0.0
06,12,2008,5.1
06,13,2008,1.0
06,14,2008,10.0
06,15,2008,15.0
06,16,2008,0.0
06,17,2008,10.4
06,18,2008,20.8
06,19,2008,0.0
06,20,2008,0.0
06,21,2008,7.5
06,22,2008,0.0
06,23,2008,2.0
06,24,2008,0.0
06,25,2008,0.0
06,26,2008,2.0
06,27,2008,10.0
06,28,2008,15.0
06,29,2008,30.0
06,30,2008,25.0
07,01,2008,40.5
07,02,2008,10.0
07,03,2008,40.0
07,04,2008,0.0
07,05,2008,15.0
07,06,2008,10.5
07,07,2008,14.5
07,08,2008,24.0
07,09,2008,26.6
07,10,2008,5.0
07,11,2008,8.5
07,12,2008,0.0
07,13,2008,30.0
07,14,2008,18.0
07,15,2008,10.0
07,16,2008,7.8
07,17,2008,6.6
07,18,2008,0.0
07,19,2008,1.1
07,20,2008,10.0
07,21,2008,2.5
07,22,2008,2.9
07,23,2008,18.0
07,24,2008,16.6
07,25,2008,5.6
07,26,2008,20.5
07,27,2008,10.0
07,28,2008,10.4
07,29,2008,0.0
07,30,2008,2.0
07,31,2008,5.0
08,01,2008,10.5
08,02,2008,8.9
08,03,2008,0.0
08,04,2008,3.5
08,05,2008,20.0
08,06,2008,0.1
08,07,2008,0.0
08,08,2008,2.0
08,09,2008,10.5
08,10,2008,5.8
08,11,2008,4.5
08,12,2008,5.5
08,13,2008,10.4
08,14,2008,3.5
08,15,2008,0.0
08,16,2008,0.0
08,17,2008,8.0
08,18,2008,17.0
08,19,2008,2.0
08,20,2008,10.5
08,21,2008,11.4
08,22,2008,2.0
08,23,2008,1.0
08,24,2008,0.1
08,25,2008,9.0
08,26,2008,26.5
08,27,2008,7.0
08,28,2008,20.0
08,29,2008,44.2
08,30,2008,10.5
08,31,2008,4.0
09,01,2008,0.5
09,02,2008,10.0
09,03,2008,14.5
09,04,2008,8.3
09,05,2008,5.7
09,06,2008,8.8
09,07,2008,4.3
09,08,2008,2.3
09,09,2008,0.5
09,10,2008,0.0
09,11,2008,0.0
09,12,2008,8.8
09,13,2008,5.0
09,14,2008,5.0
09,15,2008,18.5
09,16,2008,4.0
09,17,2008,6.0
09,18,2008,8.5
09,19,2008,6.5
09,20,2008,12.0
09,21,2008,16.6
09,22,2008,9.7
09,23,2008,5.7
09,24,2008,4.2
09,25,2008,0.0
09,26,2008,0.0
09,27,2008,4.5
09,28,2008,12.8
09,29,2008,0.0
09,30,2008,0.0
10,01,2008,0.0
10,02,2008,0.0
10,03,2008,0.0
10,04,2008,3.5
10,05,2008,6.0
10,06,2008,19.5
10,07,2008,0.0
10,08,2008,0.0
10,09,2008,0.0
10,10,2008,40.0
10,11,2008,0.0
10,12,2008,2.0
10,13,2008,0.0
10,14,2008,0.0
10,15,2008,0.0
10,16,2008,0.0
10,17,2008,0.0
10,18,2008,0.0
10,19,2008,0.0
10,20,2008,0.0
10,21,2008,0.0
10,22,2008,0.0
10,23,2008,0.0
10,24,2008,0.0
10,25,2008,0.0
10,26,2008,0.5
10,27,2008,0.0
10,28,2008,0.0
10,29,2008,0.0
10,30,2008,0.0
10,31,2008,0.0
11,01,2008,0.0
11,02,2008,0.0
11,03,2008,0.0
11,04,2008,0.0
11,05,2008,0.0
11,06,2008,0.0
11,07,2008,0.0
11,08,2008,0.0
11,09,2008,0.0
11,10,2008,0.0
11,11,2008,0.0
11,12,2008,0.0
11,13,2008,0.0
11,14,2008,0.0
11,15,2008,0.0
11,16,2008,0.0
11,17,2008,0.0
11,18,2008,0.0
11,19,2008,0.0
11,20,2008,0.0
11,21,2008,0.0
11,22,2008,0.0
11,23,2008,0.0
11,24,2008,0.0
11,25,2008,0.0
11,26,2008,0.0
11,27,2008,0.0
11,28,2008,0.0
11,29,2008,0.0
11,30,2008,0.0
12,01,2008,0.0
12,02,2008,0.0
12,03,2008,0.0
12,04,2008,0.0
12,05,2008,0.0
12,06,2008,0.0
12,07,2008,0.0
12,08,2008,0.0
12,09,2008,0.0
12,10,2008,0.0
12,11,2008,0.0
12,12,2008,0.0
12,13,2008,0.0
12,14,2008,0.0
12,15,2008,0.0
12,16,2008,0.0
12,17,2008,0.0
12,18,2008,0.0
12,19,2008,0.0
12,20,2008,0.0
12,21,2008,0.0
12,22,2008,0.0
12,23,2008,0.0
12,24,2008,0.0
12,25,2008,0.0
12,26,2008,0.0
12,27,2008,0.0
12,28,2008,0.0
12,29,2008,0.0
12,30,2008,0.0
12,31,2008,0.0
01,01,2009,0.0
01,02,2009,0.0
01,03,2009,0.0
01,04,2009,0.0
01,05,2009,0.0
01,06,2009,0.0
01,07,2009,0.0
01,08,2009,0.0
01,09,2009,0.0
01,10,2009,0.0
01,11,2009,0.0
01,12,2009,0.0
01,13,2009,0.0
01,14,2009,2.1
01,15,2009,0.0
01,16,2009,0.0
01,17,2009,0.0
01,18,2009,0.0
01,19,2009,0.0
01,20,2009,0.0
01,21,2009,0.0
01,22,2009,0.0
01,23,2009,0.0
01,24,2009,0.0
01,25,2009,0.0
01,26,2009,0.0
01,27,2009,0.0
01,28,2009,0.0
01,29,2009,0.0
01,30,2009,0.0
01,31,2009,0.0
02,01,2009,0.0
02,02,2009,0.0
02,03,2009,0.0
02,04,2009,0.0
02,05,2009,0.0
02,06,2009,0.0
02,07,2009,0.0
02,08,2009,0.0
02,09,2009,0.0
02,10,2009,0.0
02,11,2009,0.0
02,12,2009,0.0
02,13,2009,0.0
02,14,2009,0.0
02,15,2009,0.0
02,16,2009,0.0
02,17,2009,0.0
02,18,2009,0.0
02,19,2009,0.0
02,20,2009,0.0
02,21,2009,10.2
02,22,2009,0.0
02,23,2009,0.0
02,24,2009,0.0
02,25,2009,0.0
02,26,2009,0.0
02,27,2009,0.0
02,28,2009,0.0
03,01,2009,0.0
03,02,2009,0.0
03,03,2009,0.0
03,04,2009,0.0
03,05,2009,0.0
03,06,2009,0.0
03,07,2009,0.0
03,08,2009,0.0
03,09,2009,0.0
03,10,2009,0.0
03,11,2009,0.0
03,12,2009,0.0
03,13,2009,0.0
03,14,2009,0.0
03,15,2009,0.0
03,16,2009,0.0
03,17,2009,0.0
03,18,2009,0.0
03,19,2009,0.0
03,20,2009,0.0
03,21,2009,0.0
03,22,2009,0.0
03,23,2009,0.0
03,24,2009,0.0
03,25,2009,0.0
03,26,2009,0.0
03,27,2009,0.0
03,28,2009,0.0
03,29,2009,0.0
03,30,2009,0.0
03,31,2009,0.0
04,01,2009,0.0
04,02,2009,0.0
04,03,2009,0.0
04,04,2009,0.0
04,05,2009,0.0
04,06,2009,0.0
04,07,2009,0.0
04,08,2009,0.0
04,09,2009,0.0
04,10,2009,0.0
04,11,2009,0.0
04,12,2009,0.0
04,13,2009,0.0
04,14,2009,0.0
04,15,2009,15.0
04,16,2009,0.0
04,17,2009,0.0
04,18,2009,0.0
04,19,2009,0.0
04,20,2009,35.0
04,21,2009,0.0
04,22,2009,0.0
04,23,2009,0.0
04,24,2009,0.0
04,25,2009,0.0
04,26,2009,0.0
04,27,2009,0.0
04,28,2009,7.1
04,29,2009,0.0
04,30,2009,0.0
05,01,2009,0.0
05,02,2009,0.0
05,03,2009,0.0
05,04,2009,0.0
05,05,2009,0.0
05,06,2009,0.0
05,07,2009,0.0
05,08,2009,0.0
05,09,2009,0.0
05,10,2009,1.5
05,11,2009,0.0
05,12,2009,0.0
05,13,2009,2.0
05,14,2009,8.1
05,15,2009,7.0
05,16,2009,5.0
05,17,2009,0.0
05,18,2009,0.0
05,19,2009,0.0
05,20,2009,0.0
05,21,2009,0.0
05,22,2009,0.0
05,23,2009,0.0
05,24,2009,0.0
05,25,2009,0.0
05,26,2009,0.0
05,27,2009,0.0
05,28,2009,37.4
05,29,2009,0.0
05,30,2009,7.0
05,31,2009,20.0
06,01,2009,0.0
06,02,2009,0.0
06,03,2009,6.0
06,04,2009,0.0
06,05,2009,0.0
06,06,2009,0.0
06,07,2009,0.0
06,08,2009,0.0
06,09,2009,9.9
06,10,2009,0.0
06,11,2009,0.0
06,12,2009,0.0
06,13,2009,0.0
06,14,2009,0.0
06,15,2009,25.0
06,16,2009,23.0
06,17,2009,10.0
06,18,2009,40.0
06,19,2009,5.3
06,20,2009,9.5
06,21,2009,8.0
06,22,2009,3.0
06,23,2009,0.0
06,24,2009,1.5
06,25,2009,21.5
06,26,2009,15.3
06,27,2009,5.0
06,28,2009,7.9
06,29,2009,15.0
06,30,2009,22.0
07,01,2009,5.0
07,02,2009,17.2
07,03,2009,10.0
07,04,2009,10.4
07,05,2009,16.5
07,06,2009,18.2
07,07,2009,3.0
07,08,2009,20.0
07,09,2009,25.0
07,10,2009,24.3
07,11,2009,0.0
07,12,2009,3.0
07,13,2009,2.5
07,14,2009,1.0
07,15,2009,0.0
07,16,2009,0.0
07,17,2009,0.0
07,18,2009,0.0
07,19,2009,0.0
07,20,2009,0.0
07,21,2009,2.2
07,22,2009,11.0
07,23,2009,0.0
07,24,2009,11.5
07,25,2009,0.0
07,26,2009,5.0
07,27,2009,0.0
07,28,2009,0.0
07,29,2009,0.0
07,30,2009,0.0
07,31,2009,0.0
08,01,2009,0.0
08,02,2009,0.0
08,03,2009,0.4
08,04,2009,3.7
08,05,2009,30.0
08,06,2009,0.0
08,07,2009,0.0
08,08,2009,0.0
08,09,2009,0.0
08,10,2009,2.2
08,11,2009,0.0
08,12,2009,15.0
08,13,2009,7.7
08,14,2009,4.2
08,15,2009,16.7
08,16,2009,0.0
08,17,2009,15.0
08,18,2009,0.0
08,19,2009,20.0
08,20,2009,0.0
08,21,2009,10.0
08,22,2009,15.0
08,23,2009,0.0
08,24,2009,14.0
08,25,2009,7.5
08,26,2009,4.5
08,27,2009,0.0
08,28,2009,2.4
08,29,2009,3.5
08,30,2009,9.3
08,31,2009,0.0
09,01,2009,0.0
09,02,2009,0.0
09,03,2009,0.8
09,04,2009,25.5
09,05,2009,20.5
09,06,2009,0.2
09,07,2009,1.3
09,08,2009,2.7
09,09,2009,7.9
09,10,2009,5.5
09,11,2009,6.5
09,12,2009,25.0
09,13,2009,6.9
09,14,2009,15.9
09,15,2009,14.0
09,16,2009,2.3
09,17,2009,30.0
09,18,2009,16.5
09,19,2009,0.0
09,20,2009,0.0
09,21,2009,0.2
09,22,2009,0.0
09,23,2009,2.2
09,24,2009,0.0
09,25,2009,0.0
09,26,2009,0.0
09,27,2009,20.5
09,28,2009,20.0
09,29,2009,0.0
09,30,2009,0.0
10,01,2009,0.0
10,02,2009,4.7
10,03,2009,0.0
10,04,2009,0.0
10,05,2009,0.0
10,06,2009,4.5
10,07,2009,6.0
10,08,2009,10.0
10,09,2009,2.5
10,10,2009,15.0
10,11,2009,10.0
10,12,2009,5.2
10,13,2009,0.0
10,14,2009,12.0
10,15,2009,0.0
10,16,2009,2.3
10,17,2009,0.0
10,18,2009,0.0
10,19,2009,0.0
10,20,2009,0.0
10,21,2009,0.7
10,22,2009,3.2
10,23,2009,2.8
10,24,2009,4.3
10,25,2009,20.3
10,26,2009,3.5
10,27,2009,0.0
10,28,2009,0.0
10,29,2009,15.0
10,30,2009,18.0
10,31,2009,17.0
11,01,2009,0.0
11,02,2009,0.0
11,03,2009,0.0
11,04,2009,0.0
11,05,2009,0.0
11,06,2009,0.0
11,07,2009,0.0
11,08,2009,0.0
11,09,2009,0.0
11,10,2009,0.0
11,11,2009,0.0
11,12,2009,0.0
11,13,2009,0.0
11,14,2009,0.0
11,15,2009,0.0
11,16,2009,0.0
11,17,2009,0.0
11,18,2009,0.0
11,19,2009,0.0
11,20,2009,0.0
11,21,2009,0.0
11,22,2009,0.0
11,23,2009,0.0
11,24,2009,0.0
11,25,2009,0.0
11,26,2009,0.0
11,27,2009,0.0
11,28,2009,0.0
11,29,2009,0.0
11,30,2009,0.0
12,01,2009,0.0
12,02,2009,0.0
12,03,2009,0.0
12,04,2009,0.0
12,05,2009,0.0
12,06,2009,0.0
12,07,2009,0.0
12,08,2009,0.0
12,09,2009,0.0
12,10,2009,0.0
12,11,2009,0.0
12,12,2009,0.0
12,13,2009,0.0
12,14,2009,0.0
12,15,2009,0.0
12,16,2009,0.0
12,17,2009,0.0
12,18,2009,0.0
12,19,2009,0.0
12,20,2009,0.0
12,21,2009,0.0
12,22,2009,0.0
12,23,2009,0.0
12,24,2009,0.0
12,25,2009,0.0
12,26,2009,0.0
12,27,2009,0.0
12,28,2009,0.0
12,29,2009,0.0
12,30,2009,0.0
12,31,2009,0.0
01,01,2010,0.0
01,02,2010,0.0
01,03,2010,0.0
01,04,2010,0.0
01,05,2010,0.0
01,06,2010,0.0
01,07,2010,0.0
01,08,2010,2.0
01,09,2010,0.0
01,10,2010,0.0
01,11,2010,0.0
01,12,2010,0.0
01,13,2010,0.0
01,14,2010,0.0
01,15,2010,0.0
01,16,2010,0.0
01,17,2010,12.0
01,18,2010,0.2
01,19,2010,0.4
01,20,2010,0.0
01,21,2010,0.0
01,22,2010,0.0
01,23,2010,0.0
01,24,2010,0.0
01,25,2010,0.0
01,26,2010,0.0
01,27,2010,0.0
01,28,2010,0.0
01,29,2010,0.0
01,30,2010,0.0
01,31,2010,0.0
02,01,2010,1.2
02,02,2010,2.5
02,03,2010,3.0
02,04,2010,2.0
02,05,2010,0.0
02,06,2010,0.0
02,07,2010,0.0
02,08,2010,0.0
02,09,2010,0.0
02,10,2010,0.0
02,11,2010,0.0
02,12,2010,0.0
02,13,2010,0.0
02,14,2010,0.0
02,15,2010,0.0
02,16,2010,0.0
02,17,2010,0.0
02,18,2010,7.9
02,19,2010,0.0
02,20,2010,0.0
02,21,2010,0.0
02,22,2010,0.0
02,23,2010,0.0
02,24,2010,0.0
02,25,2010,0.0
02,26,2010,0.0
02,27,2010,0.0
02,28,2010,0.0
03,01,2010,0.0
03,02,2010,0.0
03,03,2010,0.0
03,04,2010,0.0
03,05,2010,0.0
03,06,2010,0.0
03,07,2010,0.0
03,08,2010,0.0
03,09,2010,0.0
03,10,2010,0.0
03,11,2010,0.0
03,12,2010,0.0
03,13,2010,0.0
03,14,2010,0.0
03,15,2010,0.0
03,16,2010,0.0
03,17,2010,1.0
03,18,2010,0.0
03,19,2010,0.0
03,20,2010,0.0
03,21,2010,0.0
03,22,2010,0.0
03,23,2010,0.0
03,24,2010,0.0
03,25,2010,0.0
03,26,2010,0.0
03,27,2010,0.0
03,28,2010,0.0
03,29,2010,0.0
03,30,2010,0.0
03,31,2010,0.0
04,01,2010,0.0
04,02,2010,0.0
04,03,2010,0.0
04,04,2010,0.0
04,05,2010,0.0
04,06,2010,0.0
04,07,2010,0.0
04,08,2010,0.0
04,09,2010,0.0
04,10,2010,0.0
04,11,2010,0.0
04,12,2010,0.0
04,13,2010,0.0
04,14,2010,0.0
04,15,2010,0.0
04,16,2010,0.0
04,17,2010,0.0
04,18,2010,0.0
04,19,2010,0.0
04,20,2010,0.0
04,21,2010,0.0
04,22,2010,0.0
04,23,2010,0.0
04,24,2010,0.0
04,25,2010,0.0
04,26,2010,0.0
04,27,2010,0.0
04,28,2010,0.0
04,29,2010,0.0
04,30,2010,0.0
05,01,2010,0.0
05,02,2010,0.0
05,03,2010,0.5
05,04,2010,0.0
05,05,2010,0.0
05,06,2010,0.0
05,07,2010,0.0
05,08,2010,2.0
05,09,2010,0.8
05,10,2010,2.3
05,11,2010,0.0
05,12,2010,0.0
05,13,2010,0.0
05,14,2010,0.0
05,15,2010,0.0
05,16,2010,0.0
05,17,2010,0.0
05,18,2010,0.0
05,19,2010,0.0
05,20,2010,0.0
05,21,2010,0.0
05,22,2010,0.0
05,23,2010,0.0
05,24,2010,0.2
05,25,2010,0.0
05,26,2010,0.3
05,27,2010,8.2
05,28,2010,20.0
05,29,2010,0.0
05,30,2010,0.0
05,31,2010,0.0
06,01,2010,0.0
06,02,2010,0.0
06,03,2010,0.0
06,04,2010,0.0
06,05,2010,2.0
06,06,2010,3.0
06,07,2010,0.0
06,08,2010,3.0
06,09,2010,0.0
06,10,2010,0.0
06,11,2010,0.0
06,12,2010,3.0
06,13,2010,2.5
06,14,2010,0.0
06,15,2010,22.5
06,16,2010,30.0
06,17,2010,0.0
06,18,2010,20.0
06,19,2010,0.0
06,20,2010,0.0
06,21,2010,2.9
06,22,2010,0.0
06,23,2010,0.0
06,24,2010,0.0
06,25,2010,0.0
06,26,2010,0.0
06,27,2010,0.0
06,28,2010,0.0
06,29,2010,6.0
06,30,2010,0.0
07,01,2010,0.0
07,02,2010,20.0
07,03,2010,5.2
07,04,2010,10.0
07,05,2010,1.0
07,06,2010,42.8
07,07,2010,20.0
07,08,2010,46.3
07,09,2010,2.3
07,10,2010,8.5
07,11,2010,12.5
07,12,2010,1.0
07,13,2010,2.0
07,14,2010,5.8
07,15,2010,1.0
07,16,2010,0.0
07,17,2010,0.0
07,18,2010,4.2
07,19,2010,8.2
07,20,2010,29.0
07,21,2010,0.0
07,22,2010,4.4
07,23,2010,0.0
07,24,2010,10.5
07,25,2010,13.4
07,26,2010,1.0
07,27,2010,9.1
07,28,2010,64.6
07,29,2010,0.0
07,30,2010,7.4
07,31,2010,0.0
08,01,2010,0.0
08,02,2010,3.5
08,03,2010,5.9
08,04,2010,8.6
08,05,2010,14.5
08,06,2010,5.7
08,07,2010,5.2
08,08,2010,20.9
08,09,2010,9.5
08,10,2010,8.1
08,11,2010,6.2
08,12,2010,5.6
08,13,2010,0.0
08,14,2010,8.5
08,15,2010,13.5
08,16,2010,35.0
08,17,2010,19.0
08,18,2010,2.5
08,19,2010,22.0
08,20,2010,5.4
08,21,2010,7.3
08,22,2010,7.9
08,23,2010,2.2
08,24,2010,12.3
08,25,2010,6.2
08,26,2010,20.0
08,27,2010,9.3
08,28,2010,3.0
08,29,2010,1.2
08,30,2010,2.0
08,31,2010,8.2
09,01,2010,2.5
09,02,2010,20.0
09,03,2010,5.2
09,04,2010,3.8
09,05,2010,16.3
09,06,2010,2.0
09,07,2010,2.5
09,08,2010,0.0
09,09,2010,5.3
09,10,2010,10.8
09,11,2010,1.3
09,12,2010,0.0
09,13,2010,0.0
09,14,2010,0.0
09,15,2010,0.0
09,16,2010,0.0
09,17,2010,3.5
09,18,2010,2.8
09,19,2010,2.6
09,20,2010,1.8
09,21,2010,3.0
09,22,2010,9.8
09,23,2010,0.0
09,24,2010,7.5
09,25,2010,0.0
09,26,2010,1.2
09,27,2010,4.2
09,28,2010,0.0
09,29,2010,0.0
09,30,2010,0.0
10,01,2010,0.0
10,02,2010,0.0
10,03,2010,0.0
10,04,2010,0.0
10,05,2010,0.0
10,06,2010,0.0
10,07,2010,0.0
10,08,2010,0.0
10,09,2010,0.0
10,10,2010,0.0
10,11,2010,0.0
10,12,2010,0.0
10,13,2010,0.0
10,14,2010,0.0
10,15,2010,0.0
10,16,2010,0.0
10,17,2010,0.0
10,18,2010,0.0
10,19,2010,0.0
10,20,2010,0.0
10,21,2010,0.0
10,22,2010,0.0
10,23,2010,0.0
10,24,2010,0.0
10,25,2010,0.0
10,26,2010,0.0
10,27,2010,0.0
10,28,2010,0.0
10,29,2010,0.0
10,30,2010,0.0
10,31,2010,0.0
11,01,2010,0.0
11,02,2010,0.0
11,03,2010,0.5
11,04,2010,0.0
11,05,2010,0.0
11,06,2010,0.0
11,07,2010,0.0
11,08,2010,0.0
11,09,2010,0.0
11,10,2010,0.0
11,11,2010,0.0
11,12,2010,0.0
11,13,2010,0.0
11,14,2010,0.0
11,15,2010,0.0
11,16,2010,0.0
11,17,2010,0.0
11,18,2010,0.0
11,19,2010,0.0
11,20,2010,0.0
11,21,2010,0.0
11,22,2010,0.0
11,23,2010,0.0
11,24,2010,0.0
11,25,2010,0.0
11,26,2010,0.0
11,27,2010,0.0
11,28,2010,0.0
11,29,2010,0.0
11,30,2010,0.0
12,01,2010,0.0
12,02,2010,0.0
12,03,2010,0.0
12,04,2010,0.0
12,05,2010,0.0
12,06,2010,0.0
12,07,2010,0.0
12,08,2010,0.0
12,09,2010,0.0
12,10,2010,0.0
12,11,2010,0.0
12,12,2010,0.0
12,13,2010,0.0
12,14,2010,0.0
12,15,2010,0.0
12,16,2010,0.0
12,17,2010,0.0
12,18,2010,0.0
12,19,2010,0.0
12,20,2010,0.0
12,21,2010,0.0
12,22,2010,0.0
12,23,2010,0.0
12,24,2010,0.0
12,25,2010,0.0
12,26,2010,0.0
12,27,2010,0.0
12,28,2010,0.0
12,29,2010,0.0
12,30,2010,0.0
12,31,2010,0.0
01,01,2011,0.0
01,02,2011,0.0
01,03,2011,0.0
01,04,2011,0.0
01,05,2011,0.0
01,06,2011,0.0
01,07,2011,0.0
01,08,2011,0.0
01,09,2011,0.0
01,10,2011,0.0
01,11,2011,0.0
01,12,2011,0.0
01,13,2011,0.0
01,14,2011,0.0
01,15,2011,0.0
01,16,2011,0.0
01,17,2011,0.0
01,18,2011,0.0
01,19,2011,0.0
01,20,2011,0.0
01,21,2011,0.0
01,22,2011,0.0
01,23,2011,0.0
01,24,2011,0.0
01,25,2011,0.0
01,26,2011,0.0
01,27,2011,0.0
01,28,2011,0.0
01,29,2011,0.0
01,30,2011,0.0
01,31,2011,0.0
02,01,2011,0.0
02,02,2011,0.0
02,03,2011,0.0
02,04,2011,0.0
02,05,2011,0.0
02,06,2011,0.0
02,07,2011,0.0
02,08,2011,0.0
02,09,2011,0.0
02,10,2011,0.0
02,11,2011,0.0
02,12,2011,0.0
02,13,2011,0.0
02,14,2011,0.0
02,15,2011,0.0
02,16,2011,0.0
02,17,2011,0.0
02,18,2011,0.0
02,19,2011,0.0
02,20,2011,0.5
02,21,2011,0.0
02,22,2011,0.0
02,23,2011,0.0
02,24,2011,0.0
02,25,2011,0.0
02,26,2011,0.0
02,27,2011,0.0
02,28,2011,0.0
03,01,2011,0.0
03,02,2011,0.0
03,03,2011,0.0
03,04,2011,0.0
03,05,2011,0.0
03,06,2011,0.0
03,07,2011,0.0
03,08,2011,0.0
03,09,2011,0.0
03,10,2011,0.0
03,11,2011,0.0
03,12,2011,0.0
03,13,2011,0.0
03,14,2011,0.0
03,15,2011,0.0
03,16,2011,0.0
03,17,2011,0.0
03,18,2011,0.0
03,19,2011,0.0
03,20,2011,0.0
03,21,2011,0.0
03,22,2011,0.0
03,23,2011,0.0
03,24,2011,0.0
03,25,2011,0.0
03,26,2011,0.0
03,27,2011,0.0
03,28,2011,0.0
03,29,2011,0.0
03,30,2011,0.0
03,31,2011,0.0
04,01,2011,0.0
04,02,2011,0.0
04,03,2011,0.0
04,04,2011,0.0
04,05,2011,0.0
04,06,2011,0.0
04,07,2011,0.0
04,08,2011,0.0
04,09,2011,0.0
04,10,2011,0.0
04,11,2011,0.0
04,12,2011,0.0
04,13,2011,0.0
04,14,2011,0.0
04,15,2011,0.0
04,16,2011,4.5
04,17,2011,2.7
04,18,2011,8.1
04,19,2011,0.0
04,20,2011,0.0
04,21,2011,0.0
04,22,2011,0.0
04,23,2011,0.0
04,24,2011,0.0
04,25,2011,0.0
04,26,2011,0.0
04,27,2011,0.0
04,28,2011,0.0
04,29,2011,0.0
04,30,2011,0.0
05,01,2011,8.5
05,02,2011,0.0
05,03,2011,0.0
05,04,2011,0.0
05,05,2011,0.0
05,06,2011,0.0
05,07,2011,0.0
05,08,2011,0.0
05,09,2011,2.5
05,10,2011,0.0
05,11,2011,0.0
05,12,2011,0.0
05,13,2011,0.0
05,14,2011,0.0
05,15,2011,34.1
05,16,2011,20.2
05,17,2011,20.1
05,18,2011,3.2
05,19,2011,5.5
05,20,2011,0.0
05,21,2011,7.6
05,22,2011,0.0
05,23,2011,0.0
05,24,2011,0.0
05,25,2011,0.0
05,26,2011,0.0
05,27,2011,0.0
05,28,2011,0.5
05,29,2011,0.0
05,30,2011,0.0
05,31,2011,0.0
06,01,2011,0.0
06,02,2011,0.0
06,03,2011,0.0
06,04,2011,0.0
06,05,2011,0.0
06,06,2011,0.0
06,07,2011,0.0
06,08,2011,0.0
06,09,2011,1.0
06,10,2011,40.0
06,11,2011,2.0
06,12,2011,0.0
06,13,2011,5.0
06,14,2011,20.0
06,15,2011,1.0
06,16,2011,6.2
06,17,2011,10.0
06,18,2011,8.0
06,19,2011,0.5
06,20,2011,11.3
06,21,2011,2.9
06,22,2011,10.2
06,23,2011,0.9
06,24,2011,2.5
06,25,2011,2.5
06,26,2011,10.5
06,27,2011,10.0
06,28,2011,0.0
06,29,2011,20.0
06,30,2011,0.0
07,01,2011,4.2
07,02,2011,0.0
07,03,2011,0.0
07,04,2011,0.0
07,05,2011,0.0
07,06,2011,1.2
07,07,2011,2.2
07,08,2011,6.0
07,09,2011,0.0
07,10,2011,6.3
07,11,2011,4.2
07,12,2011,0.7
07,13,2011,15.0
07,14,2011,14.4
07,15,2011,14.9
07,16,2011,8.5
07,17,2011,0.5
07,18,2011,0.0
07,19,2011,13.3
07,20,2011,0.0
07,21,2011,0.5
07,22,2011,0.0
07,23,2011,28.5
07,24,2011,0.0
07,25,2011,53.0
07,26,2011,0.0
07,27,2011,8.9
07,28,2011,0.0
07,29,2011,16.3
07,30,2011,4.3
07,31,2011,0.0
08,01,2011,0.0
08,02,2011,5.8
08,03,2011,15.2
08,04,2011,8.3
08,05,2011,12.3
08,06,2011,0.0
08,07,2011,0.0
08,08,2011,0.0
08,09,2011,4.3
08,10,2011,0.0
08,11,2011,0.0
08,12,2011,0.0
08,13,2011,0.0
08,14,2011,0.0
08,15,2011,11.5
08,16,2011,6.5
08,17,2011,0.0
08,18,2011,3.2
08,19,2011,0.0
08,20,2011,0.0
08,21,2011,30.0
08,22,2011,20.0
08,23,2011,25.5
08,24,2011,15.8
08,25,2011,34.3
08,26,2011,20.5
08,27,2011,15.8
08,28,2011,30.3
08,29,2011,20.0
08,30,2011,0.0
08,31,2011,0.0
09,01,2011,3.0
09,02,2011,1.5
09,03,2011,0.0
09,04,2011,0.0
09,05,2011,0.0
09,06,2011,10.5
09,07,2011,1.3
09,08,2011,0.0
09,09,2011,0.0
09,10,2011,6.3
09,11,2011,5.2
09,12,2011,0.0
09,13,2011,0.0
09,14,2011,0.0
09,15,2011,0.0
09,16,2011,0.0
09,17,2011,20.0
09,18,2011,5.5
09,19,2011,0.0
09,20,2011,0.0
09,21,2011,0.0
09,22,2011,3.2
09,23,2011,0.0
09,24,2011,0.0
09,25,2011,8.3
09,26,2011,0.0
09,27,2011,0.0
09,28,2011,20.0
09,29,2011,0.0
09,30,2011,40.0
10,01,2011,0.0
10,02,2011,0.0
10,03,2011,0.0
10,04,2011,0.0
10,05,2011,0.0
10,06,2011,0.0
10,07,2011,0.0
10,08,2011,0.0
10,09,2011,0.0
10,10,2011,0.0
10,11,2011,0.0
10,12,2011,0.0
10,13,2011,0.0
10,14,2011,23.0
10,15,2011,0.0
10,16,2011,0.0
10,17,2011,0.0
10,18,2011,0.0
10,19,2011,0.0
10,20,2011,0.0
10,21,2011,0.0
10,22,2011,0.0
10,23,2011,0.0
10,24,2011,0.0
10,25,2011,0.0
10,26,2011,0.0
10,27,2011,0.0
10,28,2011,0.0
10,29,2011,0.0
10,30,2011,0.0
10,31,2011,0.0
11,01,2011,0.0
11,02,2011,0.0
11,03,2011,0.0
11,04,2011,0.0
11,05,2011,0.0
11,06,2011,0.0
11,07,2011,0.0
11,08,2011,0.0
11,09,2011,25.5
11,10,2011,0.0
11,11,2011,0.0
11,12,2011,0.0
11,13,2011,0.0
11,14,2011,0.0
11,15,2011,0.0
11,16,2011,0.0
11,17,2011,0.0
11,18,2011,0.0
11,19,2011,0.0
11,20,2011,0.0
11,21,2011,0.0
11,22,2011,0.0
11,23,2011,0.0
11,24,2011,0.0
11,25,2011,0.0
11,26,2011,0.0
11,27,2011,0.0
11,28,2011,0.0
11,29,2011,0.0
11,30,2011,0.0
12,01,2011,null
12,02,2011,null
12,03,2011,null
12,04,2011,null
12,05,2011,null
12,06,2011,null
12,07,2011,null
12,08,2011,null
12,09,2011,null
12,10,2011,null
12,11,2011,null
12,12,2011,null
12,13,2011,null
12,14,2011,null
12,15,2011,null
12,16,2011,null
12,17,2011,null
12,18,2011,null
12,19,2011,null
12,20,2011,null
12,21,2011,null
12,22,2011,null
12,23,2011,null
12,24,2011,null
12,25,2011,null
12,26,2011,null
12,27,2011,null
12,28,2011,null
12,29,2011,null
12,30,2011,null
12,31,2011,null
01,01,2012,null
01,02,2012,null
01,03,2012,null
01,04,2012,null
01,05,2012,null
01,06,2012,null
01,07,2012,null
01,08,2012,null
01,09,2012,null
01,10,2012,null
01,11,2012,null
01,12,2012,null
01,13,2012,null
01,14,2012,null
01,15,2012,null
01,16,2012,null
01,17,2012,null
01,18,2012,null
01,19,2012,null
01,20,2012,null
01,21,2012,null
01,22,2012,null
01,23,2012,null
01,24,2012,null
01,25,2012,null
01,26,2012,null
01,27,2012,null
01,28,2012,null
01,29,2012,null
01,30,2012,null
01,31,2012,null
02,01,2012,null
02,02,2012,null
02,03,2012,null
02,04,2012,null
02,05,2012,null
02,06,2012,null
02,07,2012,null
02,08,2012,null
02,09,2012,null
02,10,2012,null
02,11,2012,null
02,12,2012,null
02,13,2012,null
02,14,2012,null
02,15,2012,null
02,16,2012,null
02,17,2012,null
02,18,2012,null
02,19,2012,null
02,20,2012,null
02,21,2012,null
02,22,2012,null
02,23,2012,null
02,24,2012,null
02,25,2012,null
02,26,2012,null
02,27,2012,null
02,28,2012,null
02,29,2012,null
03,01,2012,0.0
03,02,2012,0.0
03,03,2012,0.0
03,04,2012,0.0
03,05,2012,0.0
03,06,2012,0.0
03,07,2012,0.0
03,08,2012,0.0
03,09,2012,0.0
03,10,2012,0.0
03,11,2012,0.0
03,12,2012,0.0
03,13,2012,0.0
03,14,2012,0.0
03,15,2012,0.0
03,16,2012,0.0
03,17,2012,0.0
03,18,2012,0.0
03,19,2012,0.0
03,20,2012,0.0
03,21,2012,0.0
03,22,2012,0.0
03,23,2012,1.0
03,24,2012,3.2
03,25,2012,0.0
03,26,2012,0.0
03,27,2012,0.0
03,28,2012,0.3
03,29,2012,0.0
03,30,2012,null
03,31,2012,null
04,01,2012,0.0
04,02,2012,0.0
04,03,2012,0.0
04,04,2012,0.0
04,05,2012,0.0
04,06,2012,0.0
04,07,2012,0.0
04,08,2012,0.0
04,09,2012,1.5
04,10,2012,0.0
04,11,2012,2.5
04,12,2012,0.0
04,13,2012,0.0
04,14,2012,0.0
04,15,2012,0.0
04,16,2012,0.0
04,17,2012,0.0
04,18,2012,0.0
04,19,2012,0.0
04,20,2012,0.0
04,21,2012,0.0
04,22,2012,0.0
04,23,2012,0.0
04,24,2012,0.0
04,25,2012,0.0
04,26,2012,0.0
04,27,2012,0.0
04,28,2012,0.0
04,29,2012,0.0
04,30,2012,0.0
05,01,2012,0.0
05,02,2012,0.0
05,03,2012,0.0
05,04,2012,0.0
05,05,2012,3.0
05,06,2012,0.0
05,07,2012,0.0
05,08,2012,2.5
05,09,2012,0.0
05,10,2012,2.0
05,11,2012,9.0
05,12,2012,27.0
05,13,2012,0.0
05,14,2012,1.5
05,15,2012,2.3
05,16,2012,0.0
05,17,2012,7.2
05,18,2012,0.0
05,19,2012,0.0
05,20,2012,0.0
05,21,2012,0.0
05,22,2012,0.0
05,23,2012,0.0
05,24,2012,3.5
05,25,2012,0.0
05,26,2012,0.0
05,27,2012,3.5
05,28,2012,0.0
05,29,2012,0.0
05,30,2012,0.0
05,31,2012,0.0
06,01,2012,0.0
06,02,2012,0.0
06,03,2012,0.0
06,04,2012,0.0
06,05,2012,2.3
06,06,2012,5.5
06,07,2012,0.0
06,08,2012,2.2
06,09,2012,0.0
06,10,2012,0.0
06,11,2012,2.2
06,12,2012,0.0
06,13,2012,0.0
06,14,2012,0.0
06,15,2012,28.5
06,16,2012,5.2
06,17,2012,20.3
06,18,2012,23.5
06,19,2012,20.0
06,20,2012,0.0
06,21,2012,0.7
06,22,2012,17.0
06,23,2012,5.0
06,24,2012,20.0
06,25,2012,5.0
06,26,2012,15.0
06,27,2012,0.0
06,28,2012,35.0
06,29,2012,22.0
06,30,2012,35.0
07,01,2012,8.3
07,02,2012,15.5
07,03,2012,10.3
07,04,2012,23.5
07,05,2012,0.0
07,06,2012,0.0
07,07,2012,0.0
07,08,2012,5.3
07,09,2012,7.3
07,10,2012,1.6
07,11,2012,1.5
07,12,2012,9.5
07,13,2012,0.9
07,14,2012,18.0
07,15,2012,20.5
07,16,2012,1.0
07,17,2012,20.0
07,18,2012,10.0
07,19,2012,13.0
07,20,2012,0.0
07,21,2012,0.0
07,22,2012,0.0
07,23,2012,6.3
07,24,2012,4.8
07,25,2012,10.1
07,26,2012,12.6
07,27,2012,12.2
07,28,2012,0.0
07,29,2012,null
07,30,2012,null
07,31,2012,null
08,01,2012,0.0
08,02,2012,20.0
08,03,2012,37.5
08,04,2012,7.4
08,05,2012,0.5
08,06,2012,0.0
08,07,2012,5.3
08,08,2012,0.0
08,09,2012,6.4
08,10,2012,1.3
08,11,2012,5.9
08,12,2012,5.0
08,13,2012,8.5
08,14,2012,0.0
08,15,2012,0.0
08,16,2012,2.1
08,17,2012,0.0
08,18,2012,0.0
08,19,2012,8.3
08,20,2012,10.3
08,21,2012,5.5
08,22,2012,0.0
08,23,2012,8.1
08,24,2012,1.0
08,25,2012,13.5
08,26,2012,0.0
08,27,2012,0.0
08,28,2012,0.0
08,29,2012,4.0
08,30,2012,15.5
08,31,2012,20.0
09,01,2012,3.0
09,02,2012,1.5
09,03,2012,0.0
09,04,2012,0.0
09,05,2012,0.0
09,06,2012,10.5
09,07,2012,1.3
09,08,2012,0.0
09,09,2012,0.0
09,10,2012,6.3
09,11,2012,5.2
09,12,2012,0.0
09,13,2012,0.0
09,14,2012,0.0
09,15,2012,0.0
09,16,2012,0.0
09,17,2012,20.0
09,18,2012,5.5
09,19,2012,0.0
09,20,2012,0.0
09,21,2012,0.0
09,22,2012,3.2
09,23,2012,0.0
09,24,2012,0.0
09,25,2012,8.3
09,26,2012,0.0
09,27,2012,0.0
09,28,2012,20.0
09,29,2012,0.0
09,30,2012,40.0
10,01,2012,15.1
10,02,2012,2.0
10,03,2012,0.0
10,04,2012,0.0
10,05,2012,0.0
10,06,2012,0.0
10,07,2012,0.0
10,08,2012,0.0
10,09,2012,0.0
10,10,2012,0.0
10,11,2012,0.0
10,12,2012,0.0
10,13,2012,0.0
10,14,2012,0.0
10,15,2012,0.0
10,16,2012,0.0
10,17,2012,0.0
10,18,2012,0.0
10,19,2012,0.0
10,20,2012,0.0
10,21,2012,0.0
10,22,2012,0.0
10,23,2012,0.0
10,24,2012,0.0
10,25,2012,0.0
10,26,2012,0.0
10,27,2012,0.0
10,28,2012,0.0
10,29,2012,0.0
10,30,2012,0.0
10,31,2012,2.5
11,01,2012,0.0
11,02,2012,0.0
11,03,2012,2.0
11,04,2012,0.0
11,05,2012,0.0
11,06,2012,0.0
11,07,2012,0.0
11,08,2012,0.0
11,09,2012,0.0
11,10,2012,0.0
11,11,2012,0.0
11,12,2012,0.0
11,13,2012,0.0
11,14,2012,0.0
11,15,2012,0.0
11,16,2012,0.0
11,17,2012,0.0
11,18,2012,0.0
11,19,2012,0.0
11,20,2012,0.0
11,21,2012,0.0
11,22,2012,0.0
11,23,2012,0.0
11,24,2012,0.0
11,25,2012,0.0
11,26,2012,0.0
11,27,2012,0.0
11,28,2012,0.0
11,29,2012,0.0
11,30,2012,0.0
